0.008008307275287853   0.0
0.009035776631630257   0.0005
0.010122499298138193   0.001
0.010826910142311002   0.0015
0.01107025589706936   0.002
0.011818129629884405   0.0025
0.011860444804453169   0.003
0.011863504743653157   0.0035
0.012067009354949502   0.004
0.012637372200044517   0.0045
0.012701336721413837   0.005
0.012922625081159291   0.0055
0.012975904144488905   0.006
0.013069339381654508   0.0065
0.013144352496583387   0.007
0.013149789079724108   0.0075
0.013161904846500667   0.008
0.013264611684846864   0.0085
0.0133291026328731   0.009
0.013425932803928443   0.0095
0.013513323976929295   0.01
0.013592784180123175   0.0105
0.013612884367181463   0.011
0.013691428662339076   0.0115
0.013695924376557984   0.012
0.013735133445137895   0.0125
0.013744635182111957   0.013
0.013752713270673294   0.0135
0.013861348829735639   0.014
0.0138831127754205   0.0145
0.0139211632572727   0.015
0.014002547512900141   0.0155
0.014030275527739113   0.016
0.01408534099158369   0.0165
0.014124303340820769   0.017
0.014164587050905187   0.0175
0.014175445854736457   0.018
0.014235737182274387   0.0185
0.014244282690230021   0.019
0.014273158833156626   0.0195
0.014275855263540286   0.02
0.014291615961317545   0.0205
0.014316877605724   0.021
0.0143708325947285   0.0215
0.014531835393136879   0.022
0.01469034483092839   0.0225
0.014704747711455801   0.023
0.01481130562137362   0.0235
0.014820411978073529   0.024
0.014985306396883821   0.0245
0.01501586029266288   0.025
0.015060300757223737   0.0255
0.0150713080932914   0.026
0.01515459546058528   0.0265
0.0151578561515338   0.027
0.01527339483048896   0.0275
0.015472797199167417   0.028
0.015481450190735234   0.0285
0.015560297159795294   0.029
0.015633788087953168   0.0295
0.01563901001213062   0.03
0.01573846640213777   0.0305
0.015743485128425154   0.031
0.015754867809555373   0.0315
0.015861796497728113   0.032
0.015872662362110438   0.0325
0.015889316552796642   0.033
0.01597418503703733   0.0335
0.016002683773298384   0.034
0.016012506643045495   0.0345
0.016029213460342518   0.035
0.0160487423539259   0.0355
0.01609119591063665   0.036
0.016100252833115034   0.0365
0.016103482093629946   0.037
0.01610464531198808   0.0375
0.016166184249372037   0.038
0.016189078293370514   0.0385
0.016249229230258205   0.039
0.016343852966527524   0.0395
0.0163809334571362   0.04
0.016448055599868262   0.0405
0.01645129001508232   0.041
0.01646543724142597   0.0415
0.016500327143056787   0.042
0.016541398571629524   0.0425
0.016561915361541942   0.043
0.01656901995403883   0.0435
0.016636810091841998   0.044
0.016640536708162335   0.0445
0.01669991860831968   0.045
0.01670474069150038   0.0455
0.016719223203794372   0.046
0.0167434110160695   0.0465
0.01683430545808577   0.047
0.016860348382261938   0.0475
0.01687294557564828   0.048
0.016889759662850074   0.0485
0.016897653121860062   0.049
0.016909650652828415   0.0495
0.016944212595543892   0.05
0.016964857913275302   0.0505
0.01696703011954032   0.051
0.016989332278550463   0.0515
0.017026680641842467   0.052
0.017056167514862282   0.0525
0.017098866775002136   0.053
0.017136456179497633   0.0535
0.017161881026874725   0.054
0.017223697216422862   0.0545
0.01726018347788391   0.055
0.017276766895736883   0.0555
0.017302269346312765   0.056
0.01733744598298124   0.0565
0.017392168393324137   0.057
0.017408342731546584   0.0575
0.017429908243581902   0.058
0.01743404514983645   0.0585
0.017474541328276052   0.059
0.017483720438348043   0.0595
0.017501020473561824   0.06
0.017518454807122306   0.0605
0.017555535199664563   0.061
0.017606868292794925   0.0615
0.01765511753431687   0.062
0.017663524388893827   0.0625
0.017680688186303924   0.063
0.01769105590086239   0.0635
0.01770373219734172   0.064
0.01776961521109768   0.0645
0.01780400476770237   0.065
0.017831784949578766   0.0655
0.017875482727896075   0.066
0.017881080301157273   0.0665
0.017882794991163433   0.067
0.01795558654748532   0.0675
0.01795971192751374   0.068
0.01796170560361034   0.0685
0.018034673847296425   0.069
0.018036394721533705   0.0695
0.01810113637706568   0.07
0.01812357271468563   0.0705
0.018131778470640913   0.071
0.018134908916322776   0.0715
0.01815282938216046   0.072
0.018176721006941305   0.0725
0.018189378298939053   0.073
0.01819381107004413   0.0735
0.01823700558047523   0.074
0.018246696207354918   0.0745
0.0182962369186807   0.075
0.01833992653314824   0.0755
0.018365957347167977   0.076
0.01839327537844391   0.0765
0.018394089287611118   0.077
0.018413842864679272   0.0775
0.0184294699109294   0.078
0.0184404575790543   0.0785
0.018467244693305084   0.079
0.01847596701880482   0.0795
0.01849237020879874   0.08
0.018510474183818727   0.0805
0.01852495816036048   0.081
0.018530118086093023   0.0815
0.018538399099345324   0.082
0.0185419794045175   0.0825
0.01854556069371118   0.083
0.018622506418691516   0.0835
0.01865968818219828   0.084
0.01868319829124578   0.0845
0.018686868380258584   0.085
0.018731700306767664   0.0855
0.01873359959688454   0.086
0.01874119133046376   0.0865
0.018776262062673806   0.087
0.01880186810341738   0.0875
0.01880334538107889   0.088
0.018818139855863295   0.0885
0.01890892870924135   0.089
0.018987774077856356   0.0895
0.019022864462945748   0.09
0.0190311893943431   0.0905
0.01906835095139306   0.091
0.01908629443420829   0.0915
0.019099330264832456   0.092
0.01912919735276591   0.0925
0.019144991035483946   0.093
0.019180020623630074   0.0935
0.019181901801232658   0.094
0.019198017956524108   0.0945
0.019249717054798582   0.095
0.019257301547112433   0.0955
0.019264080504964864   0.096
0.01929993104969997   0.0965
0.01930457961916749   0.097
0.01930511438480032   0.0975
0.019313697146403606   0.098
0.019319046139363007   0.0985
0.019335947116475665   0.099
0.019353458681727626   0.0995
0.019354798410276486   0.1
0.019368759107084996   0.1005
0.019371286515542863   0.101
0.019374626034974172   0.1015
0.01938494825051906   0.102
0.01942131641268331   0.1025
0.019428592413260042   0.103
0.019452072386730444   0.1035
0.019470468594178645   0.104
0.01947354517204276   0.1045
0.019492195284991985   0.105
0.01949309742000723   0.1055
0.01950786591621372   0.106
0.019510021943136842   0.1065
0.01952208185550081   0.107
0.019526932877781532   0.1075
0.01955438015945043   0.108
0.019560968102186507   0.1085
0.01956909917720324   0.109
0.01957142156153361   0.1095
0.01957818645156612   0.11
0.019582485170652073   0.1105
0.019594636162682637   0.111
0.01959676045352731   0.1115
0.01959725349587699   0.112
0.019597602031945143   0.1125
0.019611203224762022   0.113
0.019634877570224894   0.1135
0.019643341101666118   0.114
0.019649157200098646   0.1145
0.019671286976897545   0.115
0.019677914109181027   0.1155
0.019687761916321746   0.116
0.019707503733923697   0.1165
0.01970960495123377   0.117
0.01972602435350936   0.1175
0.01973977865424567   0.118
0.01976027323777152   0.1185
0.019775342750910294   0.119
0.0197833720356298   0.1195
0.019785492094959382   0.12
0.019830177896930028   0.1205
0.019848902085482463   0.121
0.019857494458906062   0.1215
0.019872047656012626   0.122
0.01989406300782116   0.1225
0.019896909378755212   0.123
0.019898701786116173   0.1235
0.0199056000675489   0.124
0.019914313039233064   0.1245
0.019926991160687687   0.125
0.01993232960372056   0.1255
0.019946048580930745   0.126
0.019963928101852418   0.1265
0.019990302324196574   0.127
0.01999135821490467   0.1275
0.020025380671759137   0.128
0.020041215848305705   0.1285
0.020059409151028246   0.129
0.020065515119225035   0.1295
0.02008278874172293   0.13
0.02010732316112245   0.1305
0.02013175984453184   0.131
0.020136555415883994   0.1315
0.02015451617218375   0.132
0.020164104240390363   0.1325
0.02019579381421028   0.133
0.020207971441599158   0.1335
0.02021237675804532   0.134
0.020217008866262234   0.1345
0.0202193424646594   0.135
0.020279900306865845   0.1355
0.020321998193489833   0.136
0.020330580798026684   0.1365
0.020340471610645134   0.137
0.020354293390783935   0.1375
0.0203613027674367   0.138
0.020372433270484186   0.1385
0.02040265790878792   0.139
0.020412738740319507   0.1395
0.020424054177699304   0.14
0.020437161804533192   0.1405
0.02043912171678055   0.141
0.020456352472467985   0.1415
0.02050030653211019   0.142
0.020502574734624815   0.1425
0.02051932995233058   0.143
0.020519347395132344   0.1435
0.020525634087531705   0.144
0.02054742096314408   0.1445
0.020552330635312636   0.145
0.020555623017048906   0.1455
0.020560372755000767   0.146
0.020585933805236576   0.1465
0.02058990358029811   0.147
0.020604347377134333   0.1475
0.020604851031030273   0.148
0.020612815044060238   0.1485
0.020613002578435437   0.149
0.02062599835189573   0.1495
0.020641641219857253   0.15
0.020658852588374587   0.1505
0.020660284679241206   0.151
0.02067126500304428   0.1515
0.020712764996765873   0.152
0.020714758659540776   0.1525
0.02075722022383361   0.153
0.020766577249641965   0.1535
0.020778446288351394   0.154
0.020803765257268486   0.1545
0.020810193297846082   0.155
0.02081356144093917   0.1555
0.020835032820083862   0.156
0.0208395675138696   0.1565
0.020849729331919795   0.157
0.020912450309660685   0.1575
0.020923317053947198   0.158
0.020933153325284903   0.1585
0.020940302861843053   0.159
0.020941753479316615   0.1595
0.020947529658132128   0.16
0.020953412700251986   0.1605
0.02097511088188612   0.161
0.020990720253269594   0.1615
0.02099957624809534   0.162
0.021007107293067054   0.1625
0.02101791220365289   0.163
0.021021898939757942   0.1635
0.02104653039558009   0.164
0.02105348427335607   0.1645
0.021093448749254215   0.165
0.02110863928250035   0.1655
0.021112566375260457   0.166
0.02111764750016493   0.1665
0.021130861636416032   0.167
0.021167441167303947   0.1675
0.021187798042676616   0.168
0.021198158981032365   0.1685
0.021209778139665455   0.169
0.021221530432552517   0.1695
0.021259004803071666   0.17
0.02127181054302989   0.1705
0.021295694222554378   0.171
0.02129877077453333   0.1715
0.021326220208646215   0.172
0.021338976337363362   0.1725
0.02134228280719847   0.173
0.021378357715691212   0.1735
0.021385161994556996   0.174
0.02139696067680318   0.1745
0.021397504233083547   0.175
0.02140506993074626   0.1755
0.02142024130877297   0.176
0.0214338277397654   0.1765
0.02147038522882448   0.177
0.021495333420868554   0.1775
0.02151199018383105   0.178
0.021519008873042905   0.1785
0.021528600429885875   0.179
0.021533437580291935   0.1795
0.02154037431791495   0.18
0.021566439042623946   0.1805
0.021568415455764312   0.181
0.021576935930562372   0.1815
0.021595124411280933   0.182
0.02159632956402942   0.1825
0.02160552005399546   0.183
0.021623249315936805   0.1835
0.021627775052061936   0.184
0.021638331560792326   0.1845
0.021642069071559075   0.185
0.021684084866292766   0.1855
0.021705769526562266   0.186
0.021747117413108252   0.1865
0.02175023028775387   0.187
0.021752254253717334   0.1875
0.02175916120132243   0.188
0.02176946005736742   0.1885
0.021807203662394907   0.189
0.021807759877326992   0.1895
0.0218113587860466   0.19
0.021833896706282736   0.1905
0.021837606276348526   0.191
0.02183919434677277   0.1915
0.02184801446257606   0.192
0.021862194262884476   0.1925
0.02187871399199132   0.193
0.021881732990069094   0.1935
0.021887010284004763   0.194
0.02190127090621694   0.1945
0.02193133960891954   0.195
0.021959017864399785   0.1955
0.021973269914107214   0.196
0.021984662766301843   0.1965
0.02198847118863189   0.197
0.022025639249178518   0.1975
0.022047075506190564   0.198
0.022055457742235367   0.1985
0.02205636376001349   0.199
0.02208565954891799   0.1995
0.022088574848797102   0.2
0.022094539302564737   0.2005
0.02210773313237353   0.201
0.02211557007574865   0.2015
0.022140857217737373   0.202
0.022144473874107368   0.2025
0.02215153200332038   0.203
0.02215436133442589   0.2035
0.022156459338180057   0.204
0.02216363032931753   0.2045
0.02216774596026565   0.205
0.022171645199324127   0.2055
0.02221954119251212   0.206
0.022234037882607013   0.2065
0.02230819105177291   0.207
0.022308414665370004   0.2075
0.022338536435986402   0.208
0.02235220315709986   0.2085
0.022377832663527525   0.209
0.022381064393077927   0.2095
0.02240878515715662   0.21
0.02243040461905993   0.2105
0.0224457445424821   0.211
0.022447942454478176   0.2115
0.022455794120480304   0.212
0.02246905539504664   0.2125
0.022489386821642688   0.213
0.022497573734331342   0.2135
0.0224993062672239   0.214
0.02250671563009058   0.2145
0.02251939553970049   0.215
0.022524425750791197   0.2155
0.02253977591823722   0.216
0.022540019929790052   0.2165
0.02256440535894546   0.217
0.022581365312151342   0.2175
0.022582513418581918   0.218
0.022595453298461382   0.2185
0.022610228777159402   0.219
0.022612323054965404   0.2195
0.02261448708730107   0.22
0.02261930780647841   0.2205
0.022622313905454803   0.221
0.022622886188997226   0.2215
0.02262320456351933   0.222
0.022638557786240063   0.2225
0.02265292210489954   0.223
0.022657339002272354   0.2235
0.022657978775564778   0.224
0.02266137556939203   0.2245
0.022666793187969173   0.225
0.022671101260841847   0.2255
0.022673048395996535   0.226
0.022681636538546435   0.2265
0.022685476036406717   0.227
0.022686154772260558   0.2275
0.022688792708059218   0.228
0.022695282554817883   0.2285
0.022703129614243728   0.229
0.022713081257654134   0.2295
0.02272094162593796   0.23
0.022751761575235254   0.2305
0.022756325425586872   0.231
0.022783474382187384   0.2315
0.022786789021286488   0.232
0.02279332128803893   0.2325
0.022801496356055318   0.233
0.022829672450084496   0.2335
0.022855110213978486   0.234
0.02287404472591486   0.2345
0.022896512537340725   0.235
0.022907046527154848   0.2355
0.022911151299675178   0.236
0.02293242104126344   0.2365
0.0229341988726919   0.237
0.022937323494974945   0.2375
0.022962079084055054   0.238
0.02300151766994254   0.2385
0.023016171441588393   0.239
0.02302761997403562   0.2395
0.023039894415940173   0.24
0.023046004851921723   0.2405
0.023122540341513568   0.241
0.023126553428840818   0.2415
0.02313123140647302   0.242
0.023145927628760436   0.2425
0.023161845343717194   0.243
0.023183852484102898   0.2435
0.0231979228730943   0.244
0.023199440437210096   0.2445
0.02320673471105412   0.245
0.0232125948086365   0.2455
0.023214466470056278   0.246
0.02322741799943807   0.2465
0.0232312163372015   0.247
0.023231301232903605   0.2475
0.02323134794019761   0.248
0.02323515224199631   0.2485
0.02323597183615705   0.249
0.023255665316866108   0.2495
0.023267850692277835   0.25
0.02326854914286056   0.2505
0.023272623030829314   0.251
0.023286843803381557   0.2515
0.023291666874926564   0.252
0.02329171145907769   0.2525
0.023303816185555385   0.253
0.023310506970269724   0.2535
0.023318732680797677   0.254
0.023326897387860795   0.2545
0.023334959529736785   0.255
0.023357029384366026   0.2555
0.023359270116304048   0.256
0.02336112545862211   0.2565
0.023362269241264087   0.257
0.023371131480311235   0.2575
0.023382102074192623   0.258
0.023390898348988973   0.2585
0.023400587859798642   0.259
0.023406429607977144   0.2595
0.02340718287723821   0.26
0.02342732750378562   0.2605
0.023447047872210882   0.261
0.02346458790135557   0.2615
0.02346818883267244   0.262
0.023470432922365028   0.2625
0.023481512751434414   0.263
0.02349595946817645   0.2635
0.023497099081411864   0.264
0.023505204683451117   0.2645
0.023519073543537744   0.265
0.02351958847787505   0.2655
0.023522079178677192   0.266
0.02353359660851261   0.2665
0.023549986885609952   0.267
0.023555643353748882   0.2675
0.023573252671028156   0.268
0.02358010446843419   0.2685
0.023582348234840324   0.269
0.023601131061026452   0.2695
0.023606412777405234   0.27
0.0236074333253224   0.2705
0.02362495732957769   0.271
0.023648567852974846   0.2715
0.023679827464300928   0.272
0.02369902523245893   0.2725
0.02370061753985251   0.273
0.02370406964315785   0.2735
0.023742988880831768   0.274
0.023749491715729945   0.2745
0.023759299139270156   0.275
0.023768571895802323   0.2755
0.02377305496967467   0.276
0.023808525625456687   0.2765
0.023821845281140612   0.277
0.023824760838344873   0.2775
0.023856737976095783   0.278
0.023860474602972897   0.2785
0.02390347134795032   0.279
0.023903930475669244   0.2795
0.023929172354637256   0.28
0.02394413610348406   0.2805
0.023990367503768244   0.281
0.023994942827516897   0.2815
0.02399535153893645   0.282
0.024000858831785807   0.2825
0.02401295273388275   0.283
0.02402118884648706   0.2835
0.02403047482589158   0.284
0.02403545623662508   0.2845
0.024048820136265484   0.285
0.024075341707016522   0.2855
0.02409598794444881   0.286
0.024099744024414237   0.2865
0.024133037101473333   0.287
0.0241539430752029   0.2875
0.024161309369715327   0.288
0.02416357766498318   0.2885
0.02416566300609836   0.289
0.024171076985102253   0.2895
0.024182250845701716   0.29
0.0241913816081971   0.2905
0.024221107169197918   0.291
0.024241745749245185   0.2915
0.0242452071480226   0.292
0.024247534051353027   0.2925
0.02426429745049541   0.293
0.024289132303773494   0.2935
0.02430276631788275   0.294
0.02433983090670167   0.2945
0.024342858960441603   0.295
0.024364711095361116   0.2955
0.02437096813845935   0.296
0.024383966771200617   0.2965
0.024406796173753617   0.297
0.024427631885173717   0.2975
0.02444582182613532   0.298
0.024452435064343327   0.2985
0.02445556508812502   0.299
0.024471183751923874   0.2995
0.02447958269408413   0.3
0.024480484740009162   0.3005
0.024483641012388157   0.301
0.024517359858974155   0.3015
0.024523146854846453   0.302
0.024541620183220578   0.3025
0.024551556403501765   0.303
0.02456158042729466   0.3035
0.024573006125835465   0.304
0.024585047828786986   0.3045
0.024604990684305494   0.305
0.024616528185748377   0.3055
0.024617693287843752   0.306
0.024623852341438945   0.3065
0.02465394731981227   0.307
0.024658558469715777   0.3075
0.02466308392064904   0.308
0.02469515395453401   0.3085
0.024708534463849775   0.309
0.02471660422587729   0.3095
0.024717159855885205   0.31
0.024717189052942512   0.3105
0.024721274070642774   0.311
0.024722751187294   0.3115
0.024731549414186798   0.312
0.024751600295720544   0.3125
0.024763222361895716   0.313
0.024769428176762837   0.3135
0.02477311948359981   0.314
0.024778989198157943   0.3145
0.024802538493538275   0.315
0.024803744600330926   0.3155
0.024809526171195254   0.316
0.024816241869100805   0.3165
0.024819658794614095   0.317
0.024845644659168963   0.3175
0.024850223077608924   0.318
0.024854468785987866   0.3185
0.02485463258195358   0.319
0.02486487537488908   0.3195
0.02486855386290691   0.32
0.02486908919722933   0.3205
0.024872127199740832   0.321
0.024887190486510606   0.3215
0.02488880313014749   0.322
0.024896051247778175   0.3225
0.024907979539778045   0.323
0.024910757135936393   0.3235
0.02493198952848764   0.324
0.024955610512928623   0.3245
0.024970736410406646   0.325
0.024988336623346576   0.3255
0.025008660556456053   0.326
0.025011121096447583   0.3265
0.02503674923152936   0.327
0.0250494522780374   0.3275
0.02504973096468127   0.328
0.02505922075408831   0.3285
0.025078833617563103   0.329
0.025091818486567535   0.3295
0.025091951396570798   0.33
0.025109470872912036   0.3305
0.025111117406319012   0.331
0.025118792932786727   0.3315
0.025124400912745082   0.332
0.025132596769168784   0.3325
0.02513316138655862   0.333
0.02513981559318673   0.3335
0.02514014008816949   0.334
0.025158982210015026   0.3345
0.025169948952316095   0.335
0.025184227342654533   0.3355
0.025192137602877602   0.336
0.025201132476243386   0.3365
0.02520894523670682   0.337
0.025211378674252407   0.3375
0.025215663819941427   0.338
0.02521837499379526   0.3385
0.02523282432728335   0.339
0.025234740004042352   0.3395
0.025301454895397254   0.34
0.025331853410317424   0.3405
0.025334110268036582   0.341
0.025338574578734653   0.3415
0.02534722047978534   0.342
0.025358793887675125   0.3425
0.025358944713332172   0.343
0.025363641542480823   0.3435
0.02536986456666702   0.344
0.025379597855293298   0.3445
0.025384039753404714   0.345
0.025395756698158748   0.3455
0.025405522623343058   0.346
0.02540745763117495   0.3465
0.025410901138084502   0.347
0.025420457939739006   0.3475
0.025427607734174525   0.348
0.025440737158297852   0.3485
0.02544843305434532   0.349
0.025484416474731587   0.3495
0.02549761597684906   0.35
0.025501256302704767   0.3505
0.025501710582024637   0.351
0.025517168775666243   0.3515
0.02552390644577487   0.352
0.025524230496111168   0.3525
0.02553261720860396   0.353
0.025534241046768255   0.3535
0.025547933242158077   0.354
0.025595237288646253   0.3545
0.025596097880191376   0.355
0.025596872391062418   0.3555
0.02560166160642668   0.356
0.025605343871577018   0.3565
0.025612979924688962   0.357
0.02562636753781712   0.3575
0.025635364512836205   0.358
0.025641774917834315   0.3585
0.025643350885948726   0.359
0.025657672161591885   0.3595
0.025670988227701048   0.36
0.025684916250684767   0.3605
0.025699887617405808   0.361
0.02571170258607187   0.3615
0.025713878566570293   0.362
0.025720186318960586   0.3625
0.025751250225813288   0.363
0.025767065221007683   0.3635
0.025770715558142216   0.364
0.02580902367333456   0.3645
0.02581029999427152   0.365
0.02581245381666204   0.3655
0.02582302718139236   0.366
0.025834803544057632   0.3665
0.02583843430115036   0.367
0.025842124315338943   0.3675
0.025845476692734844   0.368
0.025845719034183652   0.3685
0.025858764103623606   0.369
0.025878413696712652   0.3695
0.025879801670148826   0.37
0.025880575209939964   0.3705
0.025898992012147563   0.371
0.025907874135625304   0.3715
0.02591259415048216   0.372
0.025919044089000025   0.3725
0.0259279041726903   0.373
0.025938638502501922   0.3735
0.025948674189349007   0.374
0.02596672723998716   0.3745
0.02596980137948394   0.375
0.025983367982067098   0.3755
0.02599263748700074   0.376
0.02599764975080744   0.3765
0.026001110515420305   0.377
0.02600692953879377   0.3775
0.02601396782284723   0.378
0.026016328467688463   0.3785
0.026029023372749337   0.379
0.026037416844463715   0.3795
0.02603980669262488   0.38
0.02604330712691905   0.3805
0.02604682708320047   0.381
0.026051808462867806   0.3815
0.026068449197375207   0.382
0.026077430729810162   0.3825
0.026094926068391994   0.383
0.02609685436071905   0.3835
0.026102072493110483   0.384
0.02610797756132505   0.3845
0.02614591707209213   0.385
0.02616333692697873   0.3855
0.02616722117338485   0.386
0.02617079341854764   0.3865
0.02617950660339393   0.387
0.026182919002736733   0.3875
0.026183078542418987   0.388
0.02618371709088635   0.3885
0.026189461679355843   0.389
0.026192462227869993   0.3895
0.026202213951454854   0.39
0.026223318902608234   0.3905
0.026226239188102143   0.391
0.02622948316698833   0.3915
0.026265736269689945   0.392
0.026271259376423033   0.3925
0.0262813735886149   0.393
0.02630179207496811   0.3935
0.026309118919624466   0.394
0.026318701064627747   0.3945
0.02633712682022286   0.395
0.026360505430128092   0.3955
0.02636359616416301   0.396
0.026378473735335636   0.3965
0.026389606275607408   0.397
0.026399144966584267   0.3975
0.02641654627718193   0.398
0.02641902142220983   0.3985
0.026423689513455605   0.399
0.02643106191014643   0.3995
0.026433371924209418   0.4
0.02644385999534467   0.4005
0.026454294822812047   0.401
0.026457414125218216   0.4015
0.026466928358623753   0.402
0.026487130424528764   0.4025
0.02649406594063407   0.403
0.026504379740638663   0.4035
0.026521856642131643   0.404
0.026548146100081108   0.4045
0.02655174364186217   0.405
0.026558536175075628   0.4055
0.026585064267110194   0.406
0.026585582773094415   0.4065
0.026590803856846874   0.407
0.02659118496162941   0.4075
0.02663976537100548   0.408
0.026644687761315088   0.4085
0.026651197805950398   0.409
0.026665840750282534   0.4095
0.02666669867349165   0.41
0.026669076158262854   0.4105
0.0266741336864787   0.411
0.026697370423341384   0.4115
0.026698484657285953   0.412
0.026726112505853463   0.4125
0.02675565889550898   0.413
0.02676839893875484   0.4135
0.026776186967441027   0.414
0.026787683355636083   0.4145
0.026789604631846247   0.415
0.026803813353977843   0.4155
0.026813814916951707   0.416
0.026816769138824356   0.4165
0.026827818593170797   0.417
0.02683020509291828   0.4175
0.026841559362786514   0.418
0.026843079360173803   0.4185
0.02684878479949282   0.419
0.026869374198139378   0.4195
0.02687597465419046   0.42
0.02688764634643686   0.4205
0.026889919432005402   0.421
0.026890097847214366   0.4215
0.026890113827375328   0.422
0.026900366325481418   0.4225
0.026909637756589336   0.423
0.026912679716835728   0.4235
0.026919064938241748   0.424
0.02693189696250419   0.4245
0.026936932350652313   0.425
0.026939118909869633   0.4255
0.02696816079813034   0.426
0.02697383119132694   0.4265
0.0269874626183992   0.427
0.027028148188303847   0.4275
0.027031475746619057   0.428
0.027040451135477702   0.4285
0.02704303162170275   0.429
0.027050433497624517   0.4295
0.027051183636720672   0.43
0.027055994134694523   0.4305
0.027059660101702285   0.431
0.027066439515200977   0.4315
0.027085723439919395   0.432
0.027090201664212058   0.4325
0.02709707607648051   0.433
0.02709817766981372   0.4335
0.027114482178300797   0.434
0.027125585934692484   0.4345
0.027131438779971328   0.435
0.027137617249073685   0.4355
0.027141661754555728   0.436
0.0271429104819449   0.4365
0.02716733371742774   0.437
0.027178160638955732   0.4375
0.027182900243774736   0.438
0.027185067230414316   0.4385
0.027186640437204878   0.439
0.027194689343712258   0.4395
0.027216832292256268   0.44
0.02724833391468649   0.4405
0.027261180518234007   0.441
0.02726563397035955   0.4415
0.027303183275086837   0.442
0.02730366744011829   0.4425
0.027318771271544133   0.443
0.027320383745404072   0.4435
0.02734318404471553   0.444
0.027358620335095743   0.4445
0.027374123288226762   0.445
0.027391277881372106   0.4455
0.027403157728752847   0.446
0.027404304584627656   0.4465
0.02741763457783684   0.447
0.027418324251644154   0.4475
0.027423990467605082   0.448
0.027433858450572658   0.4485
0.027437805188349873   0.449
0.027445394974243507   0.4495
0.02744934021992928   0.45
0.027457673200853763   0.4505
0.027464684375320146   0.451
0.027468835244307967   0.4515
0.027485091684130082   0.452
0.027486634175849664   0.4525
0.027499678682433498   0.453
0.02752088005473953   0.4535
0.02752103013317734   0.454
0.027541596529174466   0.4545
0.027542295705788852   0.455
0.027544476160712997   0.4555
0.02756694400200614   0.456
0.02757014455202171   0.4565
0.02757448852541581   0.457
0.027581321923471066   0.4575
0.02759939003801894   0.458
0.027607252296964684   0.4585
0.02761376936748801   0.459
0.027629148134924234   0.4595
0.02763190518613513   0.46
0.027638768992731374   0.4605
0.027641083091099267   0.461
0.027646527648862114   0.4615
0.02764680703008019   0.462
0.027649736482329525   0.4625
0.02765075971221085   0.463
0.027667001252487274   0.4635
0.027676279945178694   0.464
0.027681728523432824   0.4645
0.02769981365007955   0.465
0.027707852824933606   0.4655
0.027711608948744988   0.466
0.027712160992784483   0.4665
0.027714883869501987   0.467
0.027725315719894283   0.4675
0.027734247160458594   0.468
0.027739489731163032   0.4685
0.02777694820306749   0.469
0.02778522779711796   0.4695
0.027788101223891748   0.47
0.027789003026917454   0.4705
0.02779829946380816   0.471
0.027804767186953898   0.4715
0.027806833141051562   0.472
0.0278098678893883   0.4725
0.02782454759996487   0.473
0.027827881324656325   0.4735
0.027829166095418127   0.474
0.027837859376460383   0.4745
0.027846002317593543   0.475
0.02785096565338603   0.4755
0.02785247386858246   0.476
0.027861102306214698   0.4765
0.0278734143874156   0.477
0.027902142585461077   0.4775
0.027906809127662437   0.478
0.027922748657987936   0.4785
0.02792567268456419   0.479
0.027942509776593447   0.4795
0.027957606089811505   0.48
0.027958428289686477   0.4805
0.027975785267976255   0.481
0.0279776464223345   0.4815
0.027978044006371317   0.482
0.027981440827000912   0.4825
0.027982594669963137   0.483
0.027988442038968577   0.4835
0.027991326599933593   0.484
0.028017677872907147   0.4845
0.028035286468625128   0.485
0.02804264944952519   0.4855
0.02805128003903338   0.486
0.028062881514102078   0.4865
0.02806322199054385   0.487
0.028071884164549688   0.4875
0.028072364403175086   0.488
0.02807555348182073   0.4885
0.028083425927081046   0.489
0.028111781889090873   0.4895
0.02812671459577299   0.49
0.028131089947696294   0.4905
0.028131534698943837   0.491
0.02816759986454185   0.4915
0.028174046721626638   0.492
0.02818169400593273   0.4925
0.028192055271598022   0.493
0.02820006159123686   0.4935
0.02821957648108818   0.494
0.028222738135997835   0.4945
0.028235978809766683   0.495
0.02824792029523202   0.4955
0.02825631475384055   0.496
0.02826103627990969   0.4965
0.028261149639425328   0.497
0.028261417873066838   0.4975
0.02827195474638711   0.498
0.02828985437730197   0.4985
0.028301871021642066   0.499
0.028305402005836956   0.4995
0.028316136331484148   0.5
0.028321357881114496   0.5005
0.028323260202237743   0.501
0.028341589301953816   0.5015
0.02835233287176673   0.502
0.028381134875463256   0.5025
0.02838922302236154   0.503
0.02841989798125033   0.5035
0.028424443630115783   0.504
0.028427572968450342   0.5045
0.028448999494088082   0.505
0.0284491882562794   0.5055
0.028462015575209297   0.506
0.028462507531105272   0.5065
0.028466978267581534   0.507
0.0284755186665623   0.5075
0.028477455709620025   0.508
0.028478338074341376   0.5085
0.02848059799863757   0.509
0.028484793764685438   0.5095
0.028502740777361164   0.51
0.028518625725983335   0.5105
0.028519280778183463   0.511
0.028524360299797588   0.5115
0.028548567451791167   0.512
0.02855723783125969   0.5125
0.028566129425725173   0.513
0.028606352579216184   0.5135
0.02860675712517286   0.514
0.028610969456625345   0.5145
0.028626622164378487   0.515
0.028628412205951158   0.5155
0.028632983759567333   0.516
0.028647445188363464   0.5165
0.028665177962489227   0.517
0.02866544392983207   0.5175
0.02867081386510477   0.518
0.028684151633547744   0.5185
0.02869685287475906   0.519
0.02870083846158538   0.5195
0.028706744827694263   0.52
0.028718059296008184   0.5205
0.02872246101864767   0.521
0.02872280641654051   0.5215
0.028726641282860396   0.522
0.02873055141696053   0.5225
0.02873494313813147   0.523
0.028742851341269107   0.5235
0.028746917425179874   0.524
0.028762740476415333   0.5245
0.02877608076192546   0.525
0.028788752167036982   0.5255
0.028789104962019158   0.526
0.028796944442120494   0.5265
0.028798361146102913   0.527
0.028807082809198463   0.5275
0.02881501836325249   0.528
0.028823757764675002   0.5285
0.02885190672747779   0.529
0.028879618963022914   0.5295
0.02888088129736026   0.53
0.028882469139416698   0.5305
0.028885409258224325   0.531
0.028885829773921456   0.5315
0.0289101511339095   0.532
0.028910607727699995   0.5325
0.02891131561486749   0.533
0.02891722191058141   0.5335
0.028918121016347564   0.534
0.028926175726690016   0.5345
0.028927448039460308   0.535
0.028956244917335842   0.5355
0.02897315545275146   0.536
0.02897911259597584   0.5365
0.028989008536964254   0.537
0.029009041270464206   0.5375
0.029010691611657237   0.538
0.029048468687086663   0.5385
0.029054974421040006   0.539
0.029058720498963065   0.5395
0.029060143102468405   0.54
0.029068331084346522   0.5405
0.029077645273577802   0.541
0.029083416956422088   0.5415
0.029087286789559023   0.542
0.029096259533761076   0.5425
0.029097707338420875   0.543
0.029100123924961398   0.5435
0.029121749126455182   0.544
0.02912221798666189   0.5445
0.02912937061725939   0.545
0.029136872868154202   0.5455
0.029141204052444816   0.546
0.029158696703565298   0.5465
0.029166128847371103   0.547
0.02917399425820928   0.5475
0.02917507689658695   0.548
0.029182478140118664   0.5485
0.02918329861070627   0.549
0.029201596657371032   0.5495
0.02920429402942997   0.55
0.029219630946518502   0.5505
0.029223559694882675   0.551
0.02922453714352535   0.5515
0.029227277537246937   0.552
0.029234410166388464   0.5525
0.02924029885803182   0.553
0.02925386327537388   0.5535
0.029273574004032105   0.554
0.029291359608118323   0.5545
0.029297470861395336   0.555
0.029307351651768968   0.5555
0.029310853392991356   0.556
0.029325380980429416   0.5565
0.02933394017742269   0.557
0.029355762205999572   0.5575
0.02935742389072294   0.558
0.029395158401489235   0.5585
0.029412587685695362   0.559
0.029443648270292912   0.5595
0.029459972341418773   0.56
0.02947429480799601   0.5605
0.029488668272093625   0.561
0.029497787019584762   0.5615
0.02950609722767545   0.562
0.029509200710520028   0.5625
0.029516718059538524   0.563
0.029539745696267487   0.5635
0.029546991354041742   0.564
0.029569976040410603   0.5645
0.029570348481719393   0.565
0.029573768201105306   0.5655
0.02957385704197388   0.566
0.029586262707251808   0.5665
0.029588183663309807   0.567
0.02959672396270175   0.5675
0.029596995373459594   0.568
0.029597521227390688   0.5685
0.0296053671222538   0.569
0.029607645244114984   0.5695
0.029627432764782562   0.57
0.02963152481992259   0.5705
0.02963373092376866   0.571
0.02963794050870104   0.5715
0.029651212983935492   0.572
0.02965577079437364   0.5725
0.029656233222348324   0.573
0.029667828774048364   0.5735
0.029668678994893723   0.574
0.029669022749775866   0.5745
0.029669214433575137   0.575
0.029676451291101094   0.5755
0.02968043011337466   0.576
0.029692723513539382   0.5765
0.02970494674856075   0.577
0.029706403306332205   0.5775
0.029726351029002587   0.578
0.0297277823705973   0.5785
0.02973213500583985   0.579
0.029739020030466815   0.5795
0.029758153519254295   0.58
0.02977243459645108   0.5805
0.029774781034739455   0.581
0.02977912102917884   0.5815
0.02978382754386207   0.582
0.029787298853849415   0.5825
0.029818077572670333   0.583
0.0298337567582569   0.5835
0.02983462371059613   0.584
0.029838235183573324   0.5845
0.029866076744863638   0.585
0.029867581489513444   0.5855
0.029870144696499717   0.586
0.02987143057231516   0.5865
0.029871771818274297   0.587
0.029872773374724167   0.5875
0.02987670559525501   0.588
0.02989209235399896   0.5885
0.02990840279887244   0.589
0.029913042510608393   0.5895
0.029915197581335002   0.59
0.029918161019285506   0.5905
0.029919592910726753   0.591
0.02991977462354234   0.5915
0.029920217677463914   0.592
0.02994663996304432   0.5925
0.029946920444379507   0.593
0.029948045546962385   0.5935
0.02995870229932944   0.594
0.029970427436688648   0.5945
0.029983728255271905   0.595
0.03000807972943411   0.5955
0.03001396178520234   0.596
0.030026897035317933   0.5965
0.030029375478513417   0.597
0.030031911551102033   0.5975
0.03004671600031319   0.598
0.030064578926278843   0.5985
0.030069531395981876   0.599
0.030072449248626076   0.5995
0.030082877867268962   0.6
0.030085724647609908   0.6005
0.030128136994973125   0.601
0.030131519162050785   0.6015
0.030161925074796616   0.602
0.030202921383843243   0.6025
0.030226077090587014   0.603
0.030247453647831678   0.6035
0.03026084592702424   0.604
0.03026610191694429   0.6045
0.030275736569017046   0.605
0.03028001433006823   0.6055
0.03028289052204031   0.606
0.030288657881004967   0.6065
0.03030546172111465   0.607
0.030315052099227083   0.6075
0.03032343865516065   0.608
0.030323920041417787   0.6085
0.03033402466925589   0.609
0.030343426515220373   0.6095
0.030344574544488   0.61
0.03035834836102631   0.6105
0.030394033512632024   0.611
0.030404272152330204   0.6115
0.030408372258077927   0.612
0.030408578178128684   0.6125
0.03040867753258177   0.613
0.030456622192204377   0.6135
0.030532847973592698   0.614
0.030542178378927212   0.6145
0.03054621516508778   0.615
0.030552152777377745   0.6155
0.030567136782372526   0.616
0.030568139158913495   0.6165
0.030595376635060057   0.617
0.030609976535315855   0.6175
0.030624260448278998   0.618
0.030630697230719393   0.6185
0.030631682382797506   0.619
0.030639382307396056   0.6195
0.030654780539434302   0.62
0.03066044989636998   0.6205
0.030660934274232457   0.621
0.030663173143636487   0.6215
0.030680265955309687   0.622
0.030683126766648534   0.6225
0.030685865957575664   0.623
0.030687052238645183   0.6235
0.030725052334091674   0.624
0.030733437035508376   0.6245
0.03073441326736662   0.625
0.030743808411742225   0.6255
0.03074655142594662   0.626
0.03074678150048339   0.6265
0.030750704401320782   0.627
0.03075440293489865   0.6275
0.03075499601241729   0.628
0.03075816884951886   0.6285
0.030760882389989794   0.629
0.030769761924536388   0.6295
0.030777911188103326   0.63
0.03078248236817963   0.6305
0.030796202188400117   0.631
0.03079798546469024   0.6315
0.030822729532125247   0.632
0.03086171950074835   0.6325
0.030867859701309848   0.633
0.030869629799910415   0.6335
0.030885642765307877   0.634
0.0308856915074286   0.6345
0.03089662406209127   0.635
0.03090906296942271   0.6355
0.03091324014314247   0.636
0.030915920362443537   0.6365
0.030916844489568596   0.637
0.030921931421324274   0.6375
0.03092955024288862   0.638
0.030968252627583043   0.6385
0.031027732019659037   0.639
0.031038807251965367   0.6395
0.031040296369176216   0.64
0.03105800155634923   0.6405
0.03105815128131053   0.641
0.031067575896633823   0.6415
0.031078624743993356   0.642
0.03109092570183702   0.6425
0.03111140593069105   0.643
0.031119763091936755   0.6435
0.031123264596123943   0.644
0.031147738244916817   0.6445
0.031151960459672945   0.645
0.031166771016395076   0.6455
0.031170590795923294   0.646
0.03117313953551842   0.6465
0.03118428279356676   0.647
0.031186655669200057   0.6475
0.031215999426899958   0.648
0.031216401481021644   0.6485
0.031258271270918854   0.649
0.031259653835119784   0.6495
0.03128074587459536   0.65
0.03128173038579821   0.6505
0.031283216862464776   0.651
0.03128780464767067   0.6515
0.031288144475329835   0.652
0.03131816922729743   0.6525
0.031371632055713326   0.653
0.031387817462719084   0.6535
0.03139645037740134   0.654
0.031398930513752046   0.6545
0.03141556375836868   0.655
0.03141818469510007   0.6555
0.03144854063800644   0.656
0.031464869527568315   0.6565
0.031465101237010205   0.657
0.03146898251880531   0.6575
0.03147132415097057   0.658
0.031474443868236224   0.6585
0.0314818104372813   0.659
0.03149934297769928   0.6595
0.031519445307030644   0.66
0.031529150456908656   0.6605
0.03153352606237615   0.661
0.03155227317189826   0.6615
0.03157496210802104   0.662
0.031580072886317444   0.6625
0.03158325575449431   0.663
0.031630246939930426   0.6635
0.03164133391935327   0.664
0.03165191552392926   0.6645
0.031667179582622815   0.665
0.031679913933677466   0.6655
0.03168684973187798   0.666
0.03169805950453127   0.6665
0.031699842134732516   0.667
0.03170090778337689   0.6675
0.03171936709427567   0.668
0.03172700940045349   0.6685
0.03175638653757916   0.669
0.0317870862019719   0.6695
0.0317922058257268   0.67
0.03179963068954951   0.6705
0.031813795996659316   0.671
0.03182772424918068   0.6715
0.03183679752034262   0.672
0.03183800300237875   0.6725
0.031854564115371846   0.673
0.03186649903002182   0.6735
0.031873787224410255   0.674
0.03187692262156836   0.6745
0.03187917252349023   0.675
0.03188080264400136   0.6755
0.031893969700596395   0.676
0.031896925806495245   0.6765
0.03190039677553003   0.677
0.03190638696588563   0.6775
0.03193697312846937   0.678
0.031944901010588625   0.6785
0.03198350693784654   0.679
0.032007266907907235   0.6795
0.032009180639731946   0.68
0.03201494982384557   0.6805
0.03203101953951226   0.681
0.03205570832847678   0.6815
0.03205986933584729   0.682
0.03207403375791021   0.6825
0.03207606733126557   0.683
0.032088883705811075   0.6835
0.03210447566436301   0.684
0.03210707347037034   0.6845
0.032125095088091395   0.685
0.03212746065411792   0.6855
0.032148869341115806   0.686
0.03217389043207027   0.6865
0.03217895394637965   0.687
0.03220440811341878   0.6875
0.03221230549589346   0.688
0.032213108097869265   0.6885
0.03221388937395194   0.689
0.03221393377082059   0.6895
0.03221672456208671   0.69
0.03223428337768589   0.6905
0.032236127050230046   0.691
0.03226361626030767   0.6915
0.03227113551268836   0.692
0.03227313035185425   0.6925
0.03227389107415402   0.693
0.03227932722792845   0.6935
0.032289060638185936   0.694
0.03230618692968887   0.6945
0.03232214958352508   0.695
0.03233384974713661   0.6955
0.03234575929146773   0.696
0.032351661917810866   0.6965
0.032351975282799025   0.697
0.032382821272753416   0.6975
0.0323835839389854   0.698
0.032388560374637373   0.6985
0.03239267465872193   0.699
0.032395098524367776   0.6995
0.032398036805031026   0.7
0.03242890465709731   0.7005
0.03243428809101418   0.701
0.03243829054374992   0.7015
0.03243979188093876   0.702
0.032442786058431726   0.7025
0.03245897019397244   0.703
0.03246648005995557   0.7035
0.032481825615872185   0.704
0.032538444214978555   0.7045
0.03255376089596907   0.705
0.03256209530950232   0.7055
0.03256596421427815   0.706
0.03257575715303456   0.7065
0.032579085787466176   0.707
0.03258669890077962   0.7075
0.03258974603851919   0.708
0.03259141194925882   0.7085
0.032612382390095285   0.709
0.03261262847247243   0.7095
0.03261611701083104   0.71
0.03263039378534517   0.7105
0.032642971278169806   0.711
0.0326557028676355   0.7115
0.03266251038377274   0.712
0.03269195646902209   0.7125
0.03269858349471284   0.713
0.03270163293556811   0.7135
0.03276822506562132   0.714
0.03277908752845342   0.7145
0.032780767717381476   0.715
0.03278454998860092   0.7155
0.03279161825063518   0.716
0.03279699896964291   0.7165
0.032802385340272425   0.717
0.03281384995171247   0.7175
0.03281641181492201   0.718
0.03282433417129565   0.7185
0.032829462865211316   0.719
0.03284661320955321   0.7195
0.03284698106017088   0.72
0.03285228350188552   0.7205
0.03285787289668699   0.721
0.03286855968298676   0.7215
0.03286908220368338   0.722
0.032872363581200804   0.7225
0.032879581311753926   0.723
0.03289250217620547   0.7235
0.03289305609091162   0.724
0.03290188490024442   0.7245
0.03291203935009373   0.725
0.03291614363393156   0.7255
0.03293169620800849   0.726
0.03293258152663805   0.7265
0.03294444203489625   0.727
0.03294492455172781   0.7275
0.03294659826654586   0.728
0.03294720995250527   0.7285
0.03296810219227363   0.729
0.03298899147999213   0.7295
0.03301034209223978   0.73
0.03303566136970883   0.7305
0.03306108574537584   0.731
0.03306383419385428   0.7315
0.03306685514997918   0.732
0.03309127450137901   0.7325
0.03309967292787764   0.733
0.0331000516095837   0.7335
0.03311675661602144   0.734
0.03312999165397926   0.7345
0.03313154782185161   0.735
0.03316354626321943   0.7355
0.03319430139539239   0.736
0.033214259919347504   0.7365
0.03325250540733983   0.737
0.03326317658107805   0.7375
0.03327588780238025   0.738
0.033281422291996134   0.7385
0.03328254720383577   0.739
0.03328647996798122   0.7395
0.03329648219215854   0.74
0.03330160412858582   0.7405
0.03331390671205884   0.741
0.03332799068787804   0.7415
0.03333878421641856   0.742
0.03336462566702405   0.7425
0.03336782419501167   0.743
0.03337507081998534   0.7435
0.03338202123645522   0.744
0.033410956791281865   0.7445
0.033413582831085045   0.745
0.03342985586447934   0.7455
0.03342989224457974   0.746
0.033445120702350555   0.7465
0.03344612561637635   0.747
0.03345015224160931   0.7475
0.03347197971877584   0.748
0.03351026233026303   0.7485
0.033519324939313214   0.749
0.033550796599095385   0.7495
0.0335508621004696   0.75
0.0335612065457775   0.7505
0.03358337033941772   0.751
0.033587234846051764   0.7515
0.033601421735078484   0.752
0.033605120684143126   0.7525
0.03360900796355083   0.753
0.03362311384313994   0.7535
0.0336441957413078   0.754
0.03365028660240374   0.7545
0.03367672472011294   0.755
0.033678072699746965   0.7555
0.033697453705981956   0.756
0.0337635491561028   0.7565
0.03377050397274234   0.757
0.033797327949451395   0.7575
0.03380663206450682   0.758
0.03382091346934871   0.7585
0.03382128500398388   0.759
0.033837149037314614   0.7595
0.03384049210805867   0.76
0.03387036889996932   0.7605
0.03391475706170203   0.761
0.03392433666479562   0.7615
0.033934603777424605   0.762
0.03397346992328153   0.7625
0.03397481595768292   0.763
0.03398233476543124   0.7635
0.033987393542822986   0.764
0.03400254294695936   0.7645
0.03401877247718418   0.765
0.03403328732214697   0.7655
0.034049422431245584   0.766
0.03405453768149637   0.7665
0.03406214189169309   0.767
0.03408171845700134   0.7675
0.0340902126746408   0.768
0.03410062197025714   0.7685
0.034127964471993316   0.769
0.03412995810378062   0.7695
0.03413159446368096   0.77
0.0341837706346147   0.7705
0.03418681828079602   0.771
0.03421354746657676   0.7715
0.03423220573595641   0.772
0.034261266453176405   0.7725
0.03427643173351493   0.773
0.0342765194313751   0.7735
0.0342904018308812   0.774
0.03429331844529202   0.7745
0.03430741002238134   0.775
0.03431104084525026   0.7755
0.03432066637740262   0.776
0.03433544525058113   0.7765
0.0343447678146965   0.777
0.034360802154108847   0.7775
0.0343788983702164   0.778
0.034426151915852514   0.7785
0.034438328721330826   0.779
0.034453265814336026   0.7795
0.03446520531067436   0.78
0.03446868665537044   0.7805
0.03447074042173383   0.781
0.03447452913624176   0.7815
0.03448792119803972   0.782
0.03449276049890109   0.7825
0.034493039455273086   0.783
0.03450107839047221   0.7835
0.03450477504430347   0.784
0.03450516077278375   0.7845
0.0345097251303169   0.785
0.03451226181587255   0.7855
0.03453822818062746   0.786
0.034566484176337973   0.7865
0.03458384899181593   0.787
0.03459638601028475   0.7875
0.03462293576224102   0.788
0.03463742477964935   0.7885
0.03464167900471972   0.789
0.03465727431866474   0.7895
0.034667301219992216   0.79
0.03468017860080082   0.7905
0.0347066980923562   0.791
0.03471343351333797   0.7915
0.03472298660486741   0.792
0.034726954515451824   0.7925
0.03475333564536271   0.793
0.03477978980578678   0.7935
0.034799601937570354   0.794
0.03481073915007918   0.7945
0.0348241178437237   0.795
0.034832864199979836   0.7955
0.034845018905972545   0.796
0.03484548384823067   0.7965
0.034859686867915476   0.797
0.03487187396111453   0.7975
0.034914322872619974   0.798
0.034920220785379354   0.7985
0.03493037183321302   0.799
0.034934368352116746   0.7995
0.03493716087416586   0.8
0.03493944732077506   0.8005
0.03496492002233044   0.801
0.03497709114852187   0.8015
0.035022475263528516   0.802
0.035028990269891216   0.8025
0.03503319018750502   0.803
0.03503861586494325   0.8035
0.03505405863058506   0.804
0.035057699568489475   0.8045
0.035062086029272195   0.805
0.035154234783344646   0.8055
0.035158896767515824   0.806
0.03516764001352929   0.8065
0.03518934783593602   0.807
0.03518970097420775   0.8075
0.03519393550801978   0.808
0.03521781834568264   0.8085
0.035231700749440466   0.809
0.03523433878296175   0.8095
0.03527590820093505   0.81
0.03528552512038636   0.8105
0.03531249594857967   0.811
0.03532298536281425   0.8115
0.03533017697822586   0.812
0.03535644186052569   0.8125
0.03538861096114495   0.813
0.03540065094733661   0.8135
0.03540470056396141   0.814
0.03540970728316497   0.8145
0.03541786689072793   0.815
0.03543552258517741   0.8155
0.03546486243793075   0.816
0.03551491300066708   0.8165
0.0355171202349406   0.817
0.035543140853005986   0.8175
0.035628003833519425   0.818
0.03563696310186537   0.8185
0.035643483351632185   0.819
0.03565381218681429   0.8195
0.0356583112855824   0.82
0.03572828841786087   0.8205
0.03573920807261996   0.821
0.03574514820859935   0.8215
0.03578128546550986   0.822
0.03581840875523507   0.8225
0.035822073100956975   0.823
0.03582369561671795   0.8235
0.03582776492703696   0.824
0.03584433847756148   0.8245
0.03588852537062808   0.825
0.035931086684949425   0.8255
0.03598458397163994   0.826
0.035999949641170134   0.8265
0.03601253051771662   0.827
0.03603118938479949   0.8275
0.036051391259768195   0.828
0.03605976733313796   0.8285
0.03606123927122869   0.829
0.03607261489515418   0.8295
0.0360864797774914   0.83
0.03610686948363425   0.8305
0.036132265314032   0.831
0.036133929914805685   0.8315
0.036138043185212805   0.832
0.0361400738978506   0.8325
0.036144405699532874   0.833
0.03615982491567752   0.8335
0.03616531137444841   0.834
0.036185081460407505   0.8345
0.036205837378531   0.835
0.036212777375235566   0.8355
0.036295547192069844   0.836
0.03630270766716025   0.8365
0.03630966437619639   0.837
0.03633704510381993   0.8375
0.036347671328343725   0.838
0.03635616984873346   0.8385
0.036363998498039056   0.839
0.036376062718234195   0.8395
0.03639418866517707   0.84
0.036410924619250586   0.8405
0.0364197456864243   0.841
0.036423058733381156   0.8415
0.03642544831522506   0.842
0.03642694176091155   0.8425
0.03646145326735672   0.843
0.03647051737357353   0.8435
0.036476387953121685   0.844
0.03649864575422483   0.8445
0.036535508857998465   0.845
0.036538068869077824   0.8455
0.03657101146292713   0.846
0.03657510718746888   0.8465
0.03660234613852909   0.847
0.036656033878807996   0.8475
0.03667653646400468   0.848
0.03667696990989572   0.8485
0.03667910555353475   0.849
0.0367082174277835   0.8495
0.036709874202691894   0.85
0.03673019055199837   0.8505
0.03674094725892738   0.851
0.0367412120442621   0.8515
0.036745572495638076   0.852
0.03674634789710365   0.8525
0.03676069331940488   0.853
0.036780280239141094   0.8535
0.036789781130673785   0.854
0.03679581558648946   0.8545
0.036797625693463135   0.855
0.03681482082052489   0.8555
0.03682052207851419   0.856
0.03682673238862465   0.8565
0.0368475580119302   0.857
0.03687234119948892   0.8575
0.03689021629065781   0.858
0.03689558307525678   0.8585
0.03690095179016761   0.859
0.03694308875129378   0.8595
0.03694624896293536   0.86
0.036961947367905514   0.8605
0.03697085377415396   0.861
0.036993085843559134   0.8615
0.03703547492016656   0.862
0.037052963259891214   0.8625
0.03705621929394249   0.863
0.037082815954812144   0.8635
0.03710803443835415   0.864
0.0371320273794016   0.8645
0.03713595967544554   0.865
0.03715269975342621   0.8655
0.03715589097536503   0.866
0.03720152034801227   0.8665
0.0372062134967163   0.867
0.03721890930169226   0.8675
0.037254619821601984   0.868
0.03725934620027118   0.8685
0.03731092910130144   0.869
0.03732070653997927   0.8695
0.037367843851101465   0.87
0.03737814869316438   0.8705
0.037381087283904935   0.871
0.03738209590909576   0.8715
0.03740187054547934   0.872
0.03740780691068186   0.8725
0.03742354121915684   0.873
0.037426206570480285   0.8735
0.03743072365218102   0.874
0.03746858037375726   0.8745
0.03748256851320181   0.875
0.037489388464791884   0.8755
0.037494408713879275   0.876
0.03756722783286135   0.8765
0.03766151411031953   0.877
0.03766592607621579   0.8775
0.03770500929840443   0.878
0.037718212446362906   0.8785
0.037734939114920873   0.879
0.037743589664515055   0.8795
0.03779533420634709   0.88
0.037840288541679624   0.8805
0.03784397811382157   0.881
0.037846962282981504   0.8815
0.0378608790389599   0.882
0.037963873540897385   0.8825
0.03796928446548062   0.883
0.03806051967366503   0.8835
0.03807760682747424   0.884
0.038101465609328936   0.8845
0.03812034836223863   0.885
0.03818059881933235   0.8855
0.03818147395884109   0.886
0.038201533862028555   0.8865
0.0382076971613509   0.887
0.03824471076537512   0.8875
0.03826940790401937   0.888
0.03827137451455396   0.8885
0.03828968657284664   0.889
0.038321372131222074   0.8895
0.03832878801892047   0.89
0.03834770721637122   0.8905
0.03837697967934329   0.891
0.03840349593101481   0.8915
0.038412986386726515   0.892
0.03843824149333142   0.8925
0.038448994877511904   0.893
0.03845533172170814   0.8935
0.03845833726737941   0.894
0.03847768892601217   0.8945
0.03848462133632628   0.895
0.03853080211434728   0.8955
0.03857969108083102   0.896
0.03860132218863976   0.8965
0.03862065332738792   0.897
0.038636158484237314   0.8975
0.038648335374268886   0.898
0.038680894355859995   0.8985
0.03870062487190838   0.899
0.03871916318281607   0.8995
0.038734509970376536   0.9
0.03873496928973286   0.9005
0.038769270063395415   0.901
0.0387780864180994   0.9015
0.03878511382982479   0.902
0.038801755312493434   0.9025
0.03882602748206372   0.903
0.03883166730625752   0.9035
0.03885070686475936   0.904
0.03886749624182993   0.9045
0.03888751258873741   0.905
0.038971752813350684   0.9055
0.038988705841914585   0.906
0.03899812044821337   0.9065
0.03903093252209244   0.907
0.03914182225999854   0.9075
0.03919403285708345   0.908
0.03920256238998107   0.9085
0.03920298480690434   0.909
0.03924637894961163   0.9095
0.03925468882168596   0.91
0.03926122015391374   0.9105
0.03926913304789027   0.911
0.03928007484117847   0.9115
0.03933036550260255   0.912
0.0393583651716086   0.9125
0.03937071366610205   0.913
0.03941892372158149   0.9135
0.03942003702063904   0.914
0.039446422122620034   0.9145
0.03950112096569566   0.915
0.0395226174098567   0.9155
0.039541122647569975   0.916
0.03958100798323644   0.9165
0.039581024362507114   0.917
0.03961425267861133   0.9175
0.039676988745467046   0.918
0.03970333611603944   0.9185
0.03971528081952104   0.919
0.03973684586040435   0.9195
0.039745384545941065   0.92
0.039771056928754   0.9205
0.03981896536116449   0.921
0.039848702015080846   0.9215
0.040024533213866446   0.922
0.04007504172090526   0.9225
0.04013332896269019   0.923
0.04013807369788136   0.9235
0.04016513934811032   0.924
0.040167686343716445   0.9245
0.04020200831120441   0.925
0.04022556131153622   0.9255
0.040231241325102834   0.926
0.04027050889174089   0.9265
0.04028919903721297   0.927
0.04032126833250038   0.9275
0.04037594851144795   0.928
0.040390605272404095   0.9285
0.04042716290011606   0.929
0.040455572422974165   0.9295
0.04048475406281838   0.93
0.04048567251494175   0.9305
0.04053661369370167   0.931
0.04057460406257324   0.9315
0.040586862334362234   0.932
0.04060693462277712   0.9325
0.04061408252521076   0.933
0.04063396197397881   0.9335
0.04064414769658078   0.934
0.04066359066246619   0.9345
0.040675665721931896   0.935
0.040681711883015635   0.9355
0.04074308268460793   0.936
0.040821961820077225   0.9365
0.04084763137694121   0.937
0.04091611746520062   0.9375
0.04091789835158141   0.938
0.040950154899705486   0.9385
0.040988348129062796   0.939
0.04100675665656706   0.9395
0.041023181519573335   0.94
0.0410535196247005   0.9405
0.04105827356731988   0.941
0.04105913562521975   0.9415
0.041196070136534736   0.942
0.04125057290458103   0.9425
0.04137163591477691   0.943
0.04143413061875851   0.9435
0.0414515733963614   0.944
0.04146145332542891   0.9445
0.041471911565106226   0.945
0.04148507726961772   0.9455
0.04149276974618183   0.946
0.04152356748660869   0.9465
0.04155159878689486   0.947
0.041570832439918985   0.9475
0.04175060384706763   0.948
0.04177990518540113   0.9485
0.04181271829447576   0.949
0.04191338162591954   0.9495
0.04202078339851724   0.95
0.042023756513566615   0.9505
0.04203278218194822   0.951
0.04205015166791264   0.9515
0.04209135638864434   0.952
0.0420949738020439   0.9525
0.042149912316987205   0.953
0.042252182559960334   0.9535
0.042277328674448236   0.954
0.042278172856318234   0.9545
0.04236084331046021   0.955
0.04237247443065532   0.9555
0.04240425224642973   0.956
0.042437824042703486   0.9565
0.042523838920220505   0.957
0.04254324265801938   0.9575
0.042577106543416794   0.958
0.04265213958513189   0.9585
0.042653909431876115   0.959
0.04266746012432435   0.9595
0.042724143514093295   0.96
0.04272612956073059   0.9605
0.042947370535453055   0.961
0.04297882973689374   0.9615
0.042999719893585225   0.962
0.043046881116008635   0.9625
0.04312676193042819   0.963
0.04317498776996755   0.9635
0.0432101184753295   0.964
0.043278615519054424   0.9645
0.04335338514253854   0.965
0.04349077695617259   0.9655
0.04351736513623937   0.966
0.04361967019726396   0.9665
0.04362694705261822   0.967
0.043638082015787824   0.9675
0.04368893730143296   0.968
0.043733415026583775   0.9685
0.043847121326864094   0.969
0.04390781820071611   0.9695
0.044022384194903535   0.97
0.04416273334938868   0.9705
0.044186690987126444   0.971
0.04421879441086207   0.9715
0.044235567753868006   0.972
0.04428007854363608   0.9725
0.04446133055163661   0.973
0.0445119233196672   0.9735
0.04452337810425395   0.974
0.044591916954597105   0.9745
0.04487274977040391   0.975
0.04490148279454665   0.9755
0.04490815142131684   0.976
0.04506559753809468   0.9765
0.04507259892420231   0.977
0.0450760598208642   0.9775
0.04537835695584199   0.978
0.045381859438731284   0.9785
0.04540902778244807   0.979
0.04587826919814311   0.9795
0.04591019410197235   0.98
0.04591588850461636   0.9805
0.04623233112932269   0.981
0.046270109109954397   0.9815
0.046435072803846844   0.982
0.04644827473376261   0.9825
0.046538224287866074   0.983
0.04661422681215103   0.9835
0.04673392993607927   0.984
0.04694615783439186   0.9845
0.04702286471820056   0.985
0.04704990183125759   0.9855
0.04705178252454237   0.986
0.04706624052165437   0.9865
0.047439377362551924   0.987
0.04760376736478838   0.9875
0.04765103961410691   0.988
0.04804488952340173   0.9885
0.04807192030795812   0.989
0.04810270137487551   0.9895
0.04821590848554381   0.99
0.04825901283868234   0.9905
0.04832234236197521   0.991
0.04855494766173989   0.9915
0.048691866049050014   0.992
0.04871511479144581   0.9925
0.04956017506233294   0.993
0.05020637754756118   0.9935
0.05083588272015313   0.994
0.05148245640431887   0.9945
0.05192170543657369   0.995
0.052449943908464046   0.9955
0.05246587236304547   0.996
0.0527160048805423   0.9965
0.052820698742864915   0.997
0.053355337041250464   0.9975
0.053668873889993175   0.998
0.05512444749267937   0.9985
0.05542019962931168   0.999
0.06030194025162248   0.9995
