0.009468636838159317   0.0
0.011389038413118167   0.0005
0.014599784571268879   0.001
0.015233707260362833   0.0015
0.016101458458974066   0.002
0.017122399233456913   0.0025
0.01973589288695235   0.003
0.020051346161874865   0.0035
0.02165502903269391   0.004
0.021900852568751086   0.0045
0.022259315529339407   0.005
0.022292695330025744   0.0055
0.02242204151745885   0.006
0.022444737147115503   0.0065
0.022593535046992793   0.007
0.022934967302316346   0.0075
0.022991720476777795   0.008
0.023110794023003523   0.0085
0.023434711453331307   0.009
0.02353307236562103   0.0095
0.024244012342101696   0.01
0.024365863832698325   0.0105
0.02438299386914343   0.011
0.024398023115402016   0.0115
0.024462229079568833   0.012
0.024856583172560006   0.0125
0.024874165682750218   0.013
0.024968298408779007   0.0135
0.025027816514787814   0.014
0.025468270962820918   0.0145
0.02577823715240927   0.015
0.02589112677161978   0.0155
0.025924182433179864   0.016
0.025977217293470647   0.0165
0.026039929825324333   0.017
0.026051268921020818   0.0175
0.026182366630063184   0.018
0.026455526825449882   0.0185
0.0265505704735249   0.019
0.02658278508019792   0.0195
0.026596933613971828   0.02
0.0266108512722342   0.0205
0.026720041724261425   0.021
0.026751057374215636   0.0215
0.026859023076521167   0.022
0.026998977474486284   0.0225
0.027017762948539796   0.023
0.02723843363313128   0.0235
0.02725359523652071   0.024
0.027300632579240678   0.0245
0.027409658779931772   0.025
0.027498048120335846   0.0255
0.02755106779197761   0.026
0.02769384037319863   0.0265
0.02770401497456575   0.027
0.027745069564703875   0.0275
0.027757028284130535   0.028
0.027761086021570482   0.0285
0.02796191897208782   0.029
0.027967493608350255   0.0295
0.02797066852684425   0.03
0.02822903344824843   0.0305
0.028298159138089918   0.031
0.028754865392384678   0.0315
0.02892451094112996   0.032
0.028992055968527226   0.0325
0.029120779233138792   0.033
0.02916730895631168   0.0335
0.029380092877135004   0.034
0.029401563809359755   0.0345
0.029405321999348356   0.035
0.029406191458821795   0.0355
0.029409599116881742   0.036
0.029557235371337406   0.0365
0.029565261508267014   0.037
0.0296138269406896   0.0375
0.02971563257037036   0.038
0.02983519938184337   0.0385
0.029844380227224954   0.039
0.02984438725030852   0.0395
0.02999302726628687   0.04
0.029995194650696083   0.0405
0.03017858762030346   0.041
0.030214060975113914   0.0415
0.030241793302690563   0.042
0.03033040661397092   0.0425
0.030428127482941394   0.043
0.030509907202473343   0.0435
0.030525249454614472   0.044
0.0307752452675831   0.0445
0.030814723809709354   0.045
0.030841520391860906   0.0455
0.030847048834026003   0.046
0.030874143549597492   0.0465
0.030905000431623354   0.047
0.030965121271952042   0.0475
0.031036684794886037   0.048
0.031052386598717015   0.0485
0.03105304155490243   0.049
0.03116242287225995   0.0495
0.031240451398155376   0.05
0.03136964435361935   0.0505
0.03139473607700379   0.051
0.03146837020367494   0.0515
0.03159335559342054   0.052
0.03167812694494047   0.0525
0.0317003850505899   0.053
0.03179845576939508   0.0535
0.03183564611817509   0.054
0.03186179332607377   0.0545
0.03188626692014872   0.055
0.03190769979802196   0.0555
0.031956737565514086   0.056
0.03204478726284129   0.0565
0.03208535731780443   0.057
0.03216913786309509   0.0575
0.032229981380294995   0.058
0.03225288250090321   0.0585
0.0322682291700843   0.059
0.03234371472936707   0.0595
0.032350051052955096   0.06
0.032436838483450005   0.0605
0.032546571514735285   0.061
0.0325913991644732   0.0615
0.032613878158646296   0.062
0.032633660894955105   0.0625
0.032691005346631864   0.063
0.03273000703863444   0.0635
0.032873743124467204   0.064
0.032935424222032085   0.0645
0.03293732738593644   0.065
0.03308303078412714   0.0655
0.03311848381293391   0.066
0.033191456455934285   0.0665
0.03329333764084333   0.067
0.03330534468524077   0.0675
0.033429522900596934   0.068
0.033467281032620776   0.0685
0.033473317516103517   0.069
0.03348934213892506   0.0695
0.03360953393819679   0.07
0.03366516633464872   0.0705
0.03370854103250823   0.071
0.03376911938312345   0.0715
0.03385062576827279   0.072
0.0338650786663785   0.0725
0.03389547041388864   0.073
0.0339341660559191   0.0735
0.03396398420938456   0.074
0.033981772839603734   0.0745
0.03400523899615491   0.075
0.034016144560613824   0.0755
0.034029088622708994   0.076
0.03406646935553473   0.0765
0.03409696705476154   0.077
0.03409872192978526   0.0775
0.03410386705063498   0.078
0.03417569272032086   0.0785
0.03417727193695823   0.079
0.03422341539953933   0.0795
0.034226710597344764   0.08
0.034301486581857804   0.0805
0.03437192277285345   0.081
0.034372456273539055   0.0815
0.034596751969245   0.082
0.034614263594228936   0.0825
0.03465374527181611   0.083
0.03465945311846646   0.0835
0.03466560979649106   0.084
0.03469008918821972   0.0845
0.034727888814014556   0.085
0.0347569084051448   0.0855
0.034757753462322925   0.086
0.034821437717898404   0.0865
0.034925953178569495   0.087
0.03496389592016499   0.0875
0.03497018811411462   0.088
0.03497496721095471   0.0885
0.03497893767034498   0.089
0.035018966446596085   0.0895
0.035066516663608764   0.09
0.035129623417053224   0.0905
0.035141574804973305   0.091
0.03517420079794391   0.0915
0.03543600724188789   0.092
0.035516327961975576   0.0925
0.035574630994483485   0.093
0.03566956345489069   0.0935
0.035719007896329764   0.094
0.03572264678444337   0.0945
0.035734975268704124   0.095
0.03581193628168657   0.0955
0.035847828003729904   0.096
0.03585441255708521   0.0965
0.0358871615466977   0.097
0.035917619110575505   0.0975
0.03595037414212764   0.098
0.035950614850826026   0.0985
0.035950715807301595   0.099
0.03598059053880951   0.0995
0.03598352785818443   0.1
0.03598880219671114   0.1005
0.0360176169963979   0.101
0.03602093447394527   0.1015
0.036038000722296806   0.102
0.036049857489407734   0.1025
0.0361108778854988   0.103
0.036136650839828616   0.1035
0.03617301821193988   0.104
0.03623874830020605   0.1045
0.03624362150423086   0.105
0.036300652694959655   0.1055
0.03631783651874022   0.106
0.03633590486676398   0.1065
0.03638376764763105   0.107
0.03639173084060864   0.1075
0.036392721001117595   0.108
0.03641127457975822   0.1085
0.03645515314319425   0.109
0.03646732082468331   0.1095
0.03648484505895908   0.11
0.03648500585060201   0.1105
0.03649285771500353   0.111
0.03653970628273783   0.1115
0.03656574484319246   0.112
0.03657286726692288   0.1125
0.0365745645555122   0.113
0.03660455993576109   0.1135
0.03660630475976163   0.114
0.0366438617735103   0.1145
0.036646741472016145   0.115
0.03671127134662194   0.1155
0.03671480117522604   0.116
0.036770561866125026   0.1165
0.03680219060303596   0.117
0.0368203598860496   0.1175
0.036839455826780415   0.118
0.03684074919508395   0.1185
0.036858723353366   0.119
0.036924214534678056   0.1195
0.03696098573154896   0.12
0.036979251646517004   0.1205
0.0371005520032146   0.121
0.03711057294412559   0.1215
0.03713923203056981   0.122
0.03715686885979652   0.1225
0.03718736198405233   0.123
0.03724141919363477   0.1235
0.03728495199279625   0.124
0.03729617979899993   0.1245
0.03733847343750427   0.125
0.03739233462842032   0.1255
0.03740465209026023   0.126
0.03745129757249171   0.1265
0.03761233884118248   0.127
0.03764372444665575   0.1275
0.037685981502382025   0.128
0.037766510115031016   0.1285
0.037776101144166914   0.129
0.037777236353574266   0.1295
0.037800564342524386   0.13
0.03781246411839409   0.1305
0.037830664215046834   0.131
0.03787023327177416   0.1315
0.03788478643541397   0.132
0.037901236465670465   0.1325
0.037922323331643984   0.133
0.037970442882543684   0.1335
0.03798613291408439   0.134
0.038105126006879646   0.1345
0.03811103191488365   0.135
0.038133043691383275   0.1355
0.03815012813884802   0.136
0.03816603593459978   0.1365
0.03818667398516462   0.137
0.038274846574935614   0.1375
0.038290395311843424   0.138
0.03831586625990479   0.1385
0.0383708527243836   0.139
0.03840796237425399   0.1395
0.038437196327600655   0.14
0.03845712726418653   0.1405
0.03855240019603346   0.141
0.03861153939617124   0.1415
0.03864688023846523   0.142
0.038668086901446234   0.1425
0.038696091089659164   0.143
0.03870034826958467   0.1435
0.03870611578292169   0.144
0.038765869744542304   0.1445
0.038777835393281494   0.145
0.03878379901766553   0.1455
0.03890051815707451   0.146
0.0389310341760386   0.1465
0.03893379430947609   0.147
0.03896058008539563   0.1475
0.038968865224067825   0.148
0.03897915495221787   0.1485
0.039118515828780405   0.149
0.03912571039730013   0.1495
0.039135623508825726   0.15
0.03914169374761151   0.1505
0.03918646985460215   0.151
0.03920939904144809   0.1515
0.039242069605607534   0.152
0.03926885738793758   0.1525
0.039329204082209065   0.153
0.03933558374088435   0.1535
0.03933668432521545   0.154
0.039339159888120936   0.1545
0.03934359226073472   0.155
0.0394162154164158   0.1555
0.03948053041737247   0.156
0.03953098970652653   0.1565
0.03953558472688604   0.157
0.03954303453549056   0.1575
0.03962501614096613   0.158
0.03966021910540669   0.1585
0.03973516600746199   0.159
0.039745912161236685   0.1595
0.03975211063190232   0.16
0.03978964211681764   0.1605
0.039795398967592405   0.161
0.03981472432835121   0.1615
0.03984531022510718   0.162
0.03986241827264596   0.1625
0.03990025000887467   0.163
0.03990417059035423   0.1635
0.03990974135564931   0.164
0.03996530901869597   0.1645
0.03999326446737265   0.165
0.04001984809275449   0.1655
0.04002262635072813   0.166
0.04002648526075349   0.1665
0.040139504475779596   0.167
0.04015905241859058   0.1675
0.04019575762275617   0.168
0.04023526799579672   0.1685
0.04025125854500122   0.169
0.040264784774051716   0.1695
0.040310573200964886   0.17
0.040321079558541056   0.1705
0.0403794592456109   0.171
0.04045861310309647   0.1715
0.04047761709566716   0.172
0.04048802073368811   0.1725
0.04050337132512859   0.173
0.04052917833699454   0.1735
0.040584890298619725   0.174
0.04058833979705478   0.1745
0.040636078873429675   0.175
0.040645211203191194   0.1755
0.04067952263586093   0.176
0.04071706796676227   0.1765
0.04071917357562433   0.177
0.04075656855972725   0.1775
0.04078161835016054   0.178
0.04082128050838396   0.1785
0.040900329605822926   0.179
0.040938121499339064   0.1795
0.040965259878042164   0.18
0.04097205169083267   0.1805
0.04097254232310619   0.181
0.040994266185059705   0.1815
0.04100000334959327   0.182
0.04104979151406874   0.1825
0.041064154032831174   0.183
0.041153262732368426   0.1835
0.04122919853945266   0.184
0.04125582942719694   0.1845
0.04125883493041805   0.185
0.04125961424357057   0.1855
0.041262464015745334   0.186
0.041265765223181   0.1865
0.04127041341947442   0.187
0.041297292063961905   0.1875
0.04133218386644303   0.188
0.041368696726119855   0.1885
0.04139524996647711   0.189
0.041456601192349715   0.1895
0.04146834353365683   0.19
0.041504325545479955   0.1905
0.04150685271705037   0.191
0.04151917813465543   0.1915
0.04153310385550555   0.192
0.04155234677912975   0.1925
0.041560405745938014   0.193
0.041563351115270875   0.1935
0.04162957635622195   0.194
0.04166488436826717   0.1945
0.04169004102770585   0.195
0.0417077262043148   0.1955
0.04174715332299962   0.196
0.04175521599467353   0.1965
0.04176980702102241   0.197
0.041781034236045525   0.1975
0.04181824379221745   0.198
0.041860979288144105   0.1985
0.041881366304101796   0.199
0.04188993897639767   0.1995
0.041908130559202963   0.2
0.0419167035477418   0.2005
0.04192746038490385   0.201
0.041959317934810836   0.2015
0.04199505068183157   0.202
0.04200153297231333   0.2025
0.04204586469529526   0.203
0.042063297863605485   0.2035
0.0420783093949682   0.204
0.042141381201593595   0.2045
0.042144723194368544   0.205
0.04226296324689491   0.2055
0.04230804740411014   0.206
0.04239858260014762   0.2065
0.04241422207514167   0.207
0.04245793517907633   0.2075
0.04247811729434657   0.208
0.042496188200123935   0.2085
0.042496701730657345   0.209
0.04251588370617231   0.2095
0.042523745565718855   0.21
0.04253164608563129   0.2105
0.04257352129822523   0.211
0.04260898995913191   0.2115
0.04261068613318546   0.212
0.042614052890436356   0.2125
0.042663882572898874   0.213
0.04267079784161864   0.2135
0.04269967375288288   0.214
0.04270281636957335   0.2145
0.04272636575036289   0.215
0.042749323626725615   0.2155
0.04278151115691712   0.216
0.0427818558191612   0.2165
0.04279060222740608   0.217
0.04282759774520055   0.2175
0.04286321705821071   0.218
0.042868987340562964   0.2185
0.042884542373017843   0.219
0.04289815058882675   0.2195
0.04291433684297563   0.22
0.04293441770431328   0.2205
0.043001778044015136   0.221
0.04301608159291019   0.2215
0.04310596353493402   0.222
0.04311716182555597   0.2225
0.04312360145472766   0.223
0.043137074191818135   0.2235
0.043205499259118305   0.224
0.043232581987638984   0.2245
0.04325480724388335   0.225
0.043254938947434145   0.2255
0.04326288438029487   0.226
0.04327955323669591   0.2265
0.04329475573637174   0.227
0.04329581489131647   0.2275
0.04330698508472723   0.228
0.043309967227726245   0.2285
0.04333446939137722   0.229
0.04342226736822728   0.2295
0.043433373719949306   0.23
0.04349166989546037   0.2305
0.0435166198254021   0.231
0.04354042752685883   0.2315
0.04354678936590091   0.232
0.043565682176363835   0.2325
0.0435865314638887   0.233
0.043589581456136006   0.2335
0.04359907875177937   0.234
0.04361113078688756   0.2345
0.04367234169160163   0.235
0.04367344592876233   0.2355
0.043674859838365575   0.236
0.04368283522156811   0.2365
0.04370714169569194   0.237
0.043707818782501885   0.2375
0.04371040101326652   0.238
0.043713976179614505   0.2385
0.04373019228617156   0.239
0.04373214984118194   0.2395
0.043769239533440855   0.24
0.04377680851184695   0.2405
0.04377905394507973   0.241
0.04378175711019356   0.2415
0.043813708527516   0.242
0.0438387733215867   0.2425
0.04388225729798355   0.243
0.043901757568370406   0.2435
0.04394509464743667   0.244
0.04395196875706767   0.2445
0.04396065688062871   0.245
0.04397957524408565   0.2455
0.044025088616294186   0.246
0.04403081674837658   0.2465
0.04404389989089372   0.247
0.04409340873770068   0.2475
0.04410929597671107   0.248
0.04415897243361794   0.2485
0.04417589961983264   0.249
0.04421299173301886   0.2495
0.04422756291458935   0.25
0.04425451200552081   0.2505
0.044257466870379784   0.251
0.04427552822619787   0.2515
0.04432428466639467   0.252
0.04439099895335899   0.2525
0.04440107775039792   0.253
0.044459681786369   0.2535
0.044508197594598696   0.254
0.04453809425965133   0.2545
0.04456573508352986   0.255
0.04469428270280186   0.2555
0.04471890788670243   0.256
0.04476178086319056   0.2565
0.044762754877269995   0.257
0.04477278214614642   0.2575
0.04479260332720577   0.258
0.04482107890363641   0.2585
0.04482374001646088   0.259
0.04484135751481601   0.2595
0.044860522465056486   0.26
0.044861084473117985   0.2605
0.04487611188588445   0.261
0.04493639804983282   0.2615
0.04495923020348107   0.262
0.04497632656233213   0.2625
0.045012476178892376   0.263
0.04506877592992773   0.2635
0.045069185609299   0.264
0.04507744535773613   0.2645
0.04508004456817973   0.265
0.04511798315076092   0.2655
0.04514938221667468   0.266
0.045162735513706725   0.2665
0.0451813161094127   0.267
0.04518160556645451   0.2675
0.045183177203645015   0.268
0.04520617703926988   0.2685
0.04532215897072363   0.269
0.045333309906739734   0.2695
0.045376115369517744   0.27
0.045406761296179037   0.2705
0.045418602646953306   0.271
0.04545398680579522   0.2715
0.04545682399627193   0.272
0.04546051958000764   0.2725
0.0454627533086206   0.273
0.04546752734705615   0.2735
0.04548638727267466   0.274
0.045496094828977034   0.2745
0.04550076054792135   0.275
0.045505802312263664   0.2755
0.04554908345095282   0.276
0.04558540471682904   0.2765
0.045623264466533114   0.277
0.04563758979339324   0.2775
0.04567770676831995   0.278
0.04568278114582966   0.2785
0.04577502044548255   0.279
0.04580064927932613   0.2795
0.04580164554891024   0.28
0.045805220467827895   0.2805
0.045813247382922084   0.281
0.04587442608744479   0.2815
0.04588126789285992   0.282
0.045914643398932566   0.2825
0.04592258070213283   0.283
0.04597887680554644   0.2835
0.04600266485511465   0.284
0.04603288565368336   0.2845
0.046063135385230304   0.285
0.04606619779803991   0.2855
0.04607822318773549   0.286
0.046082630579283225   0.2865
0.04615609830166239   0.287
0.04616003764549965   0.2875
0.04621823002542596   0.288
0.04622979329789015   0.2885
0.04623884612077344   0.289
0.046276204146655106   0.2895
0.04628627786927408   0.29
0.04630737943924793   0.2905
0.04631820475393551   0.291
0.046322969182793126   0.2915
0.04633191345257709   0.292
0.04635246670010518   0.2925
0.04635259092531597   0.293
0.04636218691449097   0.2935
0.04638365857237904   0.294
0.04638429795095309   0.2945
0.046395073322296594   0.295
0.046416174861871426   0.2955
0.04647187269200647   0.296
0.04647558013927604   0.2965
0.04648753311830672   0.297
0.04656596365758293   0.2975
0.046570075741964034   0.298
0.0465811082002501   0.2985
0.04660231662292191   0.299
0.046609474820659184   0.2995
0.04662401483035105   0.3
0.046682707319319484   0.3005
0.04671304650431177   0.301
0.04679370143996305   0.3015
0.04680034869760497   0.302
0.046835300314601265   0.3025
0.04684232214281886   0.303
0.04684389134089308   0.3035
0.04686594863697633   0.304
0.046867950549657984   0.3045
0.04686812927287438   0.305
0.04688792287293581   0.3055
0.046891204400209684   0.306
0.046894740160094026   0.3065
0.04690312114267962   0.307
0.046929865482751174   0.3075
0.046984681481199775   0.308
0.04700032759744167   0.3085
0.04701192576644767   0.309
0.047048466510328686   0.3095
0.04705578811070616   0.31
0.047107024641312195   0.3105
0.04710997931462351   0.311
0.04711200699571742   0.3115
0.047136367505814195   0.312
0.047168812351087865   0.3125
0.04717125666717133   0.313
0.04720354942674835   0.3135
0.047205113073036244   0.314
0.047215988431129494   0.3145
0.04722001938433531   0.315
0.047261860468748605   0.3155
0.04730001676280354   0.316
0.0473054263695035   0.3165
0.04732326604389046   0.317
0.04733947054724144   0.3175
0.04736807212469377   0.318
0.04737192429508353   0.3185
0.04737790226217295   0.319
0.04740486538489504   0.3195
0.04743845851080225   0.32
0.04743873043957746   0.3205
0.04746681767312894   0.321
0.047473566334445466   0.3215
0.04748470023913447   0.322
0.04752404103212225   0.3225
0.04753509374293177   0.323
0.04755356646556401   0.3235
0.04756610933578415   0.324
0.047568023274934736   0.3245
0.04756927962517457   0.325
0.047578061601240215   0.3255
0.04761306377687367   0.326
0.0476177586571077   0.3265
0.0476214078462056   0.327
0.04765955126351141   0.3275
0.04768700581955767   0.328
0.047779942506788416   0.3285
0.047797787697442494   0.329
0.04780810140081841   0.3295
0.04781125257081281   0.33
0.047870930047442056   0.3305
0.04789775004970013   0.331
0.04789831069798313   0.3315
0.047909727765793185   0.332
0.047912133285061345   0.3325
0.04793746789703248   0.333
0.04794109419070162   0.3335
0.04794412585236188   0.334
0.047948848304204636   0.3345
0.04797611555392279   0.335
0.04800129383995326   0.3355
0.0480617253226836   0.336
0.04806202591810493   0.3365
0.04807511882847707   0.337
0.048079877365738447   0.3375
0.048090281646927156   0.338
0.048092829767757174   0.3385
0.04810578321494934   0.339
0.04812403735199305   0.3395
0.0481379950640101   0.34
0.04814546380351253   0.3405
0.04814636195676382   0.341
0.04827030972777213   0.3415
0.048293704284973524   0.342
0.04829834848118076   0.3425
0.04832470755104126   0.343
0.0483746082318127   0.3435
0.048392632906068184   0.344
0.048415351282507235   0.3445
0.048428146215344914   0.345
0.04844655701026078   0.3455
0.04845027508542529   0.346
0.04845721556737589   0.3465
0.04846249911764692   0.347
0.04847133088866312   0.3475
0.048519416883069696   0.348
0.048562239640349225   0.3485
0.048567086598297816   0.349
0.04864728126951328   0.3495
0.04865490156549737   0.35
0.04868035038510708   0.3505
0.04868449273874983   0.351
0.04870204736222411   0.3515
0.04871229445287036   0.352
0.04872186419009459   0.3525
0.0487450269616055   0.353
0.048758574070665334   0.3535
0.04876189040659155   0.354
0.04876419034857856   0.3545
0.0487777436477325   0.355
0.048791178578477465   0.3555
0.04879536733458447   0.356
0.04880692452699284   0.3565
0.048870917536195733   0.357
0.04888659159350636   0.3575
0.04888686621091519   0.358
0.048939812646004194   0.3585
0.048949332768200626   0.359
0.048991564833340745   0.3595
0.049072753867877864   0.36
0.04908684316391326   0.3605
0.04911004705339957   0.361
0.049163294430544346   0.3615
0.049180932282646285   0.362
0.04918381150125222   0.3625
0.049231508066874693   0.363
0.04924683616567733   0.3635
0.049269815617744586   0.364
0.04927294193723886   0.3645
0.04930700465878501   0.365
0.04931461652439956   0.3655
0.04934784541727069   0.366
0.04935496970363055   0.3665
0.04935517620848952   0.367
0.0493571511933312   0.3675
0.04936377511834318   0.368
0.049374913031589404   0.3685
0.049441816798391616   0.369
0.04946242533137423   0.3695
0.04946341180634708   0.37
0.049464686591472254   0.3705
0.049470065477113793   0.371
0.049528593250725915   0.3715
0.049529235521574504   0.372
0.049554804702481484   0.3725
0.04958499048536138   0.373
0.04964870291013524   0.3735
0.04965013612456281   0.374
0.04968827526446629   0.3745
0.04969214160252085   0.375
0.04973113374213515   0.3755
0.049733239712964394   0.376
0.04977136257677761   0.3765
0.0497821811353118   0.377
0.04980318457786106   0.3775
0.04981901987939643   0.378
0.04982792385423378   0.3785
0.049911515997568344   0.379
0.049921791751359114   0.3795
0.049939425413171465   0.38
0.04994391420057456   0.3805
0.04997346437932161   0.381
0.04998410621291591   0.3815
0.04998669230957174   0.382
0.04999094868672947   0.3825
0.049997776554980305   0.383
0.0500210961150128   0.3835
0.05006369167991467   0.384
0.05008435710330625   0.3845
0.05009780945334979   0.385
0.050123652177310414   0.3855
0.05012717649784838   0.386
0.0501364581912739   0.3865
0.050153721117378015   0.387
0.05016722562755938   0.3875
0.05018181451690346   0.388
0.05020103548812691   0.3885
0.05021393389269121   0.389
0.050217378701814835   0.3895
0.05022434893068343   0.39
0.05027391861657144   0.3905
0.05027608002995142   0.391
0.05030090107402129   0.3915
0.050339242321980185   0.392
0.050351868920406856   0.3925
0.050382470952800636   0.393
0.050390152209510694   0.3935
0.05041029715650521   0.394
0.050411065941406964   0.3945
0.05042616953555624   0.395
0.05048707305085078   0.3955
0.05048952762799218   0.396
0.05053922794387564   0.3965
0.05056700208605514   0.397
0.05058887985652251   0.3975
0.05059783920331335   0.398
0.05060908696237499   0.3985
0.05062181186000292   0.399
0.050623139934880206   0.3995
0.050691886383120686   0.4
0.05070448980346629   0.4005
0.050741879345152306   0.401
0.050775590704538166   0.4015
0.050789416991291476   0.402
0.050810548659862696   0.4025
0.05081208858906988   0.403
0.050839912676780875   0.4035
0.050860018597764386   0.404
0.05087441556993404   0.4045
0.05088541555012222   0.405
0.050892148846616886   0.4055
0.05091449594760822   0.406
0.0509158998794755   0.4065
0.050933506053449276   0.407
0.05093496449554595   0.4075
0.050970329576001464   0.408
0.05099000464729075   0.4085
0.050992655741051496   0.409
0.05099272555827571   0.4095
0.05109599721744067   0.41
0.05110972292320594   0.4105
0.051117233356852726   0.411
0.051145806869443575   0.4115
0.05115874999993609   0.412
0.051159686631694984   0.4125
0.05116075674398322   0.413
0.05120673016586649   0.4135
0.051207290316721985   0.414
0.05123592161157128   0.4145
0.051253067815018816   0.415
0.051266755132474875   0.4155
0.05129266615488684   0.416
0.05130822000556627   0.4165
0.051312150154342796   0.417
0.05133440724811215   0.4175
0.05133692227923409   0.418
0.0513656041721095   0.4185
0.05141637645175921   0.419
0.051440154412420884   0.4195
0.0514476820746773   0.42
0.0514585137839316   0.4205
0.051496472110450525   0.421
0.051500142229685075   0.4215
0.05151051500568356   0.422
0.05155630414204658   0.4225
0.05155736450883567   0.423
0.051558304853458664   0.4235
0.05160569490759788   0.424
0.05161802230207978   0.4245
0.051676842218011575   0.425
0.05170189685274649   0.4255
0.051715891735726   0.426
0.051761228936895304   0.4265
0.05177730158038256   0.427
0.05181920455694582   0.4275
0.05183027654684801   0.428
0.05183375992155232   0.4285
0.05185771415917673   0.429
0.05190367734076957   0.4295
0.05193440441315879   0.43
0.05195322997251481   0.4305
0.05196514677982264   0.431
0.05196847068466358   0.4315
0.052006863309480886   0.432
0.052021252335760174   0.4325
0.05203202510851867   0.433
0.05204791155186293   0.4335
0.052056261356999735   0.434
0.05205962153679287   0.4345
0.05206800208784692   0.435
0.05207188986581968   0.4355
0.052127353986576024   0.436
0.05213294716486858   0.4365
0.052151387307724284   0.437
0.052168742986678375   0.4375
0.05217415336928   0.438
0.05225526763556966   0.4385
0.05226936290310572   0.439
0.052298230508149836   0.4395
0.05233448661416625   0.44
0.05234203661579789   0.4405
0.05234381739223361   0.441
0.052395402113611086   0.4415
0.05239611915781682   0.442
0.052397321115147305   0.4425
0.05241041943344884   0.443
0.05241766566620094   0.4435
0.052418017125802074   0.444
0.052453427061202776   0.4445
0.052489627095879156   0.445
0.052492562995410164   0.4455
0.05249464599741041   0.446
0.05252693279425634   0.4465
0.05255171236239954   0.447
0.05259611774120232   0.4475
0.052597065270299476   0.448
0.05262235501128011   0.4485
0.05265443368476151   0.449
0.05266136639784264   0.4495
0.052686195793782385   0.45
0.05273604209488743   0.4505
0.052750696979869255   0.451
0.0527635314132982   0.4515
0.052772291136914964   0.452
0.05279788987151774   0.4525
0.05281404053958114   0.453
0.05281771180900062   0.4535
0.05290359838492062   0.454
0.05292409347749556   0.4545
0.05296254052130239   0.455
0.05299062406137768   0.4555
0.05299478013502675   0.456
0.052999788912031755   0.4565
0.053014625739661474   0.457
0.053024827618805344   0.4575
0.05303130308181183   0.458
0.05303533903864204   0.4585
0.05305811616675868   0.459
0.053062527939596295   0.4595
0.05306528432713418   0.46
0.0530725297151509   0.4605
0.05315259661268631   0.461
0.053172013889417905   0.4615
0.05317856332190819   0.462
0.053208649325658754   0.4625
0.05323523922615546   0.463
0.05323907280196999   0.4635
0.053240331689694304   0.464
0.05325035252505014   0.4645
0.053253471497786385   0.465
0.05327616560213299   0.4655
0.05330095498904261   0.466
0.05330919261543141   0.4665
0.053311797591700974   0.467
0.05331261439768824   0.4675
0.0533149348513243   0.468
0.05332424557840323   0.4685
0.05336279097792082   0.469
0.053373794399369116   0.4695
0.053411934431254915   0.47
0.05348075223323655   0.4705
0.05350287479539662   0.471
0.053523113505808746   0.4715
0.053538106424121185   0.472
0.05359033984196993   0.4725
0.05364635295778884   0.473
0.05366511213476635   0.4735
0.053719019264290825   0.474
0.05372359820783551   0.4745
0.0537351820030089   0.475
0.053755567257663076   0.4755
0.053764903213021104   0.476
0.05376856147279548   0.4765
0.053779595840365374   0.477
0.05381355088459983   0.4775
0.053847027957214764   0.478
0.05389195480138571   0.4785
0.05389382170082461   0.479
0.053912656152723525   0.4795
0.05393383612278585   0.48
0.05396001813816019   0.4805
0.05396872545387764   0.481
0.054083906975174914   0.4815
0.05413379920976931   0.482
0.054169261810456955   0.4825
0.0542117803097143   0.483
0.05421719970182001   0.4835
0.05423429938020931   0.484
0.05434184079617181   0.4845
0.05435944576073771   0.485
0.05439513179195105   0.4855
0.054396949531975596   0.486
0.05442097407823805   0.4865
0.05443313620429636   0.487
0.05444185714072116   0.4875
0.05444975495564177   0.488
0.05446480155433225   0.4885
0.05448725044342964   0.489
0.05449403582981602   0.4895
0.05449712048571788   0.49
0.054514635856424   0.4905
0.05453756925039058   0.491
0.054551921341004894   0.4915
0.054555744626682647   0.492
0.05455994333469193   0.4925
0.0545739254966115   0.493
0.05459467377470304   0.4935
0.05461793942044743   0.494
0.054633232316514055   0.4945
0.054673938959823865   0.495
0.05471100343581677   0.4955
0.05471379995427109   0.496
0.05471776107726838   0.4965
0.054747643189683844   0.497
0.054786633611523916   0.4975
0.054824880141555045   0.498
0.05482570618683845   0.4985
0.05483557393175962   0.499
0.054890245081892726   0.4995
0.054913158945732184   0.5
0.05493246946629214   0.5005
0.054958656043306985   0.501
0.05497599579450281   0.5015
0.054978404923921635   0.502
0.05498320554586583   0.5025
0.054984272272331686   0.503
0.05502721707365028   0.5035
0.0550278033858183   0.504
0.055105353411809194   0.5045
0.05512611984269284   0.505
0.05513073237032965   0.5055
0.05514048013942097   0.506
0.05514184811107655   0.5065
0.05519170455452422   0.507
0.05522872015706488   0.5075
0.05523886878933145   0.508
0.055243296118203264   0.5085
0.05536778477615641   0.509
0.055408057945851664   0.5095
0.05541909728824839   0.51
0.05541916122600811   0.5105
0.05542686327903443   0.511
0.0554291489567692   0.5115
0.05545862250683529   0.512
0.055474926354982954   0.5125
0.055477537644412565   0.513
0.055501000550560634   0.5135
0.055533552456020534   0.514
0.05555267305279629   0.5145
0.05557203027011761   0.515
0.05562487294504103   0.5155
0.05572636833943866   0.516
0.05574760169520961   0.5165
0.055752381767798856   0.517
0.055838247068154066   0.5175
0.055914060128130036   0.518
0.055918845262187315   0.5185
0.05594283053601136   0.519
0.055951335398480614   0.5195
0.055962218742141974   0.52
0.05601942069660691   0.5205
0.056063493995132885   0.521
0.056085107219400375   0.5215
0.05608601854454019   0.522
0.05611428902580995   0.5225
0.056121346348004385   0.523
0.05614269266312263   0.5235
0.056149915003381366   0.524
0.056154077297371145   0.5245
0.056159389667657225   0.525
0.056193356317690096   0.5255
0.056205974630014366   0.526
0.056239978579195424   0.5265
0.05624777929428491   0.527
0.056251541507847204   0.5275
0.056260047852242416   0.528
0.05626291945598985   0.5285
0.056272659746072276   0.529
0.056286010796434804   0.5295
0.05630041520906704   0.53
0.0563259446242761   0.5305
0.05633239308804862   0.531
0.05638020662312685   0.5315
0.05643032770230907   0.532
0.05643129590462319   0.5325
0.05643677128445047   0.533
0.05644894674552639   0.5335
0.0564595361088505   0.534
0.0564634282773466   0.5345
0.056477119314866354   0.535
0.05650323452928499   0.5355
0.05651753963479896   0.536
0.05654524022143859   0.5365
0.05654715879460263   0.537
0.05656691599648904   0.5375
0.0566133436159807   0.538
0.056664455311696525   0.5385
0.056694103216425436   0.539
0.056699011651605215   0.5395
0.05670536287436641   0.54
0.05671138532209741   0.5405
0.05679544491905976   0.541
0.05680571992766746   0.5415
0.05682708371537582   0.542
0.05683876587463256   0.5425
0.05684031862197341   0.543
0.05687803868403214   0.5435
0.05687867014675778   0.544
0.056897618561979474   0.5445
0.05692339194066439   0.545
0.056943255438213325   0.5455
0.056955452691050616   0.546
0.0569557266720729   0.5465
0.056973435148513836   0.547
0.05700051730655817   0.5475
0.05701058850506748   0.548
0.0570250970332705   0.5485
0.05705687713789799   0.549
0.05706157500044575   0.5495
0.05708446592792562   0.55
0.05710469784889796   0.5505
0.057104923630488316   0.551
0.05711180999794735   0.5515
0.05712227543592018   0.552
0.05716138931129889   0.5525
0.05717041962284129   0.553
0.05717162791581148   0.5535
0.05719912830365934   0.554
0.05732660586449555   0.5545
0.057348689972855534   0.555
0.0573548008127946   0.5555
0.057363258762105476   0.556
0.05741518775677396   0.5565
0.05741712880601983   0.557
0.05743359947721238   0.5575
0.05747678646291565   0.558
0.0574923177256535   0.5585
0.05750633680880643   0.559
0.05756871326566206   0.5595
0.057574608755389986   0.56
0.057585960388440126   0.5605
0.05758617530682068   0.561
0.05758939064827615   0.5615
0.05759481454957296   0.562
0.05760510728181252   0.5625
0.057611236924194294   0.563
0.05766909403674644   0.5635
0.057672050843943466   0.564
0.05769204085652519   0.5645
0.05769303041499427   0.565
0.057710541781708806   0.5655
0.057722653349622774   0.566
0.057731989987115505   0.5665
0.05773354703687543   0.567
0.057734672567280286   0.5675
0.05776303245495588   0.568
0.05777517342027119   0.5685
0.05778887326023248   0.569
0.05780392765246026   0.5695
0.05782672433387054   0.57
0.05784645340743482   0.5705
0.05786468447247124   0.571
0.057867260169320596   0.5715
0.0578695997135672   0.572
0.057873634698769584   0.5725
0.057878047708868036   0.573
0.05788951379121618   0.5735
0.057897638032069154   0.574
0.05789986840415881   0.5745
0.05792722214477648   0.575
0.057937864719416525   0.5755
0.05794423932088997   0.576
0.05794929468635913   0.5765
0.058008669046784374   0.577
0.05805439903311181   0.5775
0.05806622543234827   0.578
0.058066306802111806   0.5785
0.05807058163579576   0.579
0.05810973780852901   0.5795
0.05811310601067313   0.58
0.05811396520326794   0.5805
0.058173969321489966   0.581
0.05819800742973488   0.5815
0.05820031757036778   0.582
0.058208620828127285   0.5825
0.058239082017533465   0.583
0.058259065094240586   0.5835
0.05826323040485847   0.584
0.05828528000798174   0.5845
0.05831693793608377   0.585
0.05832840340165468   0.5855
0.05833571530353495   0.586
0.058361078108075136   0.5865
0.05837950255425586   0.587
0.058380911107993386   0.5875
0.058401128682279195   0.588
0.0584114018293409   0.5885
0.05841176291902443   0.589
0.05843626129886411   0.5895
0.05843633503345435   0.59
0.05844292532956932   0.5905
0.05845453484004251   0.591
0.058456112104387496   0.5915
0.058506387835443395   0.592
0.058526060465884495   0.5925
0.05862212019420155   0.593
0.05863839134564311   0.5935
0.058698834772119235   0.594
0.05871739482667197   0.5945
0.058752397995114815   0.595
0.05877170326159957   0.5955
0.05877745164691711   0.596
0.058807045457326165   0.5965
0.05883299709495061   0.597
0.05883953892364887   0.5975
0.05884798364899778   0.598
0.05885114146792016   0.5985
0.0588581440443258   0.599
0.05886692026507815   0.5995
0.05889256440510235   0.6
0.058969091907523974   0.6005
0.05897111342028481   0.601
0.058972315232877916   0.6015
0.058987229014021855   0.602
0.05899218300205897   0.6025
0.05900331386069857   0.603
0.05900744912350175   0.6035
0.05903390437350004   0.604
0.05904518471486153   0.6045
0.05905118466918712   0.605
0.05905432381194114   0.6055
0.05906605376796324   0.606
0.059086774134240565   0.6065
0.0590881263681612   0.607
0.05912114835243443   0.6075
0.059125587265320086   0.608
0.059126356442616226   0.6085
0.059132145706764234   0.609
0.05916353184937692   0.6095
0.05916644288255536   0.61
0.05917241065022906   0.6105
0.05918401354475164   0.611
0.05922308996443919   0.6115
0.059229919487799945   0.612
0.05924174119695734   0.6125
0.05929435437683209   0.613
0.059337707476300273   0.6135
0.059369281005400384   0.614
0.059370750636935324   0.6145
0.05940261678740352   0.615
0.05943380966192188   0.6155
0.0594530344063545   0.616
0.059474011406512504   0.6165
0.0594766875339243   0.617
0.05947817347280353   0.6175
0.0595431345475589   0.618
0.059549080406021554   0.6185
0.05956113137549334   0.619
0.05956941714963922   0.6195
0.05959267429992605   0.62
0.059602165158498   0.6205
0.05961257911854879   0.621
0.059615546094798993   0.6215
0.059632778905565106   0.622
0.059653942354415616   0.6225
0.05966536447797878   0.623
0.05970903700350421   0.6235
0.0597594186345016   0.624
0.0597707126981045   0.6245
0.05977219945061103   0.625
0.05979951801432151   0.6255
0.05981531736614784   0.626
0.05981640947479583   0.6265
0.059823436082176544   0.627
0.05984099004954501   0.6275
0.05984240085219654   0.628
0.05984908458236004   0.6285
0.05988073554700311   0.629
0.05989694818597327   0.6295
0.05990589418167651   0.63
0.059914985394686905   0.6305
0.059952522937787536   0.631
0.05999118114807974   0.6315
0.0600310024353793   0.632
0.06003506642725438   0.6325
0.06003595851227453   0.633
0.06003891158943483   0.6335
0.060055141186785226   0.634
0.06009598767365469   0.6345
0.06015600455982937   0.635
0.06017923726869721   0.6355
0.06018540140472961   0.636
0.060211918493649784   0.6365
0.06021482490789981   0.637
0.06023094794864692   0.6375
0.06023550553496633   0.638
0.06024656663665985   0.6385
0.06026924773003427   0.639
0.060272513378607555   0.6395
0.06027445454100625   0.64
0.06027762797785732   0.6405
0.06033842837252628   0.641
0.06034329923796188   0.6415
0.06034491836184812   0.642
0.06050485634508668   0.6425
0.06052613611047722   0.643
0.060537386806803706   0.6435
0.06055172530876474   0.644
0.06061596267694072   0.6445
0.060627376015887406   0.645
0.06065935719212916   0.6455
0.060690487384653075   0.646
0.06069543146219729   0.6465
0.06073126043216549   0.647
0.06075966108378557   0.6475
0.06076411033709372   0.648
0.060813156773767564   0.6485
0.06087185231129519   0.649
0.06087343522188799   0.6495
0.060883494304281555   0.65
0.06089229593133714   0.6505
0.06098716421751378   0.651
0.06100775832231598   0.6515
0.06101598809939982   0.652
0.06102641336292133   0.6525
0.06106106071563525   0.653
0.06106237319895741   0.6535
0.06106447322465017   0.654
0.06107847867517695   0.6545
0.061095602734262386   0.655
0.06114888077986798   0.6555
0.06120270386486743   0.656
0.061202901202143736   0.6565
0.061205224632566016   0.657
0.061217277628056746   0.6575
0.061233092769475216   0.658
0.06124159094568634   0.6585
0.061248556960313005   0.659
0.06126118907671794   0.6595
0.0612618439415483   0.66
0.06128972469712628   0.6605
0.061401254898002106   0.661
0.06144051743038787   0.6615
0.06145780253949852   0.662
0.06146663344334684   0.6625
0.061544121342528   0.663
0.061587571323581156   0.6635
0.06163357757079423   0.664
0.06168433661508501   0.6645
0.0616973489414005   0.665
0.06169885073007977   0.6655
0.061701145098949535   0.666
0.061701930544654365   0.6665
0.06170653143836976   0.667
0.06172956802792039   0.6675
0.06174784640962448   0.668
0.061751029208608955   0.6685
0.061752188189609813   0.669
0.061763043141373264   0.6695
0.061799479012142326   0.67
0.06182726995771518   0.6705
0.06186434918258788   0.671
0.06187139952057936   0.6715
0.0618728023721324   0.672
0.06189615271168142   0.6725
0.061896269438066885   0.673
0.06191834556269414   0.6735
0.061927310329331235   0.674
0.061933001036069184   0.6745
0.062058227231139164   0.675
0.06206156270839606   0.6755
0.06207213235342194   0.676
0.062129488691870405   0.6765
0.06213192430727469   0.677
0.06214381524785404   0.6775
0.06216044428566706   0.678
0.0621874964561134   0.6785
0.062189548769681455   0.679
0.06226223326402758   0.6795
0.06227797442084391   0.68
0.06230498458347588   0.6805
0.06236037829612818   0.681
0.062388868990436025   0.6815
0.06239711669862901   0.682
0.062411733364388745   0.6825
0.06245412713691888   0.683
0.062475750600012495   0.6835
0.06249794160663815   0.684
0.06250650415557266   0.6845
0.06251073951607927   0.685
0.06251268154944081   0.6855
0.06254874851055203   0.686
0.06260241548017259   0.6865
0.06262744130060852   0.687
0.06263475016219602   0.6875
0.06263593047829787   0.688
0.06264201314659236   0.6885
0.06271548406099227   0.689
0.06272601263780109   0.6895
0.06275134696167355   0.69
0.06275198133477179   0.6905
0.06275473346590577   0.691
0.06278457124118646   0.6915
0.06278792947255105   0.692
0.0627917252504546   0.6925
0.0627958996108374   0.693
0.0628211561192053   0.6935
0.06286785516329893   0.694
0.06292946879318104   0.6945
0.06294935507421993   0.695
0.0629526968739113   0.6955
0.06301209571194165   0.696
0.0630152699414725   0.6965
0.0630272409446448   0.697
0.06310459594465549   0.6975
0.06310491036809639   0.698
0.06315139911001037   0.6985
0.06320658874698412   0.699
0.06320724547019566   0.6995
0.06321480942498924   0.7
0.06334418096969577   0.7005
0.063382337089823   0.701
0.06338651748366333   0.7015
0.06338945385869812   0.702
0.06339677338199673   0.7025
0.06341417897265719   0.703
0.06343819065276764   0.7035
0.06344947900628232   0.704
0.06347985417985522   0.7045
0.0635090541419866   0.705
0.0635258232520149   0.7055
0.06352617341069958   0.706
0.06357101445056094   0.7065
0.06358040403360313   0.707
0.06358191503481085   0.7075
0.06358298932884346   0.708
0.06364374822794265   0.7085
0.06374783243840414   0.709
0.0637597528891618   0.7095
0.06377481193330543   0.71
0.06378393304891136   0.7105
0.06380256345013437   0.711
0.06382382567051471   0.7115
0.06384521056105648   0.712
0.06385323208506992   0.7125
0.06387254508307942   0.713
0.06387459003016417   0.7135
0.06400961409018374   0.714
0.06403311687442488   0.7145
0.06404079975057371   0.715
0.06409649852844035   0.7155
0.06414011194032292   0.716
0.0641434633706679   0.7165
0.06415189446806535   0.717
0.06416547381743014   0.7175
0.06416985657120837   0.718
0.06423700458212718   0.7185
0.06430473280088243   0.719
0.06431845450161101   0.7195
0.06432937610045576   0.72
0.0643566950838034   0.7205
0.06441175195617684   0.721
0.06444301688904229   0.7215
0.06447203432675745   0.722
0.0644814296742498   0.7225
0.06448974132390956   0.723
0.0645038425146464   0.7235
0.06454131922269342   0.724
0.06462320900696102   0.7245
0.06462457950259491   0.725
0.06463595164082328   0.7255
0.06466198153087797   0.726
0.06466574650765092   0.7265
0.06470506985783162   0.727
0.06473055617462037   0.7275
0.06473464620300809   0.728
0.0647567828786965   0.7285
0.06475900528126831   0.729
0.06476965606160177   0.7295
0.06477211965866247   0.73
0.06478781922938855   0.7305
0.0648144405238812   0.731
0.06481459284961076   0.7315
0.06486129032792869   0.732
0.06494000044467123   0.7325
0.06494232010970843   0.733
0.06497446753337906   0.7335
0.0649871675119363   0.734
0.0650591059285213   0.7345
0.06506804532732782   0.735
0.06516518516468284   0.7355
0.06517363042205171   0.736
0.06523062031272232   0.7365
0.06526946913280623   0.737
0.06527729092151086   0.7375
0.06530444677201647   0.738
0.06530757618687547   0.7385
0.06531833979756452   0.739
0.065330740321762   0.7395
0.06533654061714278   0.74
0.06534446044546595   0.7405
0.06535615224029194   0.741
0.06539334565176008   0.7415
0.06540281951527198   0.742
0.06544617020706851   0.7425
0.06545632925994974   0.743
0.0654732006945463   0.7435
0.06548060631054757   0.744
0.06548099398848899   0.7445
0.0654813661461952   0.745
0.06548839507202568   0.7455
0.06551815354376152   0.746
0.06552763313945317   0.7465
0.06552878116002783   0.747
0.06556934775695676   0.7475
0.0655765701036992   0.748
0.06559674670304615   0.7485
0.06566552528450974   0.749
0.06573125320055316   0.7495
0.06573971522211325   0.75
0.06575219574876753   0.7505
0.06577982480683539   0.751
0.06585424153921281   0.7515
0.06589727377431703   0.752
0.06596508605607744   0.7525
0.06600378149887152   0.753
0.06602110159089686   0.7535
0.06603326807404626   0.754
0.0660471845236461   0.7545
0.06606362712880483   0.755
0.0661116843743925   0.7555
0.06611503115860531   0.756
0.06612555338074955   0.7565
0.06620122247182367   0.757
0.0662392723231262   0.7575
0.06625803589240714   0.758
0.06630223280858862   0.7585
0.0663035593725589   0.759
0.0663253767333195   0.7595
0.06635902246492333   0.76
0.06638601854261111   0.7605
0.06642604152431147   0.761
0.06642801684063482   0.7615
0.06644562200376862   0.762
0.0664965105783581   0.7625
0.06650239909716753   0.763
0.06651117439863855   0.7635
0.06657356318269449   0.764
0.06657806598592485   0.7645
0.06657821711143494   0.765
0.06657845549301587   0.7655
0.06659831352151228   0.766
0.06665049236245774   0.7665
0.06666089098516342   0.767
0.06667011461288934   0.7675
0.06667669957447472   0.768
0.06674727420880297   0.7685
0.06677364569887921   0.769
0.06677848737123385   0.7695
0.06680825905351655   0.77
0.0668112112344506   0.7705
0.06681502585677943   0.771
0.06686892328366913   0.7715
0.06693724559783597   0.772
0.06694354850144102   0.7725
0.06703103930419778   0.773
0.06706961383503936   0.7735
0.06710114936333393   0.774
0.06711103294489768   0.7745
0.06713349579205703   0.775
0.0671374289874772   0.7755
0.06726517893579649   0.776
0.0672851402588158   0.7765
0.06737039969828043   0.777
0.06738562646518334   0.7775
0.06739019111240246   0.778
0.0674355308153014   0.7785
0.06747041063658857   0.779
0.06748134349458648   0.7795
0.06748833649492617   0.78
0.06751236336937397   0.7805
0.06760619637529876   0.781
0.06765510136495358   0.7815
0.0678297884906186   0.782
0.0678503425132308   0.7825
0.06788446853408278   0.783
0.06790631149342627   0.7835
0.06790809448937954   0.784
0.06793844277036545   0.7845
0.06794704388179007   0.785
0.06796757005986948   0.7855
0.06799096133482177   0.786
0.06806409057744951   0.7865
0.06811170866782558   0.787
0.06815065517023522   0.7875
0.06824815423908338   0.788
0.06825347279318993   0.7885
0.06826421344788192   0.789
0.06832337003056993   0.7895
0.06835427230330915   0.79
0.06836102652682885   0.7905
0.06836373562381393   0.791
0.06837464297609587   0.7915
0.06839411144977726   0.792
0.06840942990496669   0.7925
0.06842450798622451   0.793
0.06849260709771339   0.7935
0.06849740796642126   0.794
0.06852044270993822   0.7945
0.0685247563686024   0.795
0.06853958100403558   0.7955
0.0685460207337372   0.796
0.06859007689606642   0.7965
0.06859391391307994   0.797
0.06861866238233692   0.7975
0.06864739712142767   0.798
0.06866210172165513   0.7985
0.06866834151848625   0.799
0.06868153778577696   0.7995
0.06870303765834461   0.8
0.06876180712628895   0.8005
0.06884105844115243   0.801
0.06903795385347482   0.8015
0.06908719361577248   0.802
0.06910238212256921   0.8025
0.0691442633825715   0.803
0.06914498693324847   0.8035
0.06921510503294334   0.804
0.06927519590294696   0.8045
0.06933011345800903   0.805
0.06937365761222387   0.8055
0.0693892341793462   0.806
0.06939266178149384   0.8065
0.06939890152088496   0.807
0.06941859378393257   0.8075
0.0694311161271607   0.808
0.06944520017833992   0.8085
0.06950419017819284   0.809
0.06962798704146596   0.8095
0.0697932642784106   0.81
0.06981987054244918   0.8105
0.06982729908370076   0.811
0.06983561416037436   0.8115
0.06984928617632953   0.812
0.0699097104042601   0.8125
0.07010734094731991   0.813
0.07013109738969   0.8135
0.07014850776447942   0.814
0.07021030169523139   0.8145
0.07022923388549285   0.815
0.07023698544426647   0.8155
0.07026117723280316   0.816
0.07037517637705057   0.8165
0.07039949709778161   0.817
0.07041774474119267   0.8175
0.07042898355265649   0.818
0.07043495112370078   0.8185
0.07044308092944453   0.819
0.07047488208128674   0.8195
0.07053956460100365   0.82
0.07054121327852649   0.8205
0.0705574563229754   0.821
0.070596217676842   0.8215
0.07062470660261695   0.822
0.07063880014629473   0.8225
0.07065521272645178   0.823
0.07069905048596654   0.8235
0.07070597428907682   0.824
0.07076168182726819   0.8245
0.07077967008045888   0.825
0.07078465190338964   0.8255
0.07081055548533413   0.826
0.070838425723652   0.8265
0.07085287149528477   0.827
0.07098429976022444   0.8275
0.07101642114285381   0.828
0.07104731733059946   0.8285
0.07106287277170772   0.829
0.07109805864043389   0.8295
0.07111425717943125   0.83
0.07112420764065595   0.8305
0.07116602861304176   0.831
0.07121049014589036   0.8315
0.07124525763417508   0.832
0.07124659489299826   0.8325
0.07125091841763624   0.833
0.07126397857793881   0.8335
0.07133192398212916   0.834
0.07139045565457154   0.8345
0.07140036693534926   0.835
0.07141763291244192   0.8355
0.07144086472779985   0.836
0.07144135993718286   0.8365
0.07145976921415602   0.837
0.07146427382295763   0.8375
0.07146764864977774   0.838
0.07149647014991582   0.8385
0.07152481998294903   0.839
0.07157491981287305   0.8395
0.07161094601275629   0.84
0.07166532829978475   0.8405
0.07168818183493919   0.841
0.07170423929654782   0.8415
0.07178471868709127   0.842
0.0718546514252214   0.8425
0.07189176515303793   0.843
0.0719792050838771   0.8435
0.07204122003236117   0.844
0.0720925790048353   0.8445
0.07210217268197343   0.845
0.07232667452731469   0.8455
0.07235313853713009   0.846
0.07236172095042262   0.8465
0.07243470536429283   0.847
0.0724520122194954   0.8475
0.07249979663252716   0.848
0.07256426437986378   0.8485
0.07256448518307167   0.849
0.07262611916863168   0.8495
0.07267941162409366   0.85
0.0727026796693383   0.8505
0.07283386999261432   0.851
0.07288339686068675   0.8515
0.0728970711936433   0.852
0.072916723545165   0.8525
0.0730023449881592   0.853
0.07302015822552403   0.8535
0.07308006286947315   0.854
0.07309062998144517   0.8545
0.07310045820484427   0.855
0.07318791862983538   0.8555
0.07322596418260516   0.856
0.07329987035864614   0.8565
0.07330619616523834   0.857
0.07333045592654104   0.8575
0.07334288395151053   0.858
0.07340223463632231   0.8585
0.07343391934420812   0.859
0.07345940533725577   0.8595
0.07349275541191823   0.86
0.07364354574610914   0.8605
0.07376700015749958   0.861
0.07380732732238175   0.8615
0.07390592126182043   0.862
0.07398726461328221   0.8625
0.07399213959581293   0.863
0.0740078085325735   0.8635
0.07405390332927289   0.864
0.07410770237450377   0.8645
0.07412468402543886   0.865
0.07418216253400517   0.8655
0.07427665283253888   0.866
0.07430158340918724   0.8665
0.07431677564663078   0.867
0.07433311031656567   0.8675
0.07433533797527728   0.868
0.07435342819497058   0.8685
0.07442306965044589   0.869
0.07445310803724209   0.8695
0.07449384464188749   0.87
0.0745368425355494   0.8705
0.0745629718109583   0.871
0.07458218991936362   0.8715
0.07463789702044213   0.872
0.0746812535037325   0.8725
0.07479073646782759   0.873
0.0747998261476656   0.8735
0.07484824375747016   0.874
0.07488005566435152   0.8745
0.07494614860136561   0.875
0.07496188349894511   0.8755
0.07499663944204805   0.876
0.07501554507759678   0.8765
0.07519199893693838   0.877
0.07523267026656309   0.8775
0.07523586976928148   0.878
0.07523976887024393   0.8785
0.07527284397336867   0.879
0.0752791973123683   0.8795
0.07529627719776744   0.88
0.07533830713802385   0.8805
0.07533928422494131   0.881
0.07542535479537575   0.8815
0.07544907558332355   0.882
0.07556612977985958   0.8825
0.07559344174572102   0.883
0.07561452346711113   0.8835
0.07563969029738014   0.884
0.075677858746525   0.8845
0.07573542266551718   0.885
0.07575794678648021   0.8855
0.07576583870863447   0.886
0.07583378453906833   0.8865
0.07587131533448922   0.887
0.07594327035698015   0.8875
0.07594956966088566   0.888
0.07602193439972739   0.8885
0.07615036611839424   0.889
0.07617738526555343   0.8895
0.076185039554823   0.89
0.0762113793885469   0.8905
0.07623878295363017   0.891
0.07626104544270351   0.8915
0.07639013282802604   0.892
0.07640194628274168   0.8925
0.07644856868362124   0.893
0.07646907753182085   0.8935
0.07647242925386356   0.894
0.07655554250368468   0.8945
0.07665609078874638   0.895
0.07667699035799855   0.8955
0.07672038237010341   0.896
0.07673298010278046   0.8965
0.07673954347773827   0.897
0.07681571043115437   0.8975
0.07683784375734858   0.898
0.07683854741669445   0.8985
0.07689319334899086   0.899
0.0769254457117635   0.8995
0.07726824731628973   0.9
0.07730123506831264   0.9005
0.07732214599863742   0.901
0.07741328719071972   0.9015
0.07746389072286758   0.902
0.07746772491881776   0.9025
0.07757383396150117   0.903
0.0776187746833409   0.9035
0.07763246021385738   0.904
0.07766845458336843   0.9045
0.07774919108037953   0.905
0.07778923768500642   0.9055
0.07779413654585195   0.906
0.07792867864920545   0.9065
0.07799622606213699   0.907
0.07804548317285274   0.9075
0.07809954585198577   0.908
0.07819902066462722   0.9085
0.07822191135709408   0.909
0.0782621282590806   0.9095
0.07828156174743985   0.91
0.07833018749861287   0.9105
0.07839812945401431   0.911
0.07843316687732757   0.9115
0.07844854606570126   0.912
0.07864594467981025   0.9125
0.07873521155919742   0.913
0.07873723874228228   0.9135
0.0787662706793437   0.914
0.07882392268334455   0.9145
0.07884289861602047   0.915
0.0788519924225597   0.9155
0.07889552077033195   0.916
0.07889738837251864   0.9165
0.07891190359514612   0.917
0.07895623223035217   0.9175
0.07898505157897451   0.918
0.07907037957192221   0.9185
0.07922704897036675   0.919
0.07923859964070432   0.9195
0.07945112960742891   0.92
0.07945204440597925   0.9205
0.07960914105670855   0.921
0.0796344806505103   0.9215
0.07971366108659499   0.922
0.07977123740376739   0.9225
0.0797723790883711   0.923
0.07978082718991993   0.9235
0.07979040141389579   0.924
0.07991902741216975   0.9245
0.07992609147123318   0.925
0.0800301054699492   0.9255
0.08003940422420926   0.926
0.08013075144116104   0.9265
0.08034729314146895   0.927
0.08035131481110075   0.9275
0.0804125283979716   0.928
0.08049293108125181   0.9285
0.08051014475616335   0.929
0.0805583434131867   0.9295
0.08073415960001332   0.93
0.08074342080574294   0.9305
0.08085692112344924   0.931
0.08099581919660656   0.9315
0.08100201630300999   0.932
0.08107390731687948   0.9325
0.0811010481000224   0.933
0.08120052202650811   0.9335
0.08126776281491993   0.934
0.08127588398350714   0.9345
0.08158366202363801   0.935
0.08171176283103629   0.9355
0.08178209330972791   0.936
0.08178660296939015   0.9365
0.08178692305065831   0.937
0.08186284369774163   0.9375
0.081942499513441   0.938
0.08218624966909865   0.9385
0.082242196010511   0.939
0.08224888326670823   0.9395
0.08238722229040009   0.94
0.08239068662835292   0.9405
0.08266683600486728   0.941
0.08276525024065871   0.9415
0.08281499267595281   0.942
0.0828244847831348   0.9425
0.08285376866518109   0.943
0.08296328853900801   0.9435
0.08306515281877234   0.944
0.0831550617134191   0.9445
0.08320125632358519   0.945
0.08335942198478603   0.9455
0.0835123965237497   0.946
0.0835917245741162   0.9465
0.0836629432658475   0.947
0.08375959266724431   0.9475
0.08396936313259498   0.948
0.08398451811285149   0.9485
0.08412668504039784   0.949
0.08425090936337075   0.9495
0.08450350446032177   0.95
0.08453440211508648   0.9505
0.08459077132955474   0.951
0.08478437523426027   0.9515
0.08520693929786637   0.952
0.08562067364354566   0.9525
0.08568797736157009   0.953
0.08570308366096065   0.9535
0.08581688356547985   0.954
0.0858852722258679   0.9545
0.085909752929503   0.955
0.08594602783062259   0.9555
0.08595623686213555   0.956
0.08614388126405893   0.9565
0.0864226324222305   0.957
0.08642541466389538   0.9575
0.08657257383461205   0.958
0.08675006015329653   0.9585
0.08680374724706767   0.959
0.08692626877358454   0.9595
0.08699463747024563   0.96
0.08746991112274775   0.9605
0.08771326302835543   0.961
0.08780418107723725   0.9615
0.08781455772694034   0.962
0.08782226553040348   0.9625
0.08826566635612727   0.963
0.08829075755393788   0.9635
0.08833341066758423   0.964
0.08869295231878559   0.9645
0.08877405334397573   0.965
0.08877481597976752   0.9655
0.08906855749814083   0.966
0.0892530187916287   0.9665
0.08939768538311602   0.967
0.08942258673182431   0.9675
0.08970894676646785   0.968
0.08975655751826678   0.9685
0.09004642334378937   0.969
0.09015376179319445   0.9695
0.09019498616694113   0.97
0.09042971687668577   0.9705
0.09056293983247565   0.971
0.0910850622351448   0.9715
0.09114819260568896   0.972
0.09114880496459592   0.9725
0.09122053772185049   0.973
0.09148707021295041   0.9735
0.09151481594938234   0.974
0.09190561419427501   0.9745
0.09212583536287146   0.975
0.0924368717666686   0.9755
0.09286050728365162   0.976
0.09304716628157916   0.9765
0.09313075877421535   0.977
0.09332716755255083   0.9775
0.09337336640866414   0.978
0.09344132897812435   0.9785
0.09368119155768313   0.979
0.09406606557850142   0.9795
0.09408848598488995   0.98
0.0941725736124515   0.9805
0.09438605980047829   0.981
0.09449589661658443   0.9815
0.09522030052159156   0.982
0.09574816873605432   0.9825
0.09581594977342309   0.983
0.09600686471319501   0.9835
0.09684117803473163   0.984
0.0974356800068182   0.9845
0.09785474282535767   0.985
0.09788067404590095   0.9855
0.0979333042077761   0.986
0.09840449886814485   0.9865
0.09856239546130705   0.987
0.09870406052905165   0.9875
0.09895587478671915   0.988
0.09908541142331234   0.9885
0.09939568379739375   0.989
0.09946817778536178   0.9895
0.09948346163524183   0.99
0.0996877163932826   0.9905
0.09981832413239897   0.991
0.10057355263030948   0.9915
0.10193818864264152   0.992
0.10270289110133184   0.9925
0.10274444820249462   0.993
0.10430436653915016   0.9935
0.10452220475082531   0.994
0.10460332563442577   0.9945
0.10483484072785113   0.995
0.10506857892377255   0.9955
0.10532366019029944   0.996
0.10600250812645727   0.9965
0.107566158298124   0.997
0.10767587195689282   0.9975
0.1081338252540289   0.998
0.10868538602302345   0.9985
0.11327570388743316   0.999
0.11920303684976156   0.9995
