1.432762657281801e-05
0.017662231335506613
0.12121426581113832
0.029061117875636158
0.00034770037646812864
0.2966893507732851
0.09368729147551143
0.6352781793398433
0.46704512165284434
0.24196933616902164
0.05367784964503042
0.46704512165284434
0.10674954203435372
0.2966893507732851
0.2966893507732851
0.2966893507732851
0.8743771989156593
0.0011150491792692634
0.12121426581113832
0.029061117875636158
0.24196933616902164
0.0397792802149721
0.10674954203435372
0.24196933616902164
0.001391741594422679
0.004861736391876227
0.42920977720933345
0.020927110606091877
0.08193870178886331
0.7279715978436843
0.26837269985927925
0.1947663284618066
0.24196933616902164
0.1947663284618066
0.7279715978436843
0.7759635149566824
0.26837269985927925
0.17386931679906217
0.012444146277177421
0.007159477052395086
0.04629119736052855
0.24196933616902164
0.24196933616902164
0.05367784964503042
0.029061117875636158
0.10674954203435372
0.12121426581113832
0.39321826046764663
0.13716800527076464
0.39321826046764663
0.014852493227171141
0.09368729147551143
0.017662231335506613
0.3269366824317885
0.15469370647993838
0.1947663284618066
0.05367784964503042
0.39321826046764663
0.26837269985927925
0.17386931679906217
0.10674954203435372
0.0032525998131648715
0.003984025530762955
0.09368729147551143
0.5066600426249498
0.020927110606091877
0.6352781793398433
0.17386931679906217
0.5066600426249498
0.062023195098386955
0.5066600426249498
0.35911734869080425
0.00012776431832440326
0.0011150491792692634
0.2966893507732851
0.2966893507732851
0.09368729147551143
0.46704512165284434
0.9244256441410681
0.09368729147551143
0.8743771989156593
0.13716800527076464
0.8248262531463566
0.012444146277177421
0.5066600426249498
0.0011150491792692634
0.10674954203435372
0.13716800527076464
0.09368729147551143
0.0397792802149721
0.1947663284618066
0.05367784964503042
0.03406149930665214
0.0397792802149721
0.5908841078027648
0.6352781793398433
0.13716800527076464
0.008639949002263891
0.0397792802149721
3.351030790893409e-05
0.46704512165284434
0.46704512165284434
0.21744829320424017
0.03406149930665214
0.0032525998131648715
0.10674954203435372
0.13716800527076464
0.0397792802149721
0.2966893507732851
0.029061117875636158
0.01038813156616595
0.24196933616902164
0.029061117875636158
0.26837269985927925
0.13716800527076464
0.005910754855273498
0.03406149930665214
0.2966893507732851
0.21744829320424017
0.2966893507732851
0.5479727459240943
0.029061117875636158
0.8743771989156593
0.5479727459240943
0.13716800527076464
0.6810229832767738
0.017662231335506613
0.5479727459240943
0.5066600426249498
0.2966893507732851
0.5066600426249498
0.6352781793398433
0.10674954203435372
0.012444146277177421
0.24196933616902164
0.21744829320424017
4.4136182591020366e-05
0.012444146277177421
0.10674954203435372
0.15469370647993838
0.07141392352790531
0.17386931679906217
0.8248262531463566
0.10674954203435372
0.02470564545159516
0.8743771989156593
0.003984025530762955
0.007159477052395086
0.07141392352790531
0.21744829320424017
0.0004423202261001664
0.13716800527076464
0.12121426581113832
0.42920977720933345
0.0002123966035362629
0.15469370647993838
0.0397792802149721
0.07141392352790531
0.02470564545159516
0.05367784964503042
0.0007076562720107687
0.09368729147551143
0.5479727459240943
0.10674954203435372
0.5479727459240943
0.46704512165284434
0.8248262531463566
0.1947663284618066
0.6352781793398433
0.5479727459240943
0.12121426581113832
0.17386931679906217
0.09368729147551143
0.12121426581113832
0.7279715978436843
0.05367784964503042
0.017662231335506613
0.2966893507732851
0.15469370647993838
0.8743771989156593
0.014852493227171141
0.46704512165284434
0.0011150491792692634
0.08193870178886331
0.7759635149566824
0.029061117875636158
0.13716800527076464
0.020927110606091877
0.004861736391876227
0.24196933616902164
0.0004423202261001664
0.1947663284618066
0.7279715978436843
0.5908841078027648
0.17386931679906217
0.01038813156616595
0.09368729147551143
0.12121426581113832
0.24196933616902164
0.020927110606091877
0.03406149930665214
0.08193870178886331
0.029061117875636158
0.15469370647993838
0.029061117875636158
0.0017305360849770046
0.13716800527076464
0.0397792802149721
0.3269366824317885
0.5479727459240943
0.0011150491792692634
0.09368729147551143
0.09368729147551143
0.7759635149566824
0.07141392352790531
0.012444146277177421
1.0
0.09368729147551143
0.0026455298391434463
0.00027227629525333015
0.2966893507732851
0.5908841078027648
0.004861736391876227
0.46704512165284434
0.2966893507732851
0.062023195098386955
0.020927110606091877
0.5908841078027648
0.017662231335506613
0.46704512165284434
0.21744829320424017
0.10674954203435372
0.12121426581113832
0.020927110606091877
0.0032525998131648715
0.2966893507732851
0.09368729147551143
0.029061117875636158
0.5066600426249498
0.9244256441410681
0.46704512165284434
0.7279715978436843
0.3269366824317885
0.029061117875636158
1.0
0.008639949002263891
0.014852493227171141
0.42920977720933345
1.0
0.0021437000978482947
0.24196933616902164
0.42920977720933345
0.7759635149566824
0.46704512165284434
0.24196933616902164
0.3269366824317885
0.24196933616902164
0.01038813156616595
0.003984025530762955
0.26837269985927925
0.8248262531463566
0.08193870178886331
0.2966893507732851
0.07141392352790531
0.05367784964503042
0.3269366824317885
0.35911734869080425
0.42920977720933345
0.062023195098386955
0.012444146277177421
0.0011150491792692634
0.017662231335506613
0.05367784964503042
0.03406149930665214
0.6352781793398433
0.0397792802149721
0.0011150491792692634
0.24196933616902164
0.17386931679906217
0.014852493227171141
0.21744829320424017
0.008639949002263891
0.9747749818223166
0.8248262531463566
0.03406149930665214
0.005910754855273498
0.017662231335506613
0.05367784964503042
0.017662231335506613
0.029061117875636158
0.42920977720933345
0.012444146277177421
0.24196933616902164
0.0032525998131648715
0.014852493227171141
0.12121426581113832
0.020927110606091877
0.3269366824317885
0.07141392352790531
0.004861736391876227
0.35911734869080425
0.24196933616902164
0.0032525998131648715
0.0397792802149721
0.7279715978436843
0.35911734869080425
0.39321826046764663
0.3269366824317885
0.10674954203435372
0.017662231335506613
0.15469370647993838
0.5908841078027648
0.00027227629525333015
0.1947663284618066
0.09368729147551143
0.03406149930665214
0.03406149930665214
0.26837269985927925
0.07141392352790531
0.5479727459240943
0.7759635149566824
0.05367784964503042
0.12121426581113832
0.017662231335506613
0.03406149930665214
0.01038813156616595
0.08193870178886331
0.5908841078027648
1.0
0.24196933616902164
0.7279715978436843
0.003984025530762955
0.13716800527076464
0.21744829320424017
0.7279715978436843
0.00016504987055051827
0.00016504987055051827
0.0017305360849770046
0.12121426581113832
0.26837269985927925
0.029061117875636158
0.21744829320424017
0.0008899859647700784
0.21744829320424017
0.8743771989156593
0.7279715978436843
0.09368729147551143
0.1947663284618066
0.21744829320424017
0.8743771989156593
0.09368729147551143
0.26837269985927925
0.012444146277177421
0.12121426581113832
0.05367784964503042
0.7759635149566824
0.39321826046764663
0.02470564545159516
0.012444146277177421
0.004861736391876227
0.21744829320424017
0.39321826046764663
0.0007076562720107687
0.0397792802149721
0.15469370647993838
0.7759635149566824
0.8743771989156593
0.13716800527076464
0.03406149930665214
0.012444146277177421
0.26837269985927925
0.10674954203435372
0.1947663284618066
0.7759635149566824
0.39321826046764663
0.21744829320424017
0.005910754855273498
0.6810229832767738
0.09368729147551143
0.0397792802149721
0.15469370647993838
0.0026455298391434463
0.1947663284618066
0.029061117875636158
0.39321826046764663
0.2966893507732851
0.21744829320424017
0.02470564545159516
0.5479727459240943
0.8248262531463566
0.0004423202261001664
0.01038813156616595
0.09368729147551143
0.05367784964503042
0.24196933616902164
0.6352781793398433
0.03406149930665214
0.05367784964503042
0.12121426581113832
0.01038813156616595
0.21744829320424017
0.21744829320424017
0.062023195098386955
0.13716800527076464
0.6810229832767738
0.13716800527076464
0.007159477052395086
0.062023195098386955
0.39321826046764663
0.0397792802149721
0.13716800527076464
0.5066600426249498
0.04629119736052855
0.012444146277177421
0.5066600426249498
0.012444146277177421
0.42920977720933345
0.12121426581113832
0.003984025530762955
0.8248262531463566
0.02470564545159516
0.24196933616902164
0.0008899859647700784
0.5479727459240943
0.08193870178886331
0.029061117875636158
0.9244256441410681
0.13716800527076464
0.062023195098386955
0.062023195098386955
0.17386931679906217
0.10674954203435372
0.07141392352790531
0.8248262531463566
0.7759635149566824
0.05367784964503042
0.029061117875636158
0.6810229832767738
0.10674954203435372
0.21744829320424017
0.0397792802149721
0.012444146277177421
0.13716800527076464
0.0021437000978482947
0.005910754855273498
0.012444146277177421
0.13716800527076464
0.17386931679906217
0.10674954203435372
0.17386931679906217
0.6810229832767738
0.5479727459240943
0.6810229832767738
0.029061117875636158
0.5066600426249498
0.003984025530762955
0.09368729147551143
0.17386931679906217
0.062023195098386955
0.13716800527076464
0.07141392352790531
0.3269366824317885
0.39321826046764663
0.00034770037646812864
0.15469370647993838
0.062023195098386955
0.1947663284618066
0.0026455298391434463
0.03406149930665214
0.35911734869080425
0.014852493227171141
0.6810229832767738
0.03406149930665214
0.007159477052395086
0.7279715978436843
0.020927110606091877
0.8743771989156593
0.020927110606091877
0.12121426581113832
0.02470564545159516
0.0008899859647700784
0.03406149930665214
0.0032525998131648715
0.0397792802149721
0.8248262531463566
0.020927110606091877
0.017662231335506613
0.9244256441410681
0.0005605418809211542
0.9747749818223166
0.07141392352790531
0.5908841078027648
0.03406149930665214
0.7759635149566824
0.3269366824317885
0.017662231335506613
0.21744829320424017
0.12121426581113832
0.008639949002263891
0.42920977720933345
0.0007076562720107687
0.17386931679906217
0.15469370647993838
0.35911734869080425
0.0008899859647700784
0.07141392352790531
0.39321826046764663
0.029061117875636158
0.03406149930665214
0.5066600426249498
0.5908841078027648
0.6810229832767738
0.21744829320424017
0.39321826046764663
0.8248262531463566
1.0
0.9747749818223166
0.01038813156616595
0.2966893507732851
0.017662231335506613
0.07141392352790531
0.8743771989156593
0.05367784964503042
0.24196933616902164
0.00016504987055051827
0.08193870178886331
0.12121426581113832
0.26837269985927925
0.03406149930665214
0.020927110606091877
0.020927110606091877
0.014852493227171141
0.0026455298391434463
0.8248262531463566
0.07141392352790531
0.004861736391876227
0.5908841078027648
0.020927110606091877
0.00034770037646812864
0.1947663284618066
0.46704512165284434
0.01038813156616595
0.7759635149566824
0.5908841078027648
0.7279715978436843
0.7279715978436843
0.35911734869080425
0.3269366824317885
0.08193870178886331
0.3269366824317885
0.26837269985927925
0.005910754855273498
0.2966893507732851
0.15469370647993838
0.0397792802149721
0.062023195098386955
0.03406149930665214
0.07141392352790531
0.09368729147551143
0.004861736391876227
0.005910754855273498
0.3269366824317885
0.5479727459240943
0.07141392352790531
0.2966893507732851
0.13716800527076464
0.9244256441410681
0.17386931679906217
0.35911734869080425
0.5066600426249498
0.09368729147551143
0.6352781793398433
0.26837269985927925
0.04629119736052855
0.04629119736052855
0.0026455298391434463
0.7759635149566824
0.15469370647993838
1.0
0.3269366824317885
0.12121426581113832
0.21744829320424017
0.6352781793398433
0.0017305360849770046
0.12121426581113832
0.04629119736052855
0.2966893507732851
0.012444146277177421
0.0397792802149721
0.10674954203435372
0.1947663284618066
0.46704512165284434
0.062023195098386955
0.5066600426249498
0.2966893507732851
0.0021437000978482947
0.26837269985927925
0.2966893507732851
0.1947663284618066
0.2966893507732851
0.0026455298391434463
0.7759635149566824
0.8248262531463566
0.008639949002263891
0.26837269985927925
0.1947663284618066
0.26837269985927925
0.21744829320424017
0.00034770037646812864
0.5479727459240943
0.7279715978436843
0.020927110606091877
0.017662231335506613
0.1947663284618066
0.017662231335506613
0.10674954203435372
0.014852493227171141
0.01038813156616595
0.017662231335506613
0.07141392352790531
0.02470564545159516
0.39321826046764663
0.03406149930665214
0.15469370647993838
0.04629119736052855
0.39321826046764663
0.09368729147551143
0.0397792802149721
0.6810229832767738
0.3269366824317885
0.00027227629525333015
0.10674954203435372
0.7759635149566824
0.003984025530762955
0.13716800527076464
0.7279715978436843
0.01038813156616595
0.04629119736052855
0.12121426581113832
0.03406149930665214
0.07141392352790531
0.5908841078027648
0.17386931679906217
0.39321826046764663
0.029061117875636158
0.8743771989156593
0.008639949002263891
0.08193870178886331
0.07141392352790531
4.4136182591020366e-05
0.5479727459240943
0.017662231335506613
0.017662231335506613
0.8248262531463566
0.6810229832767738
0.9747749818223166
0.2966893507732851
0.46704512165284434
0.9747749818223166
0.07141392352790531
0.15469370647993838
0.07141392352790531
0.17386931679906217
0.062023195098386955
0.1947663284618066
0.39321826046764663
0.012444146277177421
0.062023195098386955
0.08193870178886331
0.10674954203435372
0.07141392352790531
0.07141392352790531
0.35911734869080425
0.46704512165284434
0.42920977720933345
0.5066600426249498
0.8248262531463566
0.5908841078027648
0.8743771989156593
0.42920977720933345
0.39321826046764663
0.029061117875636158
0.5479727459240943
0.00012776431832440326
0.062023195098386955
0.005910754855273498
0.9747749818223166
0.020927110606091877
0.0008899859647700784
0.21744829320424017
0.07141392352790531
0.014852493227171141
0.13716800527076464
0.9244256441410681
0.5479727459240943
0.008639949002263891
0.9244256441410681
0.42920977720933345
0.35911734869080425
0.1947663284618066
0.6352781793398433
0.21744829320424017
0.003984025530762955
0.26837269985927925
0.15469370647993838
0.2966893507732851
0.02470564545159516
0.24196933616902164
0.7759635149566824
0.7759635149566824
0.39321826046764663
0.1947663284618066
0.09368729147551143
0.017662231335506613
0.0011150491792692634
0.08193870178886331
0.07141392352790531
0.12121426581113832
0.02470564545159516
0.03406149930665214
0.35911734869080425
1.0
0.8248262531463566
0.05367784964503042
0.04629119736052855
0.01038813156616595
0.0008899859647700784
0.0032525998131648715
0.12121426581113832
0.0004423202261001664
0.5479727459240943
0.35911734869080425
0.04629119736052855
0.42920977720933345
0.46704512165284434
0.21744829320424017
0.0026455298391434463
0.7759635149566824
0.09368729147551143
0.05367784964503042
0.46704512165284434
0.12121426581113832
0.012444146277177421
0.02470564545159516
0.0021437000978482947
0.062023195098386955
0.6810229832767738
0.005910754855273498
0.029061117875636158
0.004861736391876227
0.13716800527076464
0.007159477052395086
0.062023195098386955
0.07141392352790531
0.15469370647993838
0.35911734869080425
0.5066600426249498
0.008639949002263891
0.5908841078027648
0.020927110606091877
0.8743771989156593
0.12121426581113832
0.020927110606091877
0.7279715978436843
0.03406149930665214
0.35911734869080425
0.020927110606091877
0.09368729147551143
0.008639949002263891
0.8248262531463566
0.21744829320424017
0.9244256441410681
0.1947663284618066
0.8248262531463566
0.46704512165284434
0.24196933616902164
0.21744829320424017
0.12121426581113832
0.02470564545159516
0.39321826046764663
0.26837269985927925
0.24196933616902164
0.15469370647993838
0.02470564545159516
0.3269366824317885
0.5908841078027648
0.46704512165284434
0.008639949002263891
0.02470564545159516
0.7759635149566824
0.15469370647993838
0.13716800527076464
0.04629119736052855
0.1947663284618066
0.017662231335506613
0.01038813156616595
0.020927110606091877
0.21744829320424017
0.8248262531463566
0.0397792802149721
0.09368729147551143
0.0005605418809211542
0.008639949002263891
0.1947663284618066
0.3269366824317885
0.0026455298391434463
0.46704512165284434
0.029061117875636158
0.007159477052395086
0.1947663284618066
0.00034770037646812864
0.9747749818223166
0.0032525998131648715
0.6810229832767738
0.42920977720933345
0.5479727459240943
0.1947663284618066
0.014852493227171141
0.42920977720933345
0.3269366824317885
0.21744829320424017
0.05367784964503042
0.24196933616902164
0.02470564545159516
0.24196933616902164
0.09368729147551143
0.26837269985927925
0.35911734869080425
0.21744829320424017
0.005910754855273498
0.7759635149566824
0.26837269985927925
0.012444146277177421
0.7279715978436843
0.24196933616902164
0.35911734869080425
0.0397792802149721
0.007159477052395086
0.07141392352790531
0.1947663284618066
0.7279715978436843
0.01038813156616595
0.2966893507732851
0.3269366824317885
0.0021437000978482947
0.012444146277177421
0.0397792802149721
0.26837269985927925
0.7279715978436843
0.020927110606091877
0.017662231335506613
0.10674954203435372
0.8743771989156593
0.26837269985927925
0.09368729147551143
0.020927110606091877
0.05367784964503042
0.17386931679906217
0.001391741594422679
0.062023195098386955
0.7759635149566824
0.5908841078027648
0.15469370647993838
0.6352781793398433
0.13716800527076464
0.3269366824317885
0.004861736391876227
0.07141392352790531
0.9244256441410681
0.09368729147551143
0.24196933616902164
0.3269366824317885
0.08193870178886331
0.2966893507732851
0.012444146277177421
0.7279715978436843
0.08193870178886331
0.7759635149566824
0.02470564545159516
0.2966893507732851
0.02470564545159516
0.26837269985927925
0.09368729147551143
1.0
0.0397792802149721
0.04629119736052855
0.07141392352790531
0.0021437000978482947
0.1947663284618066
0.10674954203435372
0.15469370647993838
0.062023195098386955
0.0011150491792692634
0.1947663284618066
0.1947663284618066
0.09368729147551143
0.7759635149566824
0.02470564545159516
0.08193870178886331
0.42920977720933345
0.04629119736052855
0.07141392352790531
0.09368729147551143
9.852074795092683e-05
0.0032525998131648715
0.0011150491792692634
0.8743771989156593
0.029061117875636158
0.17386931679906217
0.020927110606091877
0.05367784964503042
0.0007076562720107687
0.0008899859647700784
0.00027227629525333015
0.012444146277177421
0.13716800527076464
0.09368729147551143
0.5479727459240943
0.01038813156616595
0.3269366824317885
0.3269366824317885
0.02470564545159516
0.020927110606091877
0.02470564545159516
0.005910754855273498
0.9244256441410681
0.0021437000978482947
0.21744829320424017
0.08193870178886331
0.020927110606091877
0.09368729147551143
0.3269366824317885
0.5908841078027648
0.3269366824317885
0.2966893507732851
0.13716800527076464
0.15469370647993838
1.0709737664964299e-05
0.15469370647993838
0.42920977720933345
0.26837269985927925
0.001391741594422679
0.001391741594422679
0.9747749818223166
0.10674954203435372
1.909285525006285e-05
0.2966893507732851
0.01038813156616595
0.7279715978436843
0.10674954203435372
0.5479727459240943
0.8743771989156593
0.09368729147551143
0.017662231335506613
0.062023195098386955
0.17386931679906217
0.21744829320424017
0.004861736391876227
0.10674954203435372
0.05367784964503042
0.21744829320424017
0.24196933616902164
0.26837269985927925
0.7759635149566824
0.6810229832767738
0.13716800527076464
0.04629119736052855
0.26837269985927925
0.9747749818223166
0.10674954203435372
0.13716800527076464
0.3269366824317885
0.24196933616902164
0.35911734869080425
0.08193870178886331
0.029061117875636158
0.00027227629525333015
0.02470564545159516
0.08193870178886331
0.04629119736052855
0.0032525998131648715
0.00034770037646812864
0.35911734869080425
0.007159477052395086
0.0008899859647700784
0.04629119736052855
0.13716800527076464
0.1947663284618066
0.17386931679906217
0.014852493227171141
0.04629119736052855
0.017662231335506613
0.001391741594422679
0.5479727459240943
0.5908841078027648
0.04629119736052855
0.020927110606091877
0.2966893507732851
5.790595138773166e-05
0.0397792802149721
0.15469370647993838
