0.004971636234634924   0.0
0.005095726201409648   0.0005
0.005142669519401691   0.001
0.0061725293224245276   0.0015
0.006418273933645038   0.002
0.0067760346971796614   0.0025
0.00682441012895571   0.003
0.0069440162755510515   0.0035
0.0069926420165822845   0.004
0.007133579797150694   0.0045
0.007191159274382866   0.005
0.007403050222220556   0.0055
0.007748226187745538   0.006
0.007787207748729846   0.0065
0.007798435445100352   0.007
0.007874434360668786   0.0075
0.00794944651167287   0.008
0.007961667893237795   0.0085
0.00797363294003059   0.009
0.008066313577348674   0.0095
0.008068385688944205   0.01
0.0080773975230133   0.0105
0.008094061911750564   0.011
0.008120735048513086   0.0115
0.00815621960611225   0.012
0.008162552677687798   0.0125
0.008198373816653684   0.013
0.008202106286404068   0.0135
0.008217383974432738   0.014
0.008233855204509963   0.0145
0.008294001362263645   0.015
0.008463342084888761   0.0155
0.008480924051580602   0.016
0.008583190907022323   0.0165
0.008741311773902999   0.017
0.0087889519599402   0.0175
0.0088456502848063   0.018
0.00885217212033619   0.0185
0.008865250891613774   0.019
0.00887964446780573   0.0195
0.008903313519531858   0.02
0.00893467552475155   0.0205
0.008937067460743603   0.021
0.008970310638697104   0.0215
0.009018557490916596   0.022
0.009026269226205572   0.0225
0.009033734863532553   0.023
0.009078100855813079   0.0235
0.00909000964944108   0.024
0.009094224464018988   0.0245
0.00910467382511694   0.025
0.009104772312983844   0.0255
0.00913781630209061   0.026
0.009143049009087204   0.0265
0.009144634477540173   0.027
0.009148466997326313   0.0275
0.009179346784356626   0.028
0.009205002809391391   0.0285
0.009216902956527648   0.029
0.009271024718772294   0.0295
0.009298737618490108   0.03
0.009301133839536416   0.0305
0.009305973118823876   0.031
0.00937424124101717   0.0315
0.009508725460805584   0.032
0.009544531086987731   0.0325
0.009549524825350666   0.033
0.009583271389943984   0.0335
0.00964805242619246   0.034
0.009678199458941966   0.0345
0.00975727416062569   0.035
0.009797835209927525   0.0355
0.00983335194397858   0.036
0.009838386976169261   0.0365
0.009880198543755353   0.037
0.009895388432424962   0.0375
0.009896450641443816   0.038
0.00992197274235082   0.0385
0.009930769066509332   0.039
0.009936065586096027   0.0395
0.00994382088974341   0.04
0.009946199890210367   0.0405
0.009958267865555731   0.041
0.009965140822983692   0.0415
0.010019614655773904   0.042
0.010024813592091023   0.0425
0.01003080583727435   0.043
0.010033065288518009   0.0435
0.010039127025748176   0.044
0.010046687779898048   0.0445
0.010058250450111453   0.045
0.010059259468276724   0.0455
0.010068754179760067   0.046
0.010076784016924425   0.0465
0.010094484286153019   0.047
0.010098884736746777   0.0475
0.010100755132596131   0.048
0.010114663146968864   0.0485
0.010135500358598795   0.049
0.010136054027019017   0.0495
0.010138521139202064   0.05
0.010141313991918158   0.0505
0.010142949499299711   0.051
0.010144922480824228   0.0515
0.010151530847461801   0.052
0.010153940864266145   0.0525
0.010169867070742175   0.053
0.01018271079597012   0.0535
0.010183793323527826   0.054
0.01019629886216629   0.0545
0.010198151174962894   0.055
0.010204315022775426   0.0555
0.010205991252893926   0.056
0.010258962943516595   0.0565
0.010259898421974958   0.057
0.010288153702095917   0.0575
0.010290208005169901   0.058
0.010293388139952522   0.0585
0.010304723005954988   0.059
0.010309709904760725   0.0595
0.010339892344104387   0.06
0.010369273346670496   0.0605
0.010378612129119877   0.061
0.010397794596192403   0.0615
0.010427853633260056   0.062
0.010435986704180028   0.0625
0.010633701356278474   0.063
0.010640473701673175   0.0635
0.010654103774178164   0.064
0.010687844695169674   0.0645
0.01072010607227089   0.065
0.01076100111392525   0.0655
0.01076296385061079   0.066
0.010763629781672529   0.0665
0.010775999555198118   0.067
0.01079113496990039   0.0675
0.01082496436353296   0.068
0.01083877686208437   0.0685
0.010845994899881778   0.069
0.010854170229985222   0.0695
0.010864721641737879   0.07
0.010871734744295453   0.0705
0.010873732837550526   0.071
0.010875343636940399   0.0715
0.01088537433738615   0.072
0.010915951331176704   0.0725
0.010946156849721694   0.073
0.01094991780295293   0.0735
0.010953416394216348   0.074
0.01096157720403422   0.0745
0.01104422506154841   0.075
0.011051982592125045   0.0755
0.011059876943074434   0.076
0.011062144329250553   0.0765
0.011113158772148662   0.077
0.011119836488977089   0.0775
0.011150846578215204   0.078
0.0111522526406891   0.0785
0.011157373965135844   0.079
0.011168648625432001   0.0795
0.011184404075917156   0.08
0.01118472187427405   0.0805
0.011186162946001513   0.081
0.011191678991100865   0.0815
0.01119198569399528   0.082
0.011233950991376598   0.0825
0.011234824243808297   0.083
0.01125478349813748   0.0835
0.011264728263753368   0.084
0.011297833641371616   0.0845
0.011304061585922967   0.085
0.011316730955161294   0.0855
0.011342956041250365   0.086
0.01134694068757959   0.0865
0.011375618064658116   0.087
0.01139475728605556   0.0875
0.01145393960927335   0.088
0.011494711235458768   0.0885
0.011518158210900645   0.089
0.011530084018779724   0.0895
0.01153659744913002   0.09
0.011554922497960765   0.0905
0.011629398399161966   0.091
0.01163856317748764   0.0915
0.011674491363407452   0.092
0.011694496895030465   0.0925
0.011696865403893156   0.093
0.011715954830307268   0.0935
0.011730096515373711   0.094
0.011738753771103977   0.0945
0.011741978972728967   0.095
0.011750093293946814   0.0955
0.011750355227580153   0.096
0.01176366161281682   0.0965
0.011781526178863938   0.097
0.011785418425995065   0.0975
0.011786778668660375   0.098
0.011796904337700087   0.0985
0.01182044191145279   0.099
0.011828704589345734   0.0995
0.011832753701757709   0.1
0.011833780615318007   0.1005
0.011853691329710009   0.101
0.0118576946756411   0.1015
0.011860877500601247   0.102
0.011865900408673219   0.1025
0.01187661135102   0.103
0.011879160206802755   0.1035
0.011880131717548398   0.104
0.011881114651202646   0.1045
0.011883427726644663   0.105
0.011894576659904676   0.1055
0.011915052068901949   0.106
0.011917352651970664   0.1065
0.011921970335513982   0.107
0.011925371016217143   0.1075
0.011940133795443869   0.108
0.011952955244763114   0.1085
0.011952993554106922   0.109
0.011956655126540733   0.1095
0.011958035282529256   0.11
0.011960269955430619   0.1105
0.01196093598284538   0.111
0.012012134881820208   0.1115
0.012021122429228828   0.112
0.012025503970991794   0.1125
0.012032512619613703   0.113
0.012035366249964055   0.1135
0.012035504533216765   0.114
0.012051557861675458   0.1145
0.012068485873577853   0.115
0.012068796710784993   0.1155
0.01206920257611234   0.116
0.012074780265916255   0.1165
0.012075586413927156   0.117
0.012078164999979837   0.1175
0.0120787679865028   0.118
0.01208069710046196   0.1185
0.012089254817868392   0.119
0.012090926108906178   0.1195
0.01209311848257956   0.12
0.012093677442093775   0.1205
0.012100284824782079   0.121
0.012100850630425333   0.1215
0.012101293498285495   0.122
0.012104169060916395   0.1225
0.012105118031176212   0.123
0.012119808169014382   0.1235
0.012120763081018185   0.124
0.012120841088680015   0.1245
0.012122541472744455   0.125
0.012123226643830351   0.1255
0.012134415531691159   0.126
0.01213943759159887   0.1265
0.012150476892672304   0.127
0.012151976154260183   0.1275
0.012152642710674413   0.128
0.012155629331564902   0.1285
0.012155746275356663   0.129
0.012166793837441861   0.1295
0.01217198684170158   0.13
0.012177080346046393   0.1305
0.0121804007878593   0.131
0.012186434127192461   0.1315
0.012208506236274355   0.132
0.01223003356661502   0.1325
0.012250529242699551   0.133
0.012257576665446163   0.1335
0.01227392573712377   0.134
0.012276073702077853   0.1345
0.012289546809075319   0.135
0.012334931300276089   0.1355
0.012359446692426071   0.136
0.012369826703457279   0.1365
0.012386571832359153   0.137
0.012386991882996315   0.1375
0.012417001726618762   0.138
0.012429096421121458   0.1385
0.012445770693248495   0.139
0.012473491127461891   0.1395
0.012486360228516041   0.14
0.01252601464064397   0.1405
0.012527220098583064   0.141
0.01252723949368359   0.1415
0.012537756783555426   0.142
0.012569572736535375   0.1425
0.012620377963328724   0.143
0.012620495831064699   0.1435
0.0126418258925374   0.144
0.012650439087393578   0.1445
0.01267217109209623   0.145
0.012677682360223375   0.1455
0.01269707366936293   0.146
0.012703742094353182   0.1465
0.01270481095801232   0.147
0.01271084738126979   0.1475
0.012715443772673612   0.148
0.012752249495082996   0.1485
0.012759514050827647   0.149
0.012759543052133532   0.1495
0.012765353770297166   0.15
0.012767094291635667   0.1505
0.012772964157827332   0.151
0.012786942232457993   0.1515
0.012793875118148557   0.152
0.01280221503783105   0.1525
0.01280376408585697   0.153
0.012806546351600362   0.1535
0.01280991670624873   0.154
0.012811593144851141   0.1545
0.012823324266879016   0.155
0.012825657415631797   0.1555
0.01282825776211094   0.156
0.012830592155998216   0.1565
0.012838698521608266   0.157
0.012841985489996682   0.1575
0.012842869586956185   0.158
0.012846486217824776   0.1585
0.012868472422729899   0.159
0.0128690313421492   0.1595
0.012880228517255857   0.16
0.01288232422678079   0.1605
0.01289218308563539   0.161
0.012894279840799577   0.1615
0.012903951980573786   0.162
0.012914557946413913   0.1625
0.012917372641736508   0.163
0.012935911951747786   0.1635
0.01294020339743751   0.164
0.012943885911303687   0.1645
0.012946929355678066   0.165
0.012948216293042852   0.1655
0.012948722921600403   0.166
0.012968592762984982   0.1665
0.012980733960185037   0.167
0.013021134424436656   0.1675
0.013026007689483268   0.168
0.013027704848328839   0.1685
0.013029610774986003   0.169
0.013032718129439277   0.1695
0.013041981213935974   0.17
0.01305360257393108   0.1705
0.013053697221519903   0.171
0.013059054534639417   0.1715
0.013064057755864153   0.172
0.013069401296014874   0.1725
0.013077554355586898   0.173
0.013078363288522202   0.1735
0.013080077621396166   0.174
0.013080556783021433   0.1745
0.013083900420874137   0.175
0.013089870335814699   0.1755
0.01309193486359407   0.176
0.01309296572170672   0.1765
0.01309563893989353   0.177
0.01309703723453616   0.1775
0.013097713753099663   0.178
0.013100446765265353   0.1785
0.013105562006967789   0.179
0.013106304166090946   0.1795
0.013109013989053717   0.18
0.013111726243628566   0.1805
0.013117437518955014   0.181
0.01312125389610598   0.1815
0.013133807108321044   0.182
0.013134420244621095   0.1825
0.013135354897407372   0.183
0.013136598216969789   0.1835
0.013137438812022353   0.184
0.013143479626572238   0.1845
0.013146577629502346   0.185
0.013148708095792758   0.1855
0.013149971044655165   0.186
0.013153026520740255   0.1865
0.013160045409821755   0.187
0.013161423846479656   0.1875
0.013161826092679477   0.188
0.01316562325386407   0.1885
0.013166618608636785   0.189
0.013168795802066882   0.1895
0.013171092220830807   0.19
0.013171159885209907   0.1905
0.013173802678261695   0.191
0.013182991649861045   0.1915
0.013183035802193946   0.192
0.013184792448998742   0.1925
0.013186550294064805   0.193
0.013200155230070829   0.1935
0.013201544815579683   0.194
0.01320374983395535   0.1945
0.013205201874317438   0.195
0.013230528944574896   0.1955
0.013230824622235349   0.196
0.01323711052650793   0.1965
0.013239865754913885   0.197
0.013263937137868567   0.1975
0.013265389076032044   0.198
0.013277888151882591   0.1985
0.013307229906665233   0.199
0.013330030095012116   0.1995
0.013332101899225304   0.2
0.013335536475468118   0.2005
0.013357466892921971   0.201
0.013361427020828473   0.2015
0.013364767950288278   0.202
0.013392459158042005   0.2025
0.013392724057377944   0.203
0.013428183373686911   0.2035
0.013429783346978655   0.204
0.013447284620656155   0.2045
0.013451825202340242   0.205
0.013457577814671842   0.2055
0.013476129116658603   0.206
0.013512999647247587   0.2065
0.01354940733241658   0.207
0.013565438189129447   0.2075
0.013574095261476057   0.208
0.01358274242299004   0.2085
0.013634713308280227   0.209
0.013656288166503217   0.2095
0.01367889953780907   0.21
0.013690405469775707   0.2105
0.013695213989547511   0.211
0.013704623354676454   0.2115
0.013706712306334634   0.212
0.01371255459738871   0.2125
0.013731740180822585   0.213
0.013754177087205832   0.2135
0.013755590770048814   0.214
0.013758986845975402   0.2145
0.013765438146236736   0.215
0.013776688679116023   0.2155
0.013780231199510079   0.216
0.01378712422704885   0.2165
0.013794038976838036   0.217
0.013795271587369567   0.2175
0.013796985610709828   0.218
0.013798566361792636   0.2185
0.013803459661878764   0.219
0.013806683756302424   0.2195
0.01381113069525991   0.22
0.013821663218609698   0.2205
0.013825492866903794   0.221
0.01383096885335619   0.2215
0.013834313656555047   0.222
0.013836574038851107   0.2225
0.013841976940444284   0.223
0.01384300259081167   0.2235
0.013843587544989905   0.224
0.013856266093034447   0.2245
0.013857686447404843   0.225
0.013858836309330574   0.2255
0.013861386162104278   0.226
0.013865423799304083   0.2265
0.013871341415691907   0.227
0.01388311580705201   0.2275
0.013884528610046826   0.228
0.013884911998531146   0.2285
0.013885646295627913   0.229
0.013888611204451687   0.2295
0.013891896715907043   0.23
0.013897962323036722   0.2305
0.01389814173300083   0.231
0.013912855516557937   0.2315
0.013919051946917477   0.232
0.013920775647406652   0.2325
0.013925902112434357   0.233
0.013927981156394903   0.2335
0.013929022620090409   0.234
0.013933030948445863   0.2345
0.013941122483675156   0.235
0.013944048224446476   0.2355
0.013947335955352164   0.236
0.013951131677029799   0.2365
0.013957711726317185   0.237
0.013959862171060544   0.2375
0.013961955640439366   0.238
0.013966197700029798   0.2385
0.013972638875154847   0.239
0.014016437003835161   0.2395
0.014016727905519069   0.24
0.01401709085649988   0.2405
0.01401872324090582   0.241
0.01401998811177324   0.2415
0.014026986759732255   0.242
0.014032819125965434   0.2425
0.014039164289631714   0.243
0.014039751948943316   0.2435
0.014044463194626391   0.244
0.01404543441935692   0.2445
0.014048936714807683   0.245
0.014050703119212637   0.2455
0.014065182625897829   0.246
0.014066413879502512   0.2465
0.014072140809495495   0.247
0.014072366676290013   0.2475
0.014076713965413504   0.248
0.014077648499254095   0.2485
0.014083778578487041   0.249
0.014085157711465568   0.2495
0.014088468390797623   0.25
0.01408919949060318   0.2505
0.01409062857961009   0.251
0.014091399834856577   0.2515
0.014094700512316552   0.252
0.014097605363464591   0.2525
0.014098130762824637   0.253
0.014103589461280819   0.2535
0.014104603361184145   0.254
0.014108501601875281   0.2545
0.014109307361079862   0.255
0.014110240305981195   0.2555
0.014113006948272971   0.256
0.01411488585969968   0.2565
0.014115772431908244   0.257
0.014118590784507418   0.2575
0.014125225463265334   0.258
0.014132182246256272   0.2585
0.014133158427062878   0.259
0.014138827338797469   0.2595
0.014142431961281413   0.26
0.014143515581383062   0.2605
0.014148090918762651   0.261
0.014150383408700853   0.2615
0.01415178562160492   0.262
0.014153938015655218   0.2625
0.01415526632021459   0.263
0.01416403939258061   0.2635
0.014167128273253185   0.264
0.014167608548240604   0.2645
0.014174401712874332   0.265
0.014178128510824853   0.2655
0.014183545112339851   0.266
0.014191507166782302   0.2665
0.014193685638141953   0.267
0.01419824488494538   0.2675
0.014225756780469848   0.268
0.014228434839020213   0.2685
0.014251058147948456   0.269
0.014253600982580175   0.2695
0.014261280054044576   0.27
0.014263474351216568   0.2705
0.014269861631837535   0.271
0.014278130529851288   0.2715
0.014313483689873188   0.272
0.014316645196613617   0.2725
0.014334138587215453   0.273
0.014341821846595895   0.2735
0.01436942144866006   0.274
0.014384473492794383   0.2745
0.014407317708757097   0.275
0.014416278291185483   0.2755
0.01443116845698797   0.276
0.014458552263358807   0.2765
0.014495011837455787   0.277
0.014514840450545977   0.2775
0.014528854091769086   0.278
0.014539145444826665   0.2785
0.014572938894691093   0.279
0.014587352995666006   0.2795
0.01458944163241195   0.28
0.014594565724216205   0.2805
0.014615429210412215   0.281
0.014631225572175763   0.2815
0.014633102353558955   0.282
0.01465141666783161   0.2825
0.014654516248351193   0.283
0.014657558908310733   0.2835
0.014667236320013557   0.284
0.014699489801592483   0.2845
0.014699672490126561   0.285
0.01471194601396926   0.2855
0.014715966627284097   0.286
0.01473071104668762   0.2865
0.014733326363982627   0.287
0.014749313276237588   0.2875
0.014762317743948539   0.288
0.014762750124062599   0.2885
0.01477458412539763   0.289
0.014782805243381117   0.2895
0.014785424558889829   0.29
0.0147920034056533   0.2905
0.014795911170440504   0.291
0.01480767417682756   0.2915
0.014810033678059234   0.292
0.014821588911526115   0.2925
0.014838028803175043   0.293
0.014842950293094528   0.2935
0.014847477082877841   0.294
0.014850099403259431   0.2945
0.014852282090724367   0.295
0.01486786031515909   0.2955
0.014868530121977294   0.296
0.01487227157665301   0.2965
0.014873014360618289   0.297
0.014879492266834896   0.2975
0.01488388156093419   0.298
0.014887096772742095   0.2985
0.014888508786461821   0.299
0.0148905446449661   0.2995
0.014890921660142567   0.3
0.014892124439569235   0.3005
0.014895107017938572   0.301
0.01489827842868613   0.3015
0.014901837586248592   0.302
0.014901934669124886   0.3025
0.014904580248977103   0.303
0.01490522583501315   0.3035
0.014909666804953536   0.304
0.014913128372822673   0.3045
0.014916104692176371   0.305
0.014921266448099504   0.3055
0.01492966651880541   0.306
0.014932656823116577   0.3065
0.014936710256046301   0.307
0.014939140369608042   0.3075
0.01494130733223227   0.308
0.01494207004221039   0.3085
0.014947353042289932   0.309
0.014947753737250172   0.3095
0.01494907918952211   0.31
0.01495095832734912   0.3105
0.01495876018278515   0.311
0.014969054734327372   0.3115
0.01497638518533094   0.312
0.014984239206384045   0.3125
0.015027531237391437   0.313
0.015028062640223286   0.3135
0.015032846283746862   0.314
0.01503408601079638   0.3145
0.015036153532598198   0.315
0.015038296655690772   0.3155
0.01504685252098438   0.316
0.015047380493989695   0.3165
0.015047489211381784   0.317
0.015050944825192883   0.3175
0.015061104318674856   0.318
0.015064112816602485   0.3185
0.015064714355595102   0.319
0.015067059349891956   0.3195
0.015067774332572476   0.32
0.015071640325337712   0.3205
0.015072073077180212   0.321
0.015072124293172853   0.3215
0.015075064711075004   0.322
0.015084005279076954   0.3225
0.01508694671367207   0.323
0.015088164775433191   0.3235
0.015088281934846473   0.324
0.01509747802205201   0.3245
0.015106636560322795   0.325
0.015116536871683475   0.3255
0.01512167100246277   0.326
0.015125069031254892   0.3265
0.015129421957555525   0.327
0.015134262365015624   0.3275
0.015137143638209088   0.328
0.015137849889864566   0.3285
0.01514174088426988   0.329
0.015143009148496658   0.3295
0.015143378734652116   0.33
0.015144348975125718   0.3305
0.015145875606073125   0.331
0.015152534176919044   0.3315
0.01515496164719339   0.332
0.015156062509501425   0.3325
0.015157657818988826   0.333
0.01515874104738503   0.3335
0.015163061551624404   0.334
0.01516743122784027   0.3345
0.015168697230193443   0.335
0.015168747660324292   0.3355
0.015171889294811627   0.336
0.015178952406535898   0.3365
0.01517913163370617   0.337
0.015184321354045696   0.3375
0.015194107497328871   0.338
0.01519439782841149   0.3385
0.01519450540405079   0.339
0.015197252718589307   0.3395
0.015200224365750983   0.34
0.015203592123190793   0.3405
0.015207117391278752   0.341
0.015207211246688501   0.3415
0.015220338130398928   0.342
0.015223118988148779   0.3425
0.015228343457040286   0.343
0.015229227274953586   0.3435
0.015240550065340655   0.344
0.015244826773297318   0.3445
0.015245189449055799   0.345
0.015248492018874418   0.3455
0.01525290834036748   0.346
0.015256879099302137   0.3465
0.015264086741120605   0.347
0.01526807612212168   0.3475
0.015274755609840263   0.348
0.015278053500979119   0.3485
0.015279606268044157   0.349
0.015279928606251283   0.3495
0.015280983707029697   0.35
0.015284819264223787   0.3505
0.0152966132281145   0.351
0.015320898358330517   0.3515
0.01532361673960643   0.352
0.015343120222079412   0.3525
0.015343370120023306   0.353
0.015347476006703123   0.3535
0.015349327897997644   0.354
0.015357955379860025   0.3545
0.015380034810214951   0.355
0.015395592842031   0.3555
0.015401339748578616   0.356
0.015401963970439705   0.3565
0.015402803393451417   0.357
0.01541803300735807   0.3575
0.01543853484139436   0.358
0.01545059973905756   0.3585
0.01546131971249566   0.359
0.015468196982449847   0.3595
0.01546902357676215   0.36
0.015484490887670135   0.3605
0.015500554250721568   0.361
0.015541503239592122   0.3615
0.01555620761535921   0.362
0.015557781427737574   0.3625
0.015566247195431551   0.363
0.015580631373381157   0.3635
0.01558618619476855   0.364
0.01565621455504658   0.3645
0.015676140229704136   0.365
0.015690994596073107   0.3655
0.01571382054163957   0.366
0.01571767302560141   0.3665
0.015731256226412846   0.367
0.015737376978043408   0.3675
0.01574358528927404   0.368
0.01574743669496277   0.3685
0.015751115588069367   0.369
0.015753215812245064   0.3695
0.015756733484146038   0.37
0.01576630438655542   0.3705
0.015768511632968288   0.371
0.015772040335546314   0.3715
0.015774669885924894   0.372
0.015775202478814712   0.3725
0.01577804509225783   0.373
0.015788276442696272   0.3735
0.015788636237515252   0.374
0.015790135992659896   0.3745
0.0157968075211556   0.375
0.015805416495394978   0.3755
0.015811901201404036   0.376
0.01581596456896213   0.3765
0.015819245549279562   0.377
0.01582204235678246   0.3775
0.01582306441157079   0.378
0.01583541088877198   0.3785
0.01585007696119424   0.379
0.015852021832339316   0.3795
0.01585601923376863   0.38
0.015856820174734068   0.3805
0.015859233580084744   0.381
0.01586075162702534   0.3815
0.015862117879138674   0.382
0.01586431367998016   0.3825
0.015870954015414815   0.383
0.015874634676841207   0.3835
0.015879155437826045   0.384
0.015883995030011658   0.3845
0.015885402290679043   0.385
0.015886629130168098   0.3855
0.015890042034147636   0.386
0.015892592807829245   0.3865
0.015895066319923837   0.387
0.01590159264948343   0.3875
0.015903422102747047   0.388
0.015907211568182436   0.3885
0.015914342961274322   0.389
0.015921274628243734   0.3895
0.015929789421611454   0.39
0.015931971003646586   0.3905
0.01593443162624404   0.391
0.01593473728079027   0.3915
0.01593517186997291   0.392
0.015948884015359502   0.3925
0.015948943121200834   0.393
0.015954299188094503   0.3935
0.01595861724775645   0.394
0.015963203915890248   0.3945
0.015969487047725897   0.395
0.015969539732396468   0.3955
0.01598089260438891   0.396
0.015989003599938337   0.3965
0.01601533175685367   0.397
0.01602245813174931   0.3975
0.01602611511098674   0.398
0.01602656665332572   0.3985
0.016026570471043625   0.399
0.016033965728051394   0.3995
0.016039338189768035   0.4
0.016043257500679822   0.4005
0.016048599117675658   0.401
0.01605553929141247   0.4015
0.016056000097638592   0.402
0.01605840197678833   0.4025
0.016064222485898352   0.403
0.016072326392282746   0.4035
0.016079600067389413   0.404
0.016081671177418017   0.4045
0.016084194577423397   0.405
0.016084485060450723   0.4055
0.016087201216187216   0.406
0.0160872578528949   0.4065
0.01608999034314408   0.407
0.01609039611885245   0.4075
0.016095232397618467   0.408
0.016096830204706883   0.4085
0.01609842855054304   0.409
0.01610349325057335   0.4095
0.016105206519026596   0.41
0.016106616083024106   0.4105
0.01611113211237926   0.411
0.016112180335134355   0.4115
0.01611674684785712   0.412
0.016117313220413   0.4125
0.01611817897683769   0.413
0.016118185207218763   0.4135
0.01611913245163367   0.414
0.016125715852500402   0.4145
0.016131271025066493   0.415
0.016133825716564618   0.4155
0.016140130294137744   0.416
0.01615311777199692   0.4165
0.01615912517442998   0.417
0.016160175165763388   0.4175
0.016160510275951237   0.418
0.016163867920444636   0.4185
0.016170690083255626   0.419
0.01617326642343779   0.4195
0.016175589796891612   0.42
0.016181229350264767   0.4205
0.016181591482244254   0.421
0.016183172405868043   0.4215
0.016191505353041105   0.422
0.01619269177038475   0.4225
0.01619455487343459   0.423
0.016197104812697996   0.4235
0.016197904857669823   0.424
0.01619791372550529   0.4245
0.016209211363450896   0.425
0.016218754680033212   0.4255
0.016219661220208362   0.426
0.016219723869472027   0.4265
0.016227308778426527   0.427
0.016229535513861318   0.4275
0.016230419077394434   0.428
0.016231048400154227   0.4285
0.016232971237273727   0.429
0.016233066982979896   0.4295
0.0162343178808165   0.43
0.016237323375881255   0.4305
0.01623989225751442   0.431
0.016257773137723266   0.4315
0.016258186048059634   0.432
0.016275679843541252   0.4325
0.016288139501857493   0.433
0.0162932079280015   0.4335
0.01629402917746027   0.434
0.016299240182353084   0.4345
0.016303901877032803   0.435
0.016305196894202192   0.4355
0.016307953125161104   0.436
0.016310902801387486   0.4365
0.016311243097598585   0.437
0.016312710288650042   0.4375
0.016313286201720276   0.438
0.01631789759668341   0.4385
0.016337368968820112   0.439
0.016346043087483456   0.4395
0.016356445542522094   0.44
0.016363768873632847   0.4405
0.016372866093289418   0.441
0.01637666284345686   0.4415
0.016378893206314096   0.442
0.01637975432999285   0.4425
0.016386786277572854   0.443
0.01639825950800851   0.4435
0.01639969093096605   0.444
0.01641415696373129   0.4445
0.01643923057060541   0.445
0.016442797508429377   0.4455
0.016481146071894784   0.446
0.016488272527394   0.4465
0.016501617898746504   0.447
0.016523727745706332   0.4475
0.016528905704062805   0.448
0.01654275284476038   0.4485
0.016572212158502533   0.449
0.016586957727415322   0.4495
0.016635658121160482   0.45
0.01663949663187042   0.4505
0.016640593104755755   0.451
0.016658139871325958   0.4515
0.016671249060963303   0.452
0.016683873398597185   0.4525
0.01670586871235509   0.453
0.016715509658291508   0.4535
0.01671928064428603   0.454
0.016735912599447816   0.4545
0.016742012514645202   0.455
0.016742474793410525   0.4555
0.016742742075579034   0.456
0.016744005050518165   0.4565
0.016748105291958956   0.457
0.016752359070132464   0.4575
0.016754925196736117   0.458
0.016765105134519856   0.4585
0.01677080890196632   0.459
0.016771051616375224   0.4595
0.016771270429980625   0.46
0.016778891094739914   0.4605
0.016781186112057436   0.461
0.01678472079074396   0.4615
0.0167895735896242   0.462
0.016795971942007284   0.4625
0.016810400424420904   0.463
0.016811161221908497   0.4635
0.016815559627533908   0.464
0.016818174647749942   0.4645
0.01681853265894824   0.465
0.016820440758607516   0.4655
0.016820766477702656   0.466
0.016821923024073107   0.4665
0.01682937558019254   0.467
0.016832576179390643   0.4675
0.01683423785772105   0.468
0.01683505325105729   0.4685
0.016836563973744292   0.469
0.01683698057605955   0.4695
0.016837102574154564   0.47
0.016844143427190733   0.4705
0.016846607269260086   0.471
0.01684671524694177   0.4715
0.016858789261966947   0.472
0.01686135577120472   0.4725
0.01686336361862291   0.473
0.016864102456207022   0.4735
0.016864440683635254   0.474
0.016868233910445854   0.4745
0.01687667339455627   0.475
0.016882458085298938   0.4755
0.01688557489054228   0.476
0.01688712117078052   0.4765
0.016890963991338992   0.477
0.016901345547863905   0.4775
0.01691102803104645   0.478
0.01691289453702234   0.4785
0.016914366552880658   0.479
0.01691788985011196   0.4795
0.01692311398881524   0.48
0.01692687025080472   0.4805
0.016928906208294417   0.481
0.016928952977966386   0.4815
0.01693724987446006   0.482
0.016940990600342057   0.4825
0.016943339712742714   0.483
0.016946761223529686   0.4835
0.016948756448673316   0.484
0.016957527580596835   0.4845
0.016958161017050236   0.485
0.016967666418327934   0.4855
0.01698045267077715   0.486
0.0170099431096339   0.4865
0.017019821025667722   0.487
0.0170286914351976   0.4875
0.01703037817044152   0.488
0.0170323161795274   0.4885
0.017033367293849702   0.489
0.01703549288616786   0.4895
0.017046850279881523   0.49
0.01704888517732174   0.4905
0.01704970548562991   0.491
0.01705071202263421   0.4915
0.017054306319603266   0.492
0.017059734323971246   0.4925
0.01706007301928937   0.493
0.017070990754979212   0.4935
0.017075478215910503   0.494
0.017080654825928812   0.4945
0.0170839467219598   0.495
0.017085468850746327   0.4955
0.0170864450419337   0.496
0.017086859289586878   0.4965
0.017089306990808753   0.497
0.01709370314819282   0.4975
0.01709478433805768   0.498
0.01709508351722236   0.4985
0.017095102787099817   0.499
0.017099148942633882   0.4995
0.017104037250390183   0.5
0.017104711764227995   0.5005
0.01710540248891286   0.501
0.01710679780995407   0.5015
0.017113264171478862   0.502
0.017115783147186106   0.5025
0.017116959922369182   0.503
0.017127241377019195   0.5035
0.017129676029756638   0.504
0.017131100741247962   0.5045
0.017133654756360375   0.505
0.017144207668013237   0.5055
0.01714808497232341   0.506
0.017151336668745812   0.5065
0.017155481170312056   0.507
0.01716019044282241   0.5075
0.017167812590783496   0.508
0.017171337948668222   0.5085
0.01717414670751506   0.509
0.017174167353587358   0.5095
0.01717594073470781   0.51
0.01717630116417866   0.5105
0.017177505784150518   0.511
0.01717882053603227   0.5115
0.017180482318344473   0.512
0.01718323568206183   0.5125
0.01718598585376814   0.513
0.01719370720535142   0.5135
0.017195883967948702   0.514
0.017201551356533798   0.5145
0.01720569537871809   0.515
0.017206384406330197   0.5155
0.0172086081468137   0.516
0.01721264109804445   0.5165
0.017217359172704408   0.517
0.017220914811105492   0.5175
0.017222366609546583   0.518
0.017235829941647532   0.5185
0.017236324501183578   0.519
0.017240501504404565   0.5195
0.017240609812374144   0.52
0.01724501328535101   0.5205
0.01724858617080706   0.521
0.017250481434421858   0.5215
0.017259629183696404   0.522
0.017261853829212928   0.5225
0.01726294659101303   0.523
0.017270247187303647   0.5235
0.017271563792135805   0.524
0.017291639150655805   0.5245
0.017300884271026398   0.525
0.01730926278278412   0.5255
0.017309994919206165   0.526
0.017322430118818802   0.5265
0.017322847261121224   0.527
0.01732855798330847   0.5275
0.0173298029136746   0.528
0.017353759641021496   0.5285
0.017375065441759333   0.529
0.01738458290536206   0.5295
0.017386509635994987   0.53
0.017400050194693942   0.5305
0.0174164357066421   0.531
0.017431222396166915   0.5315
0.017459045394072517   0.532
0.017484785240003534   0.5325
0.01748512881632784   0.533
0.017511541801987343   0.5335
0.017521678444118435   0.534
0.017539621160894928   0.5345
0.017551183605934842   0.535
0.017574799293127566   0.5355
0.0175776332585124   0.536
0.017607906431650402   0.5365
0.017617476991236183   0.537
0.017622030168799083   0.5375
0.017633126074460728   0.538
0.017652545829829405   0.5385
0.0176528595605258   0.539
0.017653432069677913   0.5395
0.017670092979619925   0.54
0.0176771030891731   0.5405
0.017682555626319055   0.541
0.01768647280283643   0.5415
0.017687854855454058   0.542
0.017712749376967415   0.5425
0.017712838373296694   0.543
0.01771989243805351   0.5435
0.017725390558015655   0.544
0.017735876120623065   0.5445
0.01773749773195378   0.545
0.017739653264724334   0.5455
0.017745000734357322   0.546
0.017753906314869686   0.5465
0.017754172792665848   0.547
0.01776340872312139   0.5475
0.017765361608761812   0.548
0.017770490634937033   0.5485
0.017773103703026497   0.549
0.017778933713608988   0.5495
0.017780156753264678   0.55
0.01778580025979204   0.5505
0.0177908843191555   0.551
0.017796643697281803   0.5515
0.01780163973410527   0.552
0.017801718193416763   0.5525
0.017803301974911687   0.553
0.017812161953021557   0.5535
0.01782463845457255   0.554
0.017827713927249397   0.5545
0.017828543594790178   0.555
0.017842987977594968   0.5555
0.01784441598300751   0.556
0.017844994600252698   0.5565
0.01785130560434657   0.557
0.01785416083930909   0.5575
0.017855544455984265   0.558
0.01785791599402904   0.5585
0.017859855929760304   0.559
0.017864175961272585   0.5595
0.017864528179365305   0.56
0.017871097314077697   0.5605
0.017876708071611527   0.561
0.01787913513923174   0.5615
0.017887154816794273   0.562
0.017890469439382287   0.5625
0.01790209998984467   0.563
0.017902324713736498   0.5635
0.017902545295779462   0.564
0.017915456208152117   0.5645
0.017920036694005506   0.565
0.017930428402648427   0.5655
0.0179317588041112   0.566
0.017936178737605016   0.5665
0.017940690599589512   0.567
0.017952792538242515   0.5675
0.017955160140117513   0.568
0.01795771224786198   0.5685
0.017964713805947732   0.569
0.01796839307731364   0.5695
0.01797827631710089   0.57
0.017979053073246695   0.5705
0.0180128785854462   0.571
0.018015228505321224   0.5715
0.018022876978601388   0.572
0.018026023581711292   0.5725
0.018036973084700314   0.573
0.01803698875595354   0.5735
0.01803732023621818   0.574
0.018043593262931437   0.5745
0.01804812917050258   0.575
0.018048171270267033   0.5755
0.018057176699535882   0.576
0.01805862612444742   0.5765
0.01805874416887543   0.577
0.018059965261747135   0.5775
0.01806605649055598   0.578
0.018071176894669527   0.5785
0.018071550755359156   0.579
0.01807883558618667   0.5795
0.018081633105998085   0.58
0.018083510606641928   0.5805
0.01808582124977376   0.581
0.01808697611819586   0.5815
0.018089259245220646   0.582
0.01809122760512405   0.5825
0.018091668470529232   0.583
0.018111887181472608   0.5835
0.01811237931602583   0.584
0.01811488771116898   0.5845
0.01811529204758   0.585
0.018115390922794405   0.5855
0.018118822867549067   0.586
0.018118895197326568   0.5865
0.018121312078628438   0.587
0.018124853638237348   0.5875
0.01812765298554342   0.588
0.018129703747547743   0.5885
0.01814074418890721   0.589
0.018142367980633956   0.5895
0.01814856498483773   0.59
0.018149438894031422   0.5905
0.018157038031243466   0.591
0.018157756235909317   0.5915
0.01816022613433088   0.592
0.018168747217563744   0.5925
0.018169886618547793   0.593
0.018173016885952076   0.5935
0.018174035748010686   0.594
0.018175143498143087   0.5945
0.018179582844984   0.595
0.018181212096645   0.5955
0.018191204569241393   0.596
0.018196795662117238   0.5965
0.018200411738777844   0.597
0.018204626082985564   0.5975
0.018204744573179457   0.598
0.018210229531990585   0.5985
0.018217204039751245   0.599
0.01822352023516549   0.5995
0.018227329225956213   0.6
0.018232059285376523   0.6005
0.018233580013859885   0.601
0.018238795501217334   0.6015
0.01824597294824687   0.602
0.018252519712379178   0.6025
0.018259549789945373   0.603
0.01825999991469618   0.6035
0.0182610168328301   0.604
0.01826807823118054   0.6045
0.018270510418499974   0.605
0.018273226844584434   0.6055
0.018273422680273724   0.606
0.018288163990594075   0.6065
0.018305275320102232   0.607
0.018309524108747977   0.6075
0.018312543675503168   0.608
0.018315065758476662   0.6085
0.018317690132053976   0.609
0.01832163485767152   0.6095
0.018351446910125344   0.61
0.01835436557897538   0.6105
0.01835549049344165   0.611
0.01835784094556704   0.6115
0.01837043480206957   0.612
0.01840142013060947   0.6125
0.01840663799512668   0.613
0.01842266203364723   0.6135
0.01844457010394407   0.614
0.01845898703059179   0.6145
0.01845958678648074   0.615
0.0184634952388381   0.6155
0.018480337979073003   0.616
0.0184942202561737   0.6165
0.01852828638000298   0.617
0.018533148312267933   0.6175
0.018542256504669175   0.618
0.018574149389296093   0.6185
0.01857419357785385   0.619
0.018578610699916426   0.6195
0.018589897963022642   0.62
0.018591325837666803   0.6205
0.01859456582533925   0.621
0.018597344642937233   0.6215
0.018619742082544105   0.622
0.01862411856796127   0.6225
0.018635453067309404   0.623
0.018636863016941937   0.6235
0.01865729860010852   0.624
0.018668764047623368   0.6245
0.018675230536598433   0.625
0.018679139985301685   0.6255
0.018711655497757898   0.626
0.0187170871069859   0.6265
0.018718140617451542   0.627
0.018722585272015493   0.6275
0.018733146996068192   0.628
0.018753693677819996   0.6285
0.018754003793303678   0.629
0.018760640815607202   0.6295
0.018761837099035936   0.63
0.018765211117649214   0.6305
0.01877162686207319   0.631
0.018775613245678127   0.6315
0.018794720496891307   0.632
0.018802077206324777   0.6325
0.01881342159862294   0.633
0.01881472237187938   0.6335
0.018819352234779554   0.634
0.018824400418983325   0.6345
0.01884076138302422   0.635
0.018842223657076843   0.6355
0.018845543488397246   0.636
0.018847376933909324   0.6365
0.018855562465632456   0.637
0.018863114036862208   0.6375
0.018868612623042222   0.638
0.0188716617722869   0.6385
0.018875149046966036   0.639
0.018885450480485524   0.6395
0.018894455893560605   0.64
0.01889458115983396   0.6405
0.018897837101289325   0.641
0.01889831421409109   0.6415
0.018906664125380626   0.642
0.018913435724936742   0.6425
0.018916641139753013   0.643
0.01892112191196038   0.6435
0.018925566144726805   0.644
0.018925933355618277   0.6445
0.018926290519504188   0.645
0.018926324950617454   0.6455
0.018932050986207608   0.646
0.018936698082803363   0.6465
0.018964841692324555   0.647
0.018973511688831893   0.6475
0.018973787446087534   0.648
0.01897676248060602   0.6485
0.018992255624439916   0.649
0.01901815687217226   0.6495
0.019031202910662293   0.65
0.01903331698791566   0.6505
0.01903506880544603   0.651
0.01904393412787253   0.6515
0.019047313478611994   0.652
0.019049366534524603   0.6525
0.01905070135492308   0.653
0.019052982894590675   0.6535
0.019065328769059225   0.654
0.019065531960784643   0.6545
0.019066314749683788   0.655
0.019066620195634876   0.6555
0.019067458082619004   0.656
0.019072450193645507   0.6565
0.019077346899638026   0.657
0.019081670832805986   0.6575
0.01908190318481251   0.658
0.01908276818741733   0.6585
0.01908431617809414   0.659
0.0190847815849529   0.6595
0.019085453585254042   0.66
0.01908802173274049   0.6605
0.019091627548984413   0.661
0.01910142288040606   0.6615
0.01911339577498894   0.662
0.019118840373254953   0.6625
0.019121284916209347   0.663
0.019128217024406785   0.6635
0.019128281712444406   0.664
0.019132140683939425   0.6645
0.019132553783272582   0.665
0.019141320608015794   0.6655
0.019142970723017516   0.666
0.019145174333858317   0.6665
0.019146990347444784   0.667
0.019149817168696515   0.6675
0.01915490924190061   0.668
0.019155475770418873   0.6685
0.019156792612455065   0.669
0.019164006550320467   0.6695
0.019164738346520716   0.67
0.01917566086949246   0.6705
0.019183784782957763   0.671
0.01918499454889419   0.6715
0.019195357755955655   0.672
0.019201474288049747   0.6725
0.01921196931701326   0.673
0.019218088686267287   0.6735
0.019225007155217355   0.674
0.019227448623605703   0.6745
0.019240020299717886   0.675
0.019240070292975586   0.6755
0.019241246408193913   0.676
0.0192416426814509   0.6765
0.019242999898095803   0.677
0.019247132540020973   0.6775
0.0192498668828186   0.678
0.019252438390191307   0.6785
0.019256797456636776   0.679
0.0192587422386023   0.6795
0.0192600326152933   0.68
0.019262104607220623   0.6805
0.019263306357929375   0.681
0.019288607196167998   0.6815
0.01929535824055975   0.682
0.01930124667902433   0.6825
0.019301261728248476   0.683
0.019308013312727176   0.6835
0.01932998020898334   0.684
0.019347138352154847   0.6845
0.019393753157814886   0.685
0.019414114493629286   0.6855
0.01943213213248883   0.686
0.01946285885741139   0.6865
0.019465457781566317   0.687
0.01946751849048678   0.6875
0.01946917300561521   0.688
0.019476503026937375   0.6885
0.019487974095250007   0.689
0.01949950265627798   0.6895
0.019499596409518927   0.69
0.01950219471018337   0.6905
0.01952452210430433   0.691
0.019619845349127973   0.6915
0.01962777643972753   0.692
0.019646744633660285   0.6925
0.019663403453440767   0.693
0.019677480185793836   0.6935
0.019695339621569455   0.694
0.0196963460641998   0.6945
0.019709583185315196   0.695
0.0197144771862668   0.6955
0.019719785869108344   0.696
0.019736990703698568   0.6965
0.019742391948384078   0.697
0.019751263748731443   0.6975
0.01975684223899872   0.698
0.019761034191737428   0.6985
0.019764103485193155   0.699
0.019766005511746523   0.6995
0.019768834422841136   0.7
0.019769032978143045   0.7005
0.019770492565700265   0.701
0.0197750018983492   0.7015
0.01978023266612157   0.702
0.019781938128647078   0.7025
0.019787836582786447   0.703
0.019788170839712363   0.7035
0.01979700446268258   0.704
0.01979822770511104   0.7045
0.019800061593977583   0.705
0.019821964124544525   0.7055
0.019824982989678608   0.706
0.019827115518898777   0.7065
0.01983268591775253   0.707
0.019837145443248064   0.7075
0.01984036107158406   0.708
0.019842829598469794   0.7085
0.0198550179842409   0.709
0.019858962754524104   0.7095
0.019862989583242133   0.71
0.019863755806892217   0.7105
0.01987850270685583   0.711
0.019887088437677405   0.7115
0.019887131009388506   0.712
0.019892570260699197   0.7125
0.0199003995512934   0.713
0.01990184642112454   0.7135
0.01990496469904053   0.714
0.01990763816004175   0.7145
0.019918023455184744   0.715
0.01992254866957975   0.7155
0.019933040640178548   0.716
0.019934955276750474   0.7165
0.019940089994543178   0.717
0.019944676899005434   0.7175
0.019948832055910873   0.718
0.01994989376790178   0.7185
0.019961909535892455   0.719
0.019962750823673867   0.7195
0.019970690992910003   0.72
0.01998214073600664   0.7205
0.019986230465197055   0.721
0.019988219721324765   0.7215
0.019988677633710275   0.722
0.01998965195555931   0.7225
0.019990884158339564   0.723
0.02002024967613958   0.7235
0.020035581680695427   0.724
0.020042780399165447   0.7245
0.020046570870370095   0.725
0.02005272281987061   0.7255
0.02005489143965855   0.726
0.020058764733792422   0.7265
0.020060196756760296   0.727
0.020064183924419554   0.7275
0.020065352905399847   0.728
0.020066853021286052   0.7285
0.02006947477572678   0.729
0.020070875985996217   0.7295
0.020077593421679196   0.73
0.02008299271324744   0.7305
0.02009137393100635   0.731
0.020097152277136154   0.7315
0.020097334599023187   0.732
0.020098047606349784   0.7325
0.02009890599779407   0.733
0.020101607985614   0.7335
0.020104590390185   0.734
0.020110963034687845   0.7345
0.020112276623019426   0.735
0.020113758538743032   0.7355
0.02011377484025792   0.736
0.020113896566116507   0.7365
0.020126774076347997   0.737
0.020135077883072006   0.7375
0.020135167539307594   0.738
0.02013636269205543   0.7385
0.02013850592411104   0.739
0.02014387179985877   0.7395
0.020144516338131302   0.74
0.020148471646374455   0.7405
0.02015018618862352   0.741
0.020151291071536348   0.7415
0.020157113350250833   0.742
0.020157668957258346   0.7425
0.020158499444889122   0.743
0.020161304244538214   0.7435
0.020165617941219183   0.744
0.020167176048482616   0.7445
0.020168312010002798   0.745
0.020168918075708087   0.7455
0.0201743096262703   0.746
0.020177449207614107   0.7465
0.020181053722110653   0.747
0.020189030308035538   0.7475
0.02019041795780796   0.748
0.020191835628387333   0.7485
0.020194729613404072   0.749
0.020195689508511028   0.7495
0.020224792889448784   0.75
0.020229702289243867   0.7505
0.020233611932800113   0.751
0.020237969729532096   0.7515
0.020243040300122694   0.752
0.020256779242501577   0.7525
0.020257371885506165   0.753
0.02025808116200134   0.7535
0.020263814443304162   0.754
0.020277540280564388   0.7545
0.020287357009997287   0.755
0.02028785016630305   0.7555
0.020303291517141553   0.756
0.020303623390408698   0.7565
0.020310667493685486   0.757
0.020311170901343184   0.7575
0.02031683920160232   0.758
0.020334724844101357   0.7585
0.020336145756506663   0.759
0.020356818443373087   0.7595
0.02036072460652638   0.76
0.020403775758458906   0.7605
0.020509120818664253   0.761
0.02051403999796786   0.7615
0.020599682521671173   0.762
0.020601479418208904   0.7625
0.02064464252789551   0.763
0.020646629474734488   0.7635
0.020672609045664328   0.764
0.020686752377401432   0.7645
0.02073081745648818   0.765
0.020730847620884243   0.7655
0.02075878251629419   0.766
0.02076451842973366   0.7665
0.020777564932010675   0.767
0.020786329043766608   0.7675
0.02078911256436429   0.768
0.020801708693912055   0.7685
0.020807498967840246   0.769
0.020816986800219747   0.7695
0.020822913081906827   0.77
0.02082882628612172   0.7705
0.020830717319550496   0.771
0.020835171725139504   0.7715
0.0208379065378725   0.772
0.020841907431114054   0.7725
0.02084764516833129   0.773
0.020852070586096796   0.7735
0.02085407903224619   0.774
0.02085568420018609   0.7745
0.020864640325226946   0.775
0.020864863831322022   0.7755
0.02087685299172244   0.776
0.020897917212027342   0.7765
0.02090827187974993   0.777
0.02091917191693056   0.7775
0.0209316699075945   0.778
0.020936122882315902   0.7785
0.020938872797034505   0.779
0.02095258854153033   0.7795
0.020953050714143134   0.78
0.02095806219453418   0.7805
0.020958971613567814   0.781
0.020992668122154015   0.7815
0.021013976678328716   0.782
0.021023527236724918   0.7825
0.02102439394735922   0.783
0.021029728554843863   0.7835
0.02103014087541638   0.784
0.021034266013149394   0.7845
0.02104150995749768   0.785
0.0210632927604356   0.7855
0.021064508738003918   0.786
0.021067426558455615   0.7865
0.02106868842993498   0.787
0.02107320686093439   0.7875
0.021090037894204827   0.788
0.021092178467133668   0.7885
0.021092794916109492   0.789
0.021095033418328635   0.7895
0.021098983912113775   0.79
0.02110325096204213   0.7905
0.02110471752346532   0.791
0.021110085993757632   0.7915
0.021113156755404927   0.792
0.021117709776341254   0.7925
0.0211211142077099   0.793
0.02112907878284967   0.7935
0.021134876022601334   0.794
0.021136767951329904   0.7945
0.02114344585228954   0.795
0.02114533314504019   0.7955
0.02114784949800763   0.796
0.021153057729058844   0.7965
0.021153411207842795   0.797
0.021161417637529975   0.7975
0.021162214731626827   0.798
0.021164938373064712   0.7985
0.021165134627311413   0.799
0.021166833758371084   0.7995
0.02116703543319176   0.8
0.021167539353365794   0.8005
0.02116988299449679   0.801
0.021179532267155604   0.8015
0.021181586872556446   0.802
0.021189144700498208   0.8025
0.021191283441746256   0.803
0.021201293091202042   0.8035
0.021201862270638083   0.804
0.02120594907194534   0.8045
0.02120766284040254   0.805
0.021215967640646705   0.8055
0.021219376817638524   0.806
0.021222234714629667   0.8065
0.02122283611674347   0.807
0.02125958872038758   0.8075
0.02126255338389249   0.808
0.021276571594280536   0.8085
0.0213133217571006   0.809
0.021324401674511897   0.8095
0.021328836823547137   0.81
0.021334390671274628   0.8105
0.02134136767518513   0.811
0.021366036413132727   0.8115
0.0213797436670482   0.812
0.021384777459952264   0.8125
0.021392324177144928   0.813
0.021418262603978167   0.8135
0.021425683443280955   0.814
0.021426276641681688   0.8145
0.021446874671443475   0.815
0.02145375373329879   0.8155
0.02148119737927734   0.816
0.021500797273239045   0.8165
0.021505568867695626   0.817
0.021607178356004744   0.8175
0.02162967767393098   0.818
0.021643090972241444   0.8185
0.021661692940876484   0.819
0.02167980658899142   0.8195
0.02169762902085244   0.82
0.02170153466427302   0.8205
0.021712468882374727   0.821
0.02171586292030943   0.8215
0.021725013491688025   0.822
0.021770794767546356   0.8225
0.021780936843176127   0.823
0.021796032205089508   0.8235
0.021798392784977305   0.824
0.021805113178237093   0.8245
0.021806905475227192   0.825
0.021810080341516866   0.8255
0.02182102016140393   0.826
0.021845718660554028   0.8265
0.021860733941792915   0.827
0.02186348282146107   0.8275
0.021864928004497533   0.828
0.021865480044847688   0.8285
0.021865494701037644   0.829
0.021870726172666402   0.8295
0.021874634872026205   0.83
0.021878641221612358   0.8305
0.02188166156505507   0.831
0.02190809167656492   0.8315
0.02194021840977929   0.832
0.02194235754164571   0.8325
0.021954251847936937   0.833
0.021959761690760873   0.8335
0.02197290161555572   0.834
0.021979367490040105   0.8345
0.021990262952775577   0.835
0.022005898830431803   0.8355
0.02200809454739544   0.836
0.022011526732819295   0.8365
0.022030181562775142   0.837
0.022038720985413485   0.8375
0.022046780915803255   0.838
0.022047874198594664   0.8385
0.022055339213824743   0.839
0.02205705926707735   0.8395
0.022058348106050563   0.84
0.022058656750502753   0.8405
0.022067127129328123   0.841
0.022067324369801855   0.8415
0.022078661559787827   0.842
0.02207978331478204   0.8425
0.022082614487217045   0.843
0.022091010546829354   0.8435
0.02209140473549953   0.844
0.022096031951457734   0.8445
0.022096483003997025   0.845
0.02209919585251706   0.8455
0.022102666454699493   0.846
0.022112384824582665   0.8465
0.02211503917353705   0.847
0.0221158532669965   0.8475
0.022121209640239864   0.848
0.02212589420014699   0.8485
0.022127320948318818   0.849
0.022130738170890063   0.8495
0.022136224109931213   0.85
0.022144277646782118   0.8505
0.022146260410988217   0.851
0.0221562131101517   0.8515
0.022179865551653355   0.852
0.02218769649152194   0.8525
0.022207314399795786   0.853
0.022208535309214128   0.8535
0.022216644691517518   0.854
0.02223200024470573   0.8545
0.022245838115120625   0.855
0.0222644795357623   0.8555
0.022273929891117095   0.856
0.022282977529379466   0.8565
0.02229844521123245   0.857
0.022325860206190498   0.8575
0.02233119623235813   0.858
0.022343402859639705   0.8585
0.02234731385106581   0.859
0.02234766116815623   0.8595
0.02235105129694509   0.86
0.02239812390257885   0.8605
0.022400122024641367   0.861
0.02247079428712613   0.8615
0.022480994533353574   0.862
0.02249458472708668   0.8625
0.022524046873473272   0.863
0.022575719529740898   0.8635
0.022603793179981305   0.864
0.022606779790482937   0.8645
0.022642790497011636   0.865
0.02268363728453067   0.8655
0.022685897371292965   0.866
0.02268793998277875   0.8665
0.022814731648397882   0.867
0.022824737379975993   0.8675
0.022830531332999907   0.868
0.022830920213013875   0.8685
0.02283133484840262   0.869
0.022840268483481793   0.8695
0.022855975283710306   0.87
0.022879693267929893   0.8705
0.022903088508525293   0.871
0.022904165234142404   0.8715
0.022912695360616755   0.872
0.02291837913799251   0.8725
0.022925485457125153   0.873
0.022934954183126924   0.8735
0.022936852082105816   0.874
0.022939392989476073   0.8745
0.0229396277406025   0.875
0.0229687085651928   0.8755
0.023004995615030333   0.876
0.023006217438217624   0.8765
0.02303246874896303   0.877
0.02304503389206658   0.8775
0.0230527690623179   0.878
0.023067469463467716   0.8785
0.023074392597376647   0.879
0.02308007536643439   0.8795
0.02308241623237242   0.88
0.02308417431759513   0.8805
0.023084615762032135   0.881
0.023088030743696253   0.8815
0.0230930803020227   0.882
0.02309769924730798   0.8825
0.023118171207703653   0.883
0.023125262348591274   0.8835
0.02314317889919948   0.884
0.023152303198253565   0.8845
0.023154133949578548   0.885
0.023166422873702436   0.8855
0.02316747710387146   0.886
0.02317624126909018   0.8865
0.023183863856748865   0.887
0.023194420192078624   0.8875
0.02320247841564084   0.888
0.023205067030279913   0.8885
0.023207587316070172   0.889
0.023215282538341153   0.8895
0.023221365433882535   0.89
0.023244139029384672   0.8905
0.023250658152069503   0.891
0.023257526479473323   0.8915
0.023270744169879065   0.892
0.023283856057146446   0.8925
0.023315337292680538   0.893
0.023343813840070157   0.8935
0.023364044494116887   0.894
0.0233867809722845   0.8945
0.023480196257138403   0.895
0.0234866062097302   0.8955
0.023519696736961873   0.896
0.023651349171175062   0.8965
0.023669877301064138   0.897
0.023680860579665106   0.8975
0.023701066175682975   0.898
0.02370294321049489   0.8985
0.02371311172740838   0.899
0.023733342250046377   0.8995
0.023745109514121385   0.9
0.023745881648530157   0.9005
0.023756527744481074   0.901
0.023782571120803245   0.9015
0.02382296757208631   0.902
0.023854958504663584   0.9025
0.02385510269194953   0.903
0.023856174003502165   0.9035
0.023881174780770523   0.904
0.023891161154718468   0.9045
0.023923288565634596   0.905
0.023966643844925375   0.9055
0.023967935468958798   0.906
0.024025704964273753   0.9065
0.02403136648723836   0.907
0.024039011514980335   0.9075
0.024043344338245287   0.908
0.024051726210417734   0.9085
0.024055938196175325   0.909
0.02408620594996158   0.9095
0.024088062398770926   0.91
0.024091813503794343   0.9105
0.024096727608380553   0.911
0.02410427880303201   0.9115
0.024136468714862414   0.912
0.024138680517877487   0.9125
0.02414165228989129   0.913
0.02416932536433339   0.9135
0.024191538055803194   0.914
0.024204799216466774   0.9145
0.02422925544680643   0.915
0.024229304800925444   0.9155
0.024234056415918637   0.916
0.024236967488002636   0.9165
0.024243065144678   0.917
0.0242512423423083   0.9175
0.024301681067808806   0.918
0.024342264657963714   0.9185
0.024458268523191107   0.919
0.024481885505898138   0.9195
0.02461649987768376   0.92
0.02465225806270517   0.9205
0.024747415413566093   0.921
0.02475125159017351   0.9215
0.024754096108211623   0.922
0.024756967374601604   0.9225
0.02476651292637007   0.923
0.024772403800354503   0.9235
0.02481334876874766   0.924
0.024815800768537108   0.9245
0.024833048860452192   0.925
0.024840923722375605   0.9255
0.02485902635541125   0.926
0.024879730947828624   0.9265
0.024879846436504607   0.927
0.024916405487262774   0.9275
0.024923170485038407   0.928
0.024924302510779137   0.9285
0.0249638612395668   0.929
0.025008640313556235   0.9295
0.02503142252256374   0.93
0.025063237751573375   0.9305
0.02507805814196684   0.931
0.025088795585076124   0.9315
0.0250993306210191   0.932
0.025101461324253116   0.9325
0.02511408523000247   0.933
0.025138110114675594   0.9335
0.02514755192813356   0.934
0.02515607365657424   0.9345
0.025163343556227846   0.935
0.025189208314206957   0.9355
0.025202719154959974   0.936
0.025204514671315292   0.9365
0.025237666620541388   0.937
0.02527487052005517   0.9375
0.025299234965511452   0.938
0.025305024882472313   0.9385
0.02531091947499138   0.939
0.025405059382305306   0.9395
0.025458120817907548   0.94
0.02554718515883858   0.9405
0.025658101651047205   0.941
0.025811719983213924   0.9415
0.025812508547368343   0.942
0.025834827310340994   0.9425
0.025837886583381695   0.943
0.02585343183325313   0.9435
0.025877324149154418   0.944
0.025879802535409738   0.9445
0.025911248655108923   0.945
0.02603414667070171   0.9455
0.026044396976110495   0.946
0.0260847247298015   0.9465
0.026112000938165625   0.947
0.02611344006752403   0.9475
0.02611445826372552   0.948
0.026134373846235626   0.9485
0.02613909762370198   0.949
0.026161119205820205   0.9495
0.026161128452653615   0.95
0.026177070373612776   0.9505
0.026182078043534424   0.951
0.02625189777690362   0.9515
0.026258870687123848   0.952
0.026261286456010294   0.9525
0.026353799248273788   0.953
0.026361899725613147   0.9535
0.026374387895725326   0.954
0.026457056350536023   0.9545
0.02645931644481961   0.955
0.026549445708768618   0.9555
0.026596302917297934   0.956
0.026678571113225094   0.9565
0.026737170566642113   0.957
0.026832116676730147   0.9575
0.02685113086840131   0.958
0.02688597521974463   0.9585
0.026890843034645576   0.959
0.026940804898111376   0.9595
0.027030430514544318   0.96
0.027061334958868977   0.9605
0.02706993383558247   0.961
0.02708065823660366   0.9615
0.02710194839581781   0.962
0.027155130121496174   0.9625
0.027163646192777224   0.963
0.027169159656102115   0.9635
0.02725580680336237   0.964
0.027275138671148724   0.9645
0.027375586483002423   0.965
0.02739205914055809   0.9655
0.02740754168456014   0.966
0.027466477160504987   0.9665
0.02761403197800029   0.967
0.027789608091454768   0.9675
0.027809988775141917   0.968
0.02781613094383846   0.9685
0.027826968551076983   0.969
0.027864692904456437   0.9695
0.02792881298054846   0.97
0.02794792687977618   0.9705
0.027951864965567855   0.971
0.028036340372039947   0.9715
0.028044583988268368   0.972
0.02806469015363111   0.9725
0.028125079130355335   0.973
0.028224936073009577   0.9735
0.028258870124687863   0.974
0.02828588428236152   0.9745
0.028325642238021767   0.975
0.02877296964446431   0.9755
0.028788195001927377   0.976
0.02884885727863766   0.9765
0.028862422868340912   0.977
0.028881027318603383   0.9775
0.02893532839095654   0.978
0.02896553966574457   0.9785
0.0290103147692915   0.979
0.029089979729075885   0.9795
0.02909477136913774   0.98
0.029107001769998808   0.9805
0.029297868011775183   0.981
0.029300111073762514   0.9815
0.029328337199803878   0.982
0.029379868940558107   0.9825
0.029600967930623223   0.983
0.029898259170852537   0.9835
0.030044968773161096   0.984
0.03009414120474435   0.9845
0.030156742463179342   0.985
0.03019851516715444   0.9855
0.030255678143044196   0.986
0.030280708333383366   0.9865
0.03087319513205372   0.987
0.031065288466021967   0.9875
0.031070120841537374   0.988
0.03108996273125164   0.9885
0.031098899502637   0.989
0.031141639284191502   0.9895
0.031195877073531136   0.99
0.03125056629074524   0.9905
0.03130221348550111   0.991
0.03139701999167921   0.9915
0.03170424148127832   0.992
0.03174780910026517   0.9925
0.032034853178132414   0.993
0.032071877645351465   0.9935
0.03210934313858105   0.994
0.032216627694810776   0.9945
0.03302411173054945   0.995
0.033756228744426645   0.9955
0.03417079824867403   0.996
0.034193299346666706   0.9965
0.034266050133003656   0.997
0.03481905463605561   0.9975
0.035400050776963954   0.998
0.037723895167310506   0.9985
0.03946053082461304   0.999
0.041067055351013376   0.9995
