0.008737444713081341   0.0
0.011288456596860341   0.0005
0.01214174951671182   0.001
0.01233602263822807   0.0015
0.01240056166117541   0.002
0.012664663175758206   0.0025
0.012721289519219012   0.003
0.01290116913225818   0.0035
0.013139715461101875   0.004
0.014629968474707308   0.0045
0.01519808042972881   0.005
0.015203207514724815   0.0055
0.01521904092387305   0.006
0.015226749511881285   0.0065
0.01523492075251709   0.007
0.015247883681225538   0.0075
0.015305155032007467   0.008
0.015313160606887588   0.0085
0.015366211249750572   0.009
0.015415323802049186   0.0095
0.015581401023903818   0.01
0.015696870001399854   0.0105
0.01599843837148396   0.011
0.016005710184591168   0.0115
0.016094434428132354   0.012
0.016145873859213067   0.0125
0.01617628736910648   0.013
0.016177512611729825   0.0135
0.01619893629488689   0.014
0.01621168547946915   0.0145
0.016222119433065715   0.015
0.01622905595646984   0.0155
0.016310466000096474   0.016
0.01631465006145892   0.0165
0.016316407216175777   0.017
0.01641303436957077   0.0175
0.016438537742162404   0.018
0.01646148890260378   0.0185
0.016487050663250277   0.019
0.016504074223738896   0.0195
0.01651578485984473   0.02
0.016520826801054045   0.0205
0.01656783694172992   0.021
0.01659547373938995   0.0215
0.016655161611843647   0.022
0.016750909942369316   0.0225
0.01689305983320745   0.023
0.01694078835183617   0.0235
0.017090971724016246   0.024
0.01709517290945639   0.0245
0.017129963909394585   0.025
0.017255052802275683   0.0255
0.01729192463115814   0.026
0.01749567530446683   0.0265
0.01768930451989892   0.027
0.01777601715475763   0.0275
0.018056505331594752   0.028
0.01816039538687729   0.0285
0.01861206921257641   0.029
0.018983984785697836   0.0295
0.019019183631143605   0.03
0.019097873621234038   0.0305
0.01913755276411591   0.031
0.019190627456986936   0.0315
0.0192122644031327   0.032
0.01921575659846861   0.0325
0.019252276548305886   0.033
0.019392509027454402   0.0335
0.01941525958001164   0.034
0.01943758484982941   0.0345
0.01944771253569924   0.035
0.019483216475318713   0.0355
0.019554684586239407   0.036
0.019561620955262315   0.0365
0.019568016572913488   0.037
0.019603499922958706   0.0375
0.01962026689201432   0.038
0.01962443183546242   0.0385
0.019640725549858712   0.039
0.01964528803300146   0.0395
0.019652924100254404   0.04
0.01967716043480569   0.0405
0.019685300001662187   0.041
0.019730790794871694   0.0415
0.01973988691275591   0.042
0.019745922357169862   0.0425
0.01975799600769365   0.043
0.020005982113087545   0.0435
0.020021709635486357   0.044
0.02002262051498352   0.0445
0.020067085964031936   0.045
0.020129033704652563   0.0455
0.0201427342931164   0.046
0.02017624915870468   0.0465
0.020194181736729475   0.047
0.020196519786756045   0.0475
0.020202996538916704   0.048
0.02022985101701988   0.0485
0.020244903555854274   0.049
0.020255736019892695   0.0495
0.020257310359745914   0.05
0.02025887303644712   0.0505
0.020273178724328406   0.051
0.020285482494038318   0.0515
0.02028686346855023   0.052
0.020296135493963127   0.0525
0.020317989460886907   0.053
0.02033419076902425   0.0535
0.020356091654064143   0.054
0.02038322511739507   0.0545
0.020433593189036245   0.055
0.02045229071168146   0.0555
0.02045968132620167   0.056
0.020479943356577962   0.0565
0.020515741455914255   0.057
0.02051949155568275   0.0575
0.020543651696568174   0.058
0.02054797413372564   0.0585
0.020567874675248884   0.059
0.020578935125341355   0.0595
0.020588770271567178   0.06
0.02059690439865834   0.0605
0.02060201270805416   0.061
0.02060926475476442   0.0615
0.020634269143388215   0.062
0.020654441262497686   0.0625
0.020654529551211595   0.063
0.020673408668892765   0.0635
0.02068818992756384   0.064
0.020688584234181615   0.0645
0.020704951251153597   0.065
0.02070506191179719   0.0655
0.020723485217403956   0.066
0.02073840299158311   0.0665
0.020745963206860923   0.067
0.020749665487399635   0.0675
0.0207522091514121   0.068
0.020753897377295646   0.0685
0.02077099700730055   0.069
0.02077488317912944   0.0695
0.02077922548555887   0.07
0.02079447004328558   0.0705
0.020796901437497448   0.071
0.0207988284756868   0.0715
0.020864495959574944   0.072
0.02092945330038687   0.0725
0.020939400013034667   0.073
0.020950902548137182   0.0735
0.020964292144994887   0.074
0.020968689990573372   0.0745
0.021054889841194496   0.075
0.02113487278768547   0.0755
0.02122469647003647   0.076
0.021276548302244097   0.0765
0.02128713338933627   0.077
0.021386821660626193   0.0775
0.021419041905938546   0.078
0.021474767597852135   0.0785
0.02148770402192912   0.079
0.02158747822619647   0.0795
0.02228518500220275   0.08
0.022629507354245154   0.0805
0.022776408044776292   0.081
0.023016952704726007   0.0815
0.02315612712483847   0.082
0.023159206176913777   0.0825
0.023178615432276728   0.083
0.023214747488350715   0.0835
0.023223060596763906   0.084
0.023240777689083114   0.0845
0.0232429985808634   0.085
0.02324890259014431   0.0855
0.023250455726583324   0.086
0.02325871581214986   0.0865
0.023275314879677572   0.087
0.02327600321481263   0.0875
0.023298129373605564   0.088
0.023320002197255024   0.0885
0.023337653405282127   0.089
0.02333984548030829   0.0895
0.02335172546194944   0.09
0.023363696171990078   0.0905
0.02338040161700014   0.091
0.023396464635147246   0.0915
0.02340954118966429   0.092
0.02342081933839732   0.0925
0.02344366127850092   0.093
0.02346634684569912   0.0935
0.023466430821425438   0.094
0.02352966613723559   0.0945
0.023535532704063583   0.095
0.023538370277352255   0.0955
0.023543845959740323   0.096
0.023550177625248803   0.0965
0.023558328416569768   0.097
0.023565567793631642   0.0975
0.02358065995448541   0.098
0.023589062600456234   0.0985
0.02361521190578314   0.099
0.023632954251177923   0.0995
0.02364739035288596   0.1
0.023656989973475734   0.1005
0.02366483890864532   0.101
0.023669876404918216   0.1015
0.02367357738970119   0.102
0.023690834549480372   0.1025
0.02372143817385189   0.103
0.023735120106373214   0.1035
0.02373536757849945   0.104
0.02374649558219563   0.1045
0.023746775833269312   0.105
0.02375362764024888   0.1055
0.023755084625491613   0.106
0.023762427019482363   0.1065
0.023775231612612135   0.107
0.02378731450318003   0.1075
0.023796962910916125   0.108
0.023807344209090003   0.1085
0.023839369055752208   0.109
0.02383957012205526   0.1095
0.023854151982334454   0.11
0.023891381890045554   0.1105
0.023914992431915055   0.111
0.023919791397382595   0.1115
0.0239248854708716   0.112
0.023926728126438118   0.1125
0.02394361102465495   0.113
0.023943726376752877   0.1135
0.023948122530524446   0.114
0.023949258982600224   0.1145
0.0240005165698077   0.115
0.02400658967523936   0.1155
0.024013588381401302   0.116
0.02402177635636446   0.1165
0.02402850691117983   0.117
0.024055457045169676   0.1175
0.024057648071376198   0.118
0.02406062979079368   0.1185
0.024064216259939902   0.119
0.024067599940629875   0.1195
0.024073537909167303   0.12
0.024075963495510666   0.1205
0.024088616116723166   0.121
0.02411100848113404   0.1215
0.02416234466282094   0.122
0.024166525548404455   0.1225
0.024178144677333063   0.123
0.024190260435772964   0.1235
0.024194409588858296   0.124
0.024195140003376386   0.1245
0.024195645815295763   0.125
0.02420009052697461   0.1255
0.024202905424422355   0.126
0.02420295523850144   0.1265
0.024212913119519758   0.127
0.024213297869236733   0.1275
0.02425366372754012   0.128
0.024255973468974984   0.1285
0.024260249114469862   0.129
0.02426474210918414   0.1295
0.02427957728921684   0.13
0.024290217845064327   0.1305
0.024292330191382744   0.131
0.02430074373054472   0.1315
0.02430316053912815   0.132
0.02430325105559672   0.1325
0.02430873359798233   0.133
0.024314503699935125   0.1335
0.024373169637230435   0.134
0.024393203518425527   0.1345
0.02439369518595433   0.135
0.024397916740038633   0.1355
0.024414851006994115   0.136
0.02443574083865971   0.1365
0.02444312983360844   0.137
0.024452430809486586   0.1375
0.024454208227155466   0.138
0.024461305462498334   0.1385
0.024479469487164396   0.139
0.024484106086118812   0.1395
0.024485970763817838   0.14
0.024490132910304635   0.1405
0.02450025908222206   0.141
0.024501708233860303   0.1415
0.024507413781907322   0.142
0.024515388525126275   0.1425
0.024519907600620144   0.143
0.0245301675440259   0.1435
0.02453215305731879   0.144
0.02453300698767888   0.1445
0.02456662846726773   0.145
0.024582024900549032   0.1455
0.024602669376065117   0.146
0.024605922797000718   0.1465
0.02460777934648614   0.147
0.024610079153135483   0.1475
0.02461260871908974   0.148
0.02463080121996883   0.1485
0.024638100668782775   0.149
0.024654903411241436   0.1495
0.024658719598686013   0.15
0.02466483018801302   0.1505
0.02467703274572486   0.151
0.024682390499156714   0.1515
0.024690019834868765   0.152
0.024702513073924653   0.1525
0.024713131098217683   0.153
0.02473668910830648   0.1535
0.024763798189184255   0.154
0.024767023240203717   0.1545
0.024775913638257957   0.155
0.024776012668072528   0.1555
0.024779288025492757   0.156
0.024816765983416395   0.1565
0.02482598603547584   0.157
0.024837573472847957   0.1575
0.024839221862379385   0.158
0.02484506053748728   0.1585
0.02484771001556027   0.159
0.024892837622602   0.1595
0.024926230885055273   0.16
0.02496790176515437   0.1605
0.024977017497409854   0.161
0.024993736511905257   0.1615
0.025015249362455444   0.162
0.025056696562575004   0.1625
0.02508809311945545   0.163
0.025130292679674232   0.1635
0.02513987900986034   0.164
0.02515218749606271   0.1645
0.025232195891268655   0.165
0.025273744334953524   0.1655
0.02536396614051281   0.166
0.025408477474339636   0.1665
0.0254598581777655   0.167
0.025773095333767343   0.1675
0.02585324830482469   0.168
0.026453550136880916   0.1685
0.026646475494228578   0.169
0.02674964115020559   0.1695
0.026785666109278045   0.17
0.026928348714244515   0.1705
0.027047191538883547   0.171
0.027072238451230718   0.1715
0.027075190458686532   0.172
0.02708153257938592   0.1725
0.02710091641565901   0.173
0.027124295041108526   0.1735
0.02713298292903618   0.174
0.027153508938950605   0.1745
0.02715433370120454   0.175
0.027171814353053686   0.1755
0.027174879412542735   0.176
0.027179795281286973   0.1765
0.027196778575122788   0.177
0.027215617985418078   0.1775
0.02722317413898831   0.178
0.027225316913011915   0.1785
0.02722728002239677   0.179
0.027246100951841684   0.1795
0.02725781301403099   0.18
0.027297389700442404   0.1805
0.02729920963981161   0.181
0.027327450477128673   0.1815
0.0273318854763617   0.182
0.027333082530971803   0.1825
0.02733411947494499   0.183
0.02733547482094298   0.1835
0.027349438233028572   0.184
0.027351783159784898   0.1845
0.02736563605343109   0.185
0.027370010321634525   0.1855
0.027381646109275487   0.186
0.027391382017925986   0.1865
0.027402797161395376   0.187
0.027403933911748862   0.1875
0.02740928386566685   0.188
0.027420520635612594   0.1885
0.027441095502853535   0.189
0.02746042167330434   0.1895
0.027469667170574835   0.19
0.02750834664621521   0.1905
0.027517803465143514   0.191
0.027531036771878653   0.1915
0.02753443371911843   0.192
0.027548576527035074   0.1925
0.02755151508752149   0.193
0.027551765668113654   0.1935
0.02755851969060255   0.194
0.02757490145039107   0.1945
0.02758674710391948   0.195
0.027599205395381826   0.1955
0.027601181718005574   0.196
0.027604824821935686   0.1965
0.027676165495847366   0.197
0.027681946939776853   0.1975
0.027684044397149082   0.198
0.027697754878480446   0.1985
0.027707888524167834   0.199
0.02770888002352015   0.1995
0.027716774674391237   0.2
0.027716862319349306   0.2005
0.02771962192375252   0.201
0.02772031835775643   0.2015
0.027738739406606733   0.202
0.02774638293044493   0.2025
0.027747671411726044   0.203
0.027753416489724597   0.2035
0.027756323495385177   0.204
0.027772309833160286   0.2045
0.027778675281447646   0.205
0.02778345938788271   0.2055
0.027789225165101267   0.206
0.027790570734101155   0.2065
0.027802108769751727   0.207
0.027806004120785224   0.2075
0.027814279994740926   0.208
0.027823502685119156   0.2085
0.02784929479093476   0.209
0.027874759760897844   0.2095
0.02787793800817448   0.21
0.027891988492591696   0.2105
0.02789966310880085   0.211
0.027917573279749336   0.2115
0.027920068996973052   0.212
0.027920356306482902   0.2125
0.027924918585343378   0.213
0.02795528341546613   0.2135
0.027975121287828503   0.214
0.028010942592930993   0.2145
0.02801281268936026   0.215
0.02801296054023436   0.2155
0.028039179944498033   0.216
0.02804030754862838   0.2165
0.028049415130191296   0.217
0.028056554187393362   0.2175
0.028077805799510733   0.218
0.0280804901960183   0.2185
0.028082015451380643   0.219
0.028087837775788244   0.2195
0.028090537976407565   0.22
0.02809406945664808   0.2205
0.028107418116463084   0.221
0.028123342197413942   0.2215
0.028127697794741974   0.222
0.028128454136808062   0.2225
0.028132190364048543   0.223
0.028135626775306982   0.2235
0.028137419334689467   0.224
0.02814099996676675   0.2245
0.028150192249510902   0.225
0.028160355971402373   0.2255
0.028167911757322334   0.226
0.028172653631261618   0.2265
0.028176770684483404   0.227
0.02818604385156448   0.2275
0.02819290325835133   0.228
0.028196867957513333   0.2285
0.028201271235012565   0.229
0.028204204734680133   0.2295
0.028214802665687405   0.23
0.028233387972829788   0.2305
0.02824594646277559   0.231
0.028246212260244402   0.2315
0.02825471829016421   0.232
0.028260433680675184   0.2325
0.02826173349677366   0.233
0.028264373673323545   0.2335
0.02827357455942911   0.234
0.028278439895567692   0.2345
0.02828613285191736   0.235
0.028297942428837403   0.2355
0.02829835993583013   0.236
0.028298730281267198   0.2365
0.02831477582642178   0.237
0.028318561778062995   0.2375
0.028320312789077068   0.238
0.02832732097625726   0.2385
0.02832737552296713   0.239
0.02832808313492094   0.2395
0.028331025923131387   0.24
0.028337173328674664   0.2405
0.028350224084142603   0.241
0.028355262326102887   0.2415
0.028364227977097395   0.242
0.028385706984995568   0.2425
0.028395547269187776   0.243
0.02840239047338347   0.2435
0.02840629756701704   0.244
0.028406422752193045   0.2445
0.02840996083623834   0.245
0.028415708534646228   0.2455
0.028422927690711197   0.246
0.02842715512128144   0.2465
0.0284319243917924   0.247
0.028437848036236363   0.2475
0.02844061138033782   0.248
0.028451751941941855   0.2485
0.02845256095853102   0.249
0.028453264336608636   0.2495
0.028460000824690995   0.25
0.028467554100325726   0.2505
0.02847167740859144   0.251
0.028471830009174387   0.2515
0.028487350156476715   0.252
0.028519188944139046   0.2525
0.028523331933824142   0.253
0.028537315411962222   0.2535
0.028543331285888346   0.254
0.028553181844346215   0.2545
0.02856396567014227   0.255
0.028564349024977703   0.2555
0.028565626610172062   0.256
0.028566612439804767   0.2565
0.028572660318315596   0.257
0.028585338829951484   0.2575
0.028587125275645636   0.258
0.028590896939608895   0.2585
0.02860019805843514   0.259
0.0286123936168082   0.2595
0.028620032914133425   0.26
0.028622379040332463   0.2605
0.028626971506082066   0.261
0.028634410497986013   0.2615
0.02865015958384079   0.262
0.028652075535637478   0.2625
0.028655284996208508   0.263
0.02866437152118581   0.2635
0.02867357719281724   0.264
0.028687499817364764   0.2645
0.028689144605729272   0.265
0.02869613584493433   0.2655
0.02869685256705587   0.266
0.0286977326073303   0.2665
0.02873369409071877   0.267
0.028734270671524342   0.2675
0.028743003385047372   0.268
0.02875304852289226   0.2685
0.028762924839218523   0.269
0.028771064164974464   0.2695
0.028780145958321873   0.27
0.02880582842211249   0.2705
0.02882886354767114   0.271
0.0288944267959442   0.2715
0.02889887986874079   0.272
0.028907900166199346   0.2725
0.02890958451826972   0.273
0.0289200880249411   0.2735
0.029035662065134943   0.274
0.029166564229676423   0.2745
0.029171872590833564   0.275
0.029194121305383208   0.2755
0.0292626740552778   0.276
0.029390790366911584   0.2765
0.029565422661717716   0.277
0.029624836495426327   0.2775
0.029803694348708193   0.278
0.029850051397829563   0.2785
0.030063657581881703   0.279
0.030285259714173396   0.2795
0.03033969475379547   0.28
0.030391872741216214   0.2805
0.030462809972423538   0.281
0.030694059054983333   0.2815
0.030717092510015254   0.282
0.031007097517529364   0.2825
0.03101439195457409   0.283
0.03104297622733418   0.2835
0.03108674140506673   0.284
0.03109532503873788   0.2845
0.03111069314406409   0.285
0.031113130636412606   0.2855
0.03114503761204948   0.286
0.03118523112899238   0.2865
0.03119139305490179   0.287
0.031200341365405254   0.2875
0.031204764922998923   0.288
0.031204816642254135   0.2885
0.03120924548154716   0.289
0.031227262863600308   0.2895
0.0312528294236831   0.29
0.031253032494354765   0.2905
0.031292809348908185   0.291
0.03130511211098155   0.2915
0.03130878421929664   0.292
0.03131337426951461   0.2925
0.03132511994748091   0.293
0.03134674945996205   0.2935
0.03135827715174286   0.294
0.0313714747989676   0.2945
0.03138077483496013   0.295
0.03139062328876471   0.2955
0.031401603994112154   0.296
0.03141023463844769   0.2965
0.03141529669419996   0.297
0.03141754861009591   0.2975
0.03142241266935539   0.298
0.03142409894879469   0.2985
0.03143027071897744   0.299
0.031432065546973836   0.2995
0.031448670343338286   0.3
0.03145774177757707   0.3005
0.03146923380018396   0.301
0.031471415270697994   0.3015
0.03147267870761941   0.302
0.03147341843344573   0.3025
0.03147724326863846   0.303
0.0314778909388482   0.3035
0.03148026465911655   0.304
0.03148070834957925   0.3045
0.03148167305017721   0.305
0.03148203971719096   0.3055
0.03148322265971115   0.306
0.03148694165062976   0.3065
0.03149339120097981   0.307
0.03149747119631971   0.3075
0.03151027364980516   0.308
0.031512026591626996   0.3085
0.031525224713365246   0.309
0.03152696194941115   0.3095
0.031527928708357716   0.31
0.03153130768324999   0.3105
0.03153779172933488   0.311
0.03155304236395515   0.3115
0.03156763927079129   0.312
0.03156779064818213   0.3125
0.0315793870878662   0.313
0.03159053537751441   0.3135
0.03159102002376854   0.314
0.031604970870288684   0.3145
0.03160514554907243   0.315
0.03161161822048622   0.3155
0.03162013411530748   0.316
0.03162844627296696   0.3165
0.03163176639342277   0.317
0.031647996023400043   0.3175
0.03164830246483194   0.318
0.031655089210408965   0.3185
0.03167505200265994   0.319
0.03167683092554466   0.3195
0.03167869501001694   0.32
0.03168412351227823   0.3205
0.031687133850540866   0.321
0.03168954113740394   0.3215
0.03172549372458247   0.322
0.03172737699714853   0.3225
0.03175791969613892   0.323
0.03176309706126168   0.3235
0.03176895557997103   0.324
0.031780559609595777   0.3245
0.03178292481662423   0.325
0.03178556177123423   0.3255
0.031803272304467084   0.326
0.03183434000620791   0.3265
0.03183670365473276   0.327
0.031838121069507536   0.3275
0.0318480080047516   0.328
0.031848028236418774   0.3285
0.031855273822482405   0.329
0.03185597006619653   0.3295
0.031856488699551794   0.33
0.03186199430243428   0.3305
0.03187853090934775   0.331
0.03190554331529058   0.3315
0.03191028049621855   0.332
0.03191103019010627   0.3325
0.031912284805924646   0.333
0.031917296157899705   0.3335
0.031929322474286564   0.334
0.031941307734268454   0.3345
0.03196352447536663   0.335
0.03196864237893762   0.3355
0.03198422739246906   0.336
0.03199026513481926   0.3365
0.03199750424962375   0.337
0.032007705268087605   0.3375
0.03200819024769916   0.338
0.0320154873628766   0.3385
0.03204085951612071   0.339
0.03204609820584561   0.3395
0.03204634242865731   0.34
0.03205313627684378   0.3405
0.03205540548922056   0.341
0.032058618389285226   0.3415
0.03206723321504608   0.342
0.032070491396058304   0.3425
0.03207607633030049   0.343
0.032076859421034304   0.3435
0.032081607327321765   0.344
0.03208884931335379   0.3445
0.0320937771602294   0.345
0.03209443230566675   0.3455
0.032094723970104405   0.346
0.03209661707776654   0.3465
0.03209676136703518   0.347
0.032109468727783946   0.3475
0.032110411211988016   0.348
0.032111852611035635   0.3485
0.03211957710872562   0.349
0.03211996769460093   0.3495
0.03212267514824635   0.35
0.032132844038533864   0.3505
0.03214450327425375   0.351
0.03214768847450519   0.3515
0.03214795755389785   0.352
0.03215347033569174   0.3525
0.03215949935062176   0.353
0.032159779476122835   0.3535
0.0321629475991391   0.354
0.03216502446562483   0.3545
0.03217449665430108   0.355
0.032174946987062775   0.3555
0.0321789800724529   0.356
0.03218568696522836   0.3565
0.032200255223220425   0.357
0.032218106055576595   0.3575
0.032222772649810355   0.358
0.03222581351579376   0.3585
0.03222621599591688   0.359
0.0322368691020872   0.3595
0.03223830281333703   0.36
0.03224486176513916   0.3605
0.032252425751549824   0.361
0.03225483805444376   0.3615
0.03226715698897295   0.362
0.032277524193184554   0.3625
0.03227847474443932   0.363
0.03228582802500721   0.3635
0.032290768587289936   0.364
0.03230231989313434   0.3645
0.03231693364165297   0.365
0.03232194719709788   0.3655
0.032326303751984836   0.366
0.032355108643187275   0.3665
0.03235554910469127   0.367
0.03235712632206808   0.3675
0.03236136308425938   0.368
0.032364320462306556   0.3685
0.03236644258411883   0.369
0.03236654395586111   0.3695
0.032366828052967006   0.37
0.03238190474282722   0.3705
0.03239703514484815   0.371
0.03241240099756269   0.3715
0.0324130146441686   0.372
0.03242644490427135   0.3725
0.032427787338764696   0.373
0.03244783368444551   0.3735
0.03245271230164612   0.374
0.03245333619899446   0.3745
0.03245800514670791   0.375
0.032465144621224934   0.3755
0.03246581125356096   0.376
0.032486312361741626   0.3765
0.032504579642756964   0.377
0.03250746592799611   0.3775
0.032514281103183024   0.378
0.032518602196220964   0.3785
0.032529227276138356   0.379
0.03253003995997039   0.3795
0.03253832805988119   0.38
0.032550560471854756   0.3805
0.03256106611643991   0.381
0.0325611865815659   0.3815
0.03256154126475688   0.382
0.03256331050516123   0.3825
0.03256546385554496   0.383
0.03258191025385451   0.3835
0.03259004928161505   0.384
0.032590689697434644   0.3845
0.03259396373904841   0.385
0.03259469151675362   0.3855
0.03259479189914835   0.386
0.03259702470866943   0.3865
0.03260056541360548   0.387
0.03260381452465286   0.3875
0.03260421883666462   0.388
0.03261604474501764   0.3885
0.03262438216839156   0.389
0.032626003967855616   0.3895
0.03262831542370867   0.39
0.03263812681825637   0.3905
0.032638253950712265   0.391
0.03264738230237371   0.3915
0.03264825057893231   0.392
0.03265743553454312   0.3925
0.03266519540503873   0.393
0.0326658440913995   0.3935
0.03266600864886457   0.394
0.03266824960307799   0.3945
0.032669542610322816   0.395
0.03266998298943766   0.3955
0.03267159269974515   0.396
0.03267647327834025   0.3965
0.032683331187325554   0.397
0.032695113020389716   0.3975
0.03269590500184802   0.398
0.03269816771783471   0.3985
0.0326983556449264   0.399
0.03270459318453009   0.3995
0.0327048056823596   0.4
0.032706864369999894   0.4005
0.032727741226977664   0.401
0.03273150347207063   0.4015
0.03273597239527434   0.402
0.03274518630077752   0.4025
0.032750807187050895   0.403
0.03277311243997569   0.4035
0.032782857200250176   0.404
0.032786845574760054   0.4045
0.03279858189854948   0.405
0.03281169642662593   0.4055
0.03281841423806517   0.406
0.03282678386804022   0.4065
0.032827762309020486   0.407
0.03282993096818365   0.4075
0.03283751305132773   0.408
0.032856353459695536   0.4085
0.03285815708936457   0.409
0.032882097487503675   0.4095
0.03288458547470527   0.41
0.032892886783118   0.4105
0.03290744181477437   0.411
0.03291133958528933   0.4115
0.032919947869899796   0.412
0.03292357331308715   0.4125
0.032937091049668105   0.413
0.03317379382316263   0.4135
0.03318942013522949   0.414
0.033219619156247354   0.4145
0.03325390911090173   0.415
0.033366787839246376   0.4155
0.03343207296670389   0.416
0.03351707799239853   0.4165
0.03365699268562147   0.417
0.033687245041672836   0.4175
0.03375684657354536   0.418
0.03376551451282231   0.4185
0.03422810153086783   0.419
0.03433368997897021   0.4195
0.03462783355419752   0.42
0.03471262546293305   0.4205
0.03478302661400032   0.421
0.03488045476814414   0.4215
0.034990731290266225   0.422
0.034999830115355374   0.4225
0.03502276102371585   0.423
0.035045556237323194   0.4235
0.03507015568667268   0.424
0.03509084242600399   0.4245
0.03509812199328263   0.425
0.0350989530003635   0.4255
0.035100244387102936   0.426
0.03510071173168258   0.4265
0.035127736929175396   0.427
0.035130933723080765   0.4275
0.0351471132928485   0.428
0.03515761861149311   0.4285
0.03515854976725688   0.429
0.03517454990420296   0.4295
0.035174882711358685   0.43
0.035177837759994474   0.4305
0.03518813467914192   0.431
0.03519594814704974   0.4315
0.03520228242730769   0.432
0.035234375644153854   0.4325
0.03523594320210552   0.433
0.03523868166252905   0.4335
0.03524734567406815   0.434
0.035252396232488256   0.4345
0.0352663756243847   0.435
0.03527499841878681   0.4355
0.035291014285495165   0.436
0.035301880556903004   0.4365
0.035313101761774573   0.437
0.03532679151372295   0.4375
0.03532723725408879   0.438
0.035340433529067045   0.4385
0.03534312626535305   0.439
0.03534536057843782   0.4395
0.035368746657627376   0.44
0.035370783902173936   0.4405
0.03538855634365343   0.441
0.03539267901457391   0.4415
0.0353975553475982   0.442
0.03541363338628353   0.4425
0.035422074804432435   0.443
0.035425076787897386   0.4435
0.03542727504802903   0.444
0.035448115429926874   0.4445
0.03545343244908103   0.445
0.035459471176724405   0.4455
0.035474470927519625   0.446
0.03547643950998833   0.4465
0.03548329745909348   0.447
0.03549167799135433   0.4475
0.035494363704296095   0.448
0.03551553418706274   0.4485
0.035521487920023714   0.449
0.03552490202917055   0.4495
0.03554262602851832   0.45
0.035543084946963316   0.4505
0.03555947462926126   0.451
0.03556010654469874   0.4515
0.035571606827000196   0.452
0.03557735613761823   0.4525
0.03560395945264186   0.453
0.03560422662347271   0.4535
0.03561408639704419   0.454
0.03562151638874114   0.4545
0.03563033086750492   0.455
0.03563114025033848   0.4555
0.03563287597193951   0.456
0.0356358413891453   0.4565
0.035637191508997884   0.457
0.03564398348584183   0.4575
0.035656263933412785   0.458
0.03566990577390958   0.4585
0.03568061612035031   0.459
0.03568602944503549   0.4595
0.035699367983045543   0.46
0.0357045617126511   0.4605
0.03570706817783706   0.461
0.035708696720900907   0.4615
0.0357135100450158   0.462
0.035717147220569984   0.4625
0.03571739773509161   0.463
0.03571914005871343   0.4635
0.035720042212862874   0.464
0.03572048882904191   0.4645
0.03572901515440577   0.465
0.03573180930090289   0.4655
0.03574636365800288   0.466
0.03575338351444837   0.4665
0.03575911600860501   0.467
0.035759863122633934   0.4675
0.035762924877557944   0.468
0.035773928700069124   0.4685
0.035784957499739894   0.469
0.03579133638914614   0.4695
0.03579488679169893   0.47
0.03579562471846953   0.4705
0.03580914728049242   0.471
0.03581729187885682   0.4715
0.03581998830009478   0.472
0.03582168063295263   0.4725
0.03582448276426836   0.473
0.035824814051073545   0.4735
0.035826397944748095   0.474
0.03582841089453323   0.4745
0.035828708545898924   0.475
0.035829588733454626   0.4755
0.03585470605441851   0.476
0.035859834857817574   0.4765
0.03586865534030567   0.477
0.035870875958533555   0.4775
0.035872877885992555   0.478
0.03587566210127399   0.4785
0.03587819352930585   0.479
0.03587967119473631   0.4795
0.035884641331099004   0.48
0.03588472866845446   0.4805
0.03589746473290889   0.481
0.03590232104039329   0.4815
0.035903890097767815   0.482
0.035904505804353753   0.4825
0.03590458489825474   0.483
0.035907820586064426   0.4835
0.03590811622663356   0.484
0.035913735360534355   0.4845
0.0359140394403277   0.485
0.03591855315090106   0.4855
0.035923109318265894   0.486
0.03593261424414759   0.4865
0.03593980686669038   0.487
0.035941349981523735   0.4875
0.03594909451900316   0.488
0.0359525747587601   0.4885
0.035959107276600316   0.489
0.035970405738265626   0.4895
0.03599630270108997   0.49
0.03599973960369804   0.4905
0.036001087703075946   0.491
0.036003670012184505   0.4915
0.036005423931021546   0.492
0.036006398771261966   0.4925
0.03601047626817802   0.493
0.0360155154437872   0.4935
0.03602867938408888   0.494
0.03604196330794948   0.4945
0.03604450663268827   0.495
0.03605137569431846   0.4955
0.03606383135391708   0.496
0.036065346475262244   0.4965
0.03606902300281398   0.497
0.036072643611090666   0.4975
0.03607635580126442   0.498
0.03607801219896331   0.4985
0.036080989518699286   0.499
0.03608555102491648   0.4995
0.03609295248451003   0.5
0.03609936499295577   0.5005
0.03610077208565246   0.501
0.036102958910667476   0.5015
0.03611143369171574   0.502
0.03611613669820499   0.5025
0.03612328122792083   0.503
0.03612641141126002   0.5035
0.03613426174348974   0.504
0.036139495559089324   0.5045
0.036144171996487534   0.505
0.03614477229181087   0.5055
0.036151733536507566   0.506
0.03615439868996981   0.5065
0.03616228346679437   0.507
0.03616981530381544   0.5075
0.03617515090699888   0.508
0.03617569762949671   0.5085
0.0361966435466162   0.509
0.036206392073526134   0.5095
0.03621807207262312   0.51
0.03622296056834448   0.5105
0.0362254560101892   0.511
0.036237183670127154   0.5115
0.036244518848891766   0.512
0.03625034593979587   0.5125
0.03626136011357023   0.513
0.036262014101047874   0.5135
0.0362631731861309   0.514
0.03626469945631239   0.5145
0.03627994349201444   0.515
0.036288097994582075   0.5155
0.03629155679156268   0.516
0.036295134180580696   0.5165
0.03629685838730942   0.517
0.03629749164391324   0.5175
0.03629958183039925   0.518
0.03630151692558101   0.5185
0.03631356366887581   0.519
0.036315594102840215   0.5195
0.03632135981275328   0.52
0.036327623633488154   0.5205
0.03632764311160605   0.521
0.036331650598673354   0.5215
0.03633422310559828   0.522
0.03633715513654409   0.5225
0.03634335824960103   0.523
0.036347852322885926   0.5235
0.03635211371890831   0.524
0.03635559562531751   0.5245
0.03635768807996417   0.525
0.03635942788220545   0.5255
0.03636564068206824   0.526
0.036365709464630774   0.5265
0.036367177262566996   0.527
0.03636757143139355   0.5275
0.036371905099242235   0.528
0.03638615513797144   0.5285
0.03639220546326938   0.529
0.0363951340093914   0.5295
0.03639608009838821   0.53
0.036415123816512435   0.5305
0.036420262520524965   0.531
0.03642319023478083   0.5315
0.03643432994158155   0.532
0.036435423335711675   0.5325
0.03643586920036471   0.533
0.0364407123635557   0.5335
0.036445639244806566   0.534
0.03645360603787681   0.5345
0.03648694162830199   0.535
0.036493117325246266   0.5355
0.03649767684746416   0.536
0.03649835293882783   0.5365
0.03650291824161908   0.537
0.03650881749536347   0.5375
0.03652104075714904   0.538
0.03653001215378626   0.5385
0.03654542251767354   0.539
0.036546018010465225   0.5395
0.03655343810759287   0.54
0.0365578890029927   0.5405
0.03656206102621981   0.541
0.03657998493556838   0.5415
0.03658186468557609   0.542
0.03658680831963587   0.5425
0.03658697576438516   0.543
0.036588947287868406   0.5435
0.03659399088504353   0.544
0.03659440369970399   0.5445
0.03660189701897129   0.545
0.03661355851351164   0.5455
0.03662750347092905   0.546
0.036643502179689674   0.5465
0.03664620965044982   0.547
0.03664694882958272   0.5475
0.03665207791138575   0.548
0.03665342717349107   0.5485
0.036653765454728565   0.549
0.03665983807869097   0.5495
0.03666378956997732   0.55
0.0366749124586053   0.5505
0.03667660758830485   0.551
0.03667688726466753   0.5515
0.03668022249874078   0.552
0.036681776772302443   0.5525
0.036686754821571105   0.553
0.03669405146454127   0.5535
0.036694919375863305   0.554
0.03670061678903888   0.5545
0.036706068137928954   0.555
0.036707188655512896   0.5555
0.036707913173558565   0.556
0.03671498408601487   0.5565
0.03673401655357303   0.557
0.03674202426603537   0.5575
0.03675396016829849   0.558
0.03675527542497689   0.5585
0.03675611995189346   0.559
0.03675853201641219   0.5595
0.03677466613906519   0.56
0.036796107332637704   0.5605
0.03679799300904893   0.561
0.03680125051140373   0.5615
0.03680147984455859   0.562
0.0368104625442591   0.5625
0.0368154065417903   0.563
0.036822375089899245   0.5635
0.03682295140861233   0.564
0.03682567955670138   0.5645
0.036828707629040114   0.565
0.03685929372223781   0.5655
0.03686624022404422   0.566
0.03687123495118674   0.5665
0.036876766901952546   0.567
0.03688853555037702   0.5675
0.036900766787286016   0.568
0.036909366241807434   0.5685
0.03691921038855392   0.569
0.03693070591700573   0.5695
0.03695087171869724   0.57
0.036964652319396246   0.5705
0.03696623117011108   0.571
0.03697184306731724   0.5715
0.036988744492443354   0.572
0.036990404699410145   0.5725
0.037004140488796605   0.573
0.037028203943950594   0.5735
0.037030225532147715   0.574
0.037099005595883944   0.5745
0.03712314970406258   0.575
0.037148913126383104   0.5755
0.03722580727019395   0.576
0.037303723427045216   0.5765
0.0373613897541821   0.577
0.03736606620518232   0.5775
0.03741424037913629   0.578
0.03743015228252075   0.5785
0.037460325616998885   0.579
0.03746494782602047   0.5795
0.03753278499908494   0.58
0.037588433446518216   0.5805
0.03762885976373667   0.581
0.0376362145840152   0.5815
0.03795498464934369   0.582
0.038146265424157416   0.5825
0.0381496319224294   0.583
0.03827001349914014   0.5835
0.03855084655345127   0.584
0.038604871132763965   0.5845
0.03886399673842207   0.585
0.038896411149199464   0.5855
0.03895157413359926   0.586
0.03903439066037559   0.5865
0.03908752957815112   0.587
0.03911436151868748   0.5875
0.03913143902907776   0.588
0.03914324248590459   0.5885
0.03914835668242492   0.589
0.03915301749137648   0.5895
0.03916790968754644   0.59
0.03917260379357859   0.5905
0.03917705495336141   0.591
0.03920726166284419   0.5915
0.03923071535445541   0.592
0.039232012309506764   0.5925
0.039244177250573026   0.593
0.039252318635104505   0.5935
0.039256870108141245   0.594
0.03927661026710001   0.5945
0.03927928869209442   0.595
0.039285950855385526   0.5955
0.03929528590418796   0.596
0.039297380417133126   0.5965
0.039297789431471525   0.597
0.03930610365292561   0.5975
0.03930716251464225   0.598
0.03931400327098014   0.5985
0.03931425876294661   0.599
0.039334479103195125   0.5995
0.03933471220027984   0.6
0.039338411978575766   0.6005
0.039341624545644965   0.601
0.03934633961348791   0.6015
0.03934695132411978   0.602
0.03936309697160442   0.6025
0.03937405535071267   0.603
0.03938322785752865   0.6035
0.03938412238199604   0.604
0.039385860585364835   0.6045
0.03939380588012459   0.605
0.039396850745449824   0.6055
0.039400277539923326   0.606
0.039414127234820934   0.6065
0.03941945510038304   0.607
0.039420362409917836   0.6075
0.03942503319774435   0.608
0.039434349706804345   0.6085
0.0394546714668855   0.609
0.03945728450324679   0.6095
0.03946219499378814   0.61
0.03946475872556528   0.6105
0.039469088144976266   0.611
0.039474672209320175   0.6115
0.03948060483928402   0.612
0.03949501538733177   0.6125
0.039495350954363545   0.613
0.03950394842228201   0.6135
0.03951117620247677   0.614
0.039511388546595   0.6145
0.039518700783298305   0.615
0.03952357378648905   0.6155
0.03955149386933063   0.616
0.039551851485206305   0.6165
0.03956924166414297   0.617
0.039572233992029804   0.6175
0.03957486084897899   0.618
0.03959019794248539   0.6185
0.03959234580741064   0.619
0.039609170434913715   0.6195
0.039609830875117574   0.62
0.03961875951097443   0.6205
0.039620266109320096   0.621
0.039643653334023726   0.6215
0.039655785477163946   0.622
0.03965683245503937   0.6225
0.03966716103678666   0.623
0.03966757009957575   0.6235
0.039673721035380846   0.624
0.03968376526216086   0.6245
0.03968883322110364   0.625
0.03969102639774387   0.6255
0.0396954157822552   0.626
0.03970523598140929   0.6265
0.03970771524330627   0.627
0.039719478930970914   0.6275
0.03972214435855578   0.628
0.03972792567084267   0.6285
0.03973455085838132   0.629
0.039740739950114706   0.6295
0.0397455921129872   0.63
0.039746705215532224   0.6305
0.039755296870643636   0.631
0.039756390868494224   0.6315
0.03975918236559836   0.632
0.03976228790867922   0.6325
0.03976598387517957   0.633
0.03976889320107199   0.6335
0.03978037389396258   0.634
0.03978921026057143   0.6345
0.039800458917421136   0.635
0.03980219238497282   0.6355
0.03980717358407901   0.636
0.03982633583212972   0.6365
0.03983356808069216   0.637
0.03983578158959389   0.6375
0.03984907838760163   0.638
0.03985632720381206   0.6385
0.0398703541013857   0.639
0.03987194869495039   0.6395
0.03987892105908172   0.64
0.03987935710399518   0.6405
0.0398869104426294   0.641
0.03989102532659358   0.6415
0.039895123131982346   0.642
0.03989826970717704   0.6425
0.039906345851438665   0.643
0.03991534230785883   0.6435
0.03991657923057852   0.644
0.03992162288869103   0.6445
0.039945167194029824   0.645
0.03994642878605033   0.6455
0.039952701316949696   0.646
0.039955622050305825   0.6465
0.03996211810342118   0.647
0.039969202589787506   0.6475
0.039975989282473784   0.648
0.03997606421794549   0.6485
0.03998072479850974   0.649
0.03998646275518422   0.6495
0.03999205225340827   0.65
0.04001094440471062   0.6505
0.04002183670924361   0.651
0.040025306971244706   0.6515
0.040028798023205595   0.652
0.0400369605814119   0.6525
0.040040562177738145   0.653
0.04005026231636506   0.6535
0.04005950263671772   0.654
0.04006452675547435   0.6545
0.04006493820488241   0.655
0.040073982214530915   0.6555
0.04008025407088986   0.656
0.04008068142750751   0.6565
0.04008142685241074   0.657
0.04009275317912549   0.6575
0.04009649345091845   0.658
0.040097548974874025   0.6585
0.04009904293664143   0.659
0.04009911035701083   0.6595
0.04010492733462036   0.66
0.04012498745628114   0.6605
0.04013424107912307   0.661
0.040135786845796356   0.6615
0.04014475486026339   0.662
0.04014544998490861   0.6625
0.04014797342901423   0.663
0.040158748828986304   0.6635
0.04017052552610437   0.664
0.04017791466183747   0.6645
0.04018292957303711   0.665
0.04020037773286353   0.6655
0.04020074569660023   0.666
0.04020423882345778   0.6665
0.040208569391327914   0.667
0.040213931665777   0.6675
0.04022473907392918   0.668
0.04022930086602036   0.6685
0.04023929840263114   0.669
0.040244443545365674   0.6695
0.0402508049752618   0.67
0.040253865937854544   0.6705
0.04026653989301748   0.671
0.040272271005876575   0.6715
0.040275019699415354   0.672
0.04027821355132369   0.6725
0.04028228663243172   0.673
0.04030074875564024   0.6735
0.04030167504860757   0.674
0.040313382336463435   0.6745
0.04031780551562211   0.675
0.040322203109331684   0.6755
0.04032599499237345   0.676
0.040326092059148916   0.6765
0.04033046843724704   0.677
0.040349295649388245   0.6775
0.040359425197848214   0.678
0.04035962108802689   0.6785
0.04036330160487574   0.679
0.040365872667353656   0.6795
0.04036902480828963   0.68
0.04038221073931371   0.6805
0.04038887394573076   0.681
0.040424409235505734   0.6815
0.04042628340966144   0.682
0.040431739714094375   0.6825
0.040461124374597215   0.683
0.04047865859211193   0.6835
0.04048436469439645   0.684
0.04048684777696242   0.6845
0.04049501565345566   0.685
0.040510347896875507   0.6855
0.04051493549994578   0.686
0.04051565306144907   0.6865
0.04051908859551853   0.687
0.04052839672829607   0.6875
0.04052982519555193   0.688
0.04053659216546253   0.6885
0.04054928258042757   0.689
0.040552418569602414   0.6895
0.040580105212525266   0.69
0.0405894005163137   0.6905
0.040599805044438025   0.691
0.04062141553943417   0.6915
0.04063000395574119   0.692
0.040631866922247364   0.6925
0.04063597066185007   0.693
0.040640812296140055   0.6935
0.04064340716064997   0.694
0.04065345676766087   0.6945
0.04066016404338031   0.695
0.04066764639960005   0.6955
0.0406736113478537   0.696
0.04068842516661071   0.6965
0.040719988259971765   0.697
0.04072241253865923   0.6975
0.04072665686002894   0.698
0.04077032041761937   0.6985
0.040797001413169415   0.699
0.04080540428705855   0.6995
0.04080769312759622   0.7
0.040810155445961255   0.7005
0.040865074967878015   0.701
0.040872981027016156   0.7015
0.040886550162597096   0.702
0.040911186024352536   0.7025
0.04091617052108572   0.703
0.04092122511256187   0.7035
0.04093404483006663   0.704
0.040962357613697625   0.7045
0.04096775528287744   0.705
0.040977117788117245   0.7055
0.04098921498050631   0.706
0.04099413325858037   0.7065
0.04109783205218845   0.707
0.04117626457472673   0.7075
0.04122415815780531   0.708
0.041262646638671824   0.7085
0.041270112785809054   0.709
0.04134003683713042   0.7095
0.04136190527258374   0.71
0.04136820986674057   0.7105
0.04137277394970865   0.711
0.04137788835992404   0.7115
0.041406925367174774   0.712
0.04141054439353806   0.7125
0.041428433969522255   0.713
0.04151556993223657   0.7135
0.04155062142023376   0.714
0.04165545104503407   0.7145
0.04174703326218851   0.715
0.04177472933684842   0.7155
0.04188708100391221   0.716
0.04214875575032115   0.7165
0.04249669879000524   0.717
0.042775616375443845   0.7175
0.04279508170863584   0.718
0.042875670809337255   0.7185
0.04292145537439469   0.719
0.04300433568973562   0.7195
0.0430519288637998   0.72
0.04307157429251125   0.7205
0.04310043490663676   0.721
0.043134351381365094   0.7215
0.04318943708291276   0.722
0.04319498626630244   0.7225
0.04322711712758029   0.723
0.04325286031248479   0.7235
0.04326586091140425   0.724
0.0432718793291262   0.7245
0.04328519856908215   0.725
0.043288770194280096   0.7255
0.043294157085583235   0.726
0.043315365572355796   0.7265
0.0433233817729963   0.727
0.043366072605121764   0.7275
0.043380859064529514   0.728
0.043381621530692874   0.7285
0.04338605098332153   0.729
0.043390533677186274   0.7295
0.0434080397985174   0.73
0.043430544166974255   0.7305
0.04343926211986092   0.731
0.04344308512637547   0.7315
0.04344899697823937   0.732
0.043464596028837135   0.7325
0.043465382382633505   0.733
0.04348750480406355   0.7335
0.04349459339892012   0.734
0.043499162929475726   0.7345
0.04350373958183326   0.735
0.043510487880630694   0.7355
0.04351370142940744   0.736
0.04351636653672328   0.7365
0.0435209050781277   0.737
0.04352196441887715   0.7375
0.04352556256138426   0.738
0.04354325582821897   0.7385
0.043545528197553945   0.739
0.04356701451801333   0.7395
0.04357568171347678   0.74
0.043575844366719824   0.7405
0.04357855087271398   0.741
0.04358038592941013   0.7415
0.04359639219979773   0.742
0.043605769286774704   0.7425
0.04361314561118543   0.743
0.04365901285808001   0.7435
0.04366165911828264   0.744
0.043663860150334716   0.7445
0.04370056324484557   0.745
0.04371779727984412   0.7455
0.04372613496012756   0.746
0.04373292757336264   0.7465
0.043734162259499304   0.747
0.043735433443434474   0.7475
0.043738529849975144   0.748
0.04375742495622384   0.7485
0.04375968301346905   0.749
0.0437701097611988   0.7495
0.04378112693343275   0.75
0.043785814145339816   0.7505
0.04380863342524752   0.751
0.04381001452311736   0.7515
0.04383316287903699   0.752
0.043837910781667405   0.7525
0.043843596939849516   0.753
0.04385244290130477   0.7535
0.04386143767131093   0.754
0.043866962169894955   0.7545
0.04387545932170819   0.755
0.04390452508292478   0.7555
0.04390471980387475   0.756
0.043910719480009866   0.7565
0.04391597227360303   0.757
0.043920844181140686   0.7575
0.04392525726517035   0.758
0.04393819940112445   0.7585
0.04394531293533405   0.759
0.043945610163280385   0.7595
0.04397271535158187   0.76
0.043979233651710886   0.7605
0.04399884971603153   0.761
0.04400214360980005   0.7615
0.044009280588083816   0.762
0.04402461892381933   0.7625
0.04403344413221885   0.763
0.04404523852747751   0.7635
0.04404776117034788   0.764
0.04406582138039497   0.7645
0.04408367480240512   0.765
0.04408856313875663   0.7655
0.04408921291915344   0.766
0.04409069945039365   0.7665
0.04409238865479462   0.767
0.04410665188948355   0.7675
0.044109840462482314   0.768
0.04414533346217543   0.7685
0.044153283284367933   0.769
0.044158429813076494   0.7695
0.04416768827360948   0.77
0.04417003639848291   0.7705
0.0441719087814649   0.771
0.044187559946755134   0.7715
0.04420275311303008   0.772
0.044208837079850766   0.7725
0.04421179588495945   0.773
0.044214755484023885   0.7735
0.04421916863490248   0.774
0.044244664963206684   0.7745
0.044247964946075816   0.775
0.044258622846299084   0.7755
0.044260977859152034   0.776
0.044275659341130605   0.7765
0.04431226866400548   0.777
0.044313312180924005   0.7775
0.04433033236791925   0.778
0.044354400322575344   0.7785
0.04435585431359099   0.779
0.044364494312947506   0.7795
0.04436896651383368   0.78
0.04437688200782916   0.7805
0.04438878661607101   0.781
0.044396497132507554   0.7815
0.04442139938725849   0.782
0.044441030441561294   0.7825
0.04445053567043408   0.783
0.044459444406157095   0.7835
0.044468412620445166   0.784
0.0444701706916832   0.7845
0.04450875539056172   0.785
0.04451101365970729   0.7855
0.04451358724329692   0.786
0.04452555598512771   0.7865
0.04452853694042633   0.787
0.04453753004122182   0.7875
0.044545013756647225   0.788
0.04455392522836961   0.7885
0.04456459629750284   0.789
0.04457315361653942   0.7895
0.044573788427224564   0.79
0.044578532531557566   0.7905
0.04459296930270437   0.791
0.04459943123982482   0.7915
0.044602161686000355   0.792
0.04460987599661932   0.7925
0.04461723708628325   0.793
0.04462536201327595   0.7935
0.044646866052119136   0.794
0.04468493140035647   0.7945
0.04468732099975621   0.795
0.04468808644753931   0.7955
0.04471076154664662   0.796
0.044729357460204316   0.7965
0.04473001141627311   0.797
0.04473057136624288   0.7975
0.04473297452915827   0.798
0.044777226096633385   0.7985
0.04480713163042109   0.799
0.044811285953228044   0.7995
0.04482621283805274   0.8
0.04486728216456477   0.8005
0.04486901023327665   0.801
0.04487782472390758   0.8015
0.044890311989446555   0.802
0.044942585558362017   0.8025
0.04494682319008633   0.803
0.04495428825429129   0.8035
0.045046519313961864   0.804
0.04507329860444906   0.8045
0.04508329881510284   0.805
0.04509575119887624   0.8055
0.04528566876571502   0.806
0.04532510065597192   0.8065
0.04537763754947727   0.807
0.045416896970977255   0.8075
0.045445286400998736   0.808
0.04613915585306819   0.8085
0.0461542400895691   0.809
0.04655639736617119   0.8095
0.04662279153511756   0.81
0.04675110362942543   0.8105
0.04686918667067601   0.811
0.046905116420568785   0.8115
0.04697495899777017   0.812
0.0469770372914584   0.8125
0.04703924097689882   0.813
0.047160390716958545   0.8135
0.047164837688275896   0.814
0.04720172565673404   0.8145
0.04721190091436972   0.815
0.04721394659350048   0.8155
0.04721892702144964   0.816
0.04723400881848289   0.8165
0.04724128487967423   0.817
0.04726603070059632   0.8175
0.047295259203388895   0.818
0.047301996905494983   0.8185
0.047325476539825384   0.819
0.047330714487415854   0.8195
0.047335003911246065   0.82
0.047336064696852975   0.8205
0.047340789102058745   0.821
0.04736911589699973   0.8215
0.047385702105358696   0.822
0.04739315162738206   0.8225
0.0474002454631251   0.823
0.04740444678210326   0.8235
0.04747893986787727   0.824
0.04748102577961272   0.8245
0.04749957143274104   0.825
0.04750425698235855   0.8255
0.04753221069044461   0.826
0.047552962181477046   0.8265
0.04757273580114141   0.827
0.047578678048181666   0.8275
0.04757936713153221   0.828
0.0476021592000746   0.8285
0.04761483846976128   0.829
0.04761549082580692   0.8295
0.04761822085070551   0.83
0.04762034459855008   0.8305
0.04762980394123689   0.831
0.04763332689869043   0.8315
0.047647354252149235   0.832
0.04765201076785386   0.8325
0.04767710910456602   0.833
0.04770192463402094   0.8335
0.04770243841832489   0.834
0.04772199541280503   0.8345
0.047722525660555404   0.835
0.04772731204017466   0.8355
0.04775548749238129   0.836
0.04776190165004718   0.8365
0.04776679251171828   0.837
0.0477689145165357   0.8375
0.047785079556144194   0.838
0.04782516565666656   0.8385
0.047837223962840084   0.839
0.04784683718784516   0.8395
0.047872959725090924   0.84
0.047883397342208256   0.8405
0.04793185568494018   0.841
0.04795819832761768   0.8415
0.047961897055709746   0.842
0.04796835848670124   0.8425
0.048014679826358375   0.843
0.04801858927089027   0.8435
0.04802315064445968   0.844
0.04803739424735344   0.8445
0.04805429070115605   0.845
0.04805531607857584   0.8455
0.048058679493286405   0.846
0.04805994300285715   0.8465
0.04806656862090812   0.847
0.04806755876433018   0.8475
0.048136291992090866   0.848
0.04814615285419051   0.8485
0.04815331654193471   0.849
0.04816695949919797   0.8495
0.04817512923187492   0.85
0.04818277568537016   0.8505
0.04820075072652236   0.851
0.048201429727881495   0.8515
0.048204502388568285   0.852
0.048206783519465224   0.8525
0.04820927438299154   0.853
0.04821314397485833   0.8535
0.04822026033039764   0.854
0.0482300084252662   0.8545
0.04825900631186901   0.855
0.04830961656357413   0.8555
0.04831265272046037   0.856
0.048313678793510006   0.8565
0.048318524302194354   0.857
0.048328882875046   0.8575
0.04833665849756852   0.858
0.04838639036694291   0.8585
0.048391583945276054   0.859
0.04839773171286038   0.8595
0.048426181645199906   0.86
0.04842758805962917   0.8605
0.048443348404222764   0.861
0.048446334862908905   0.8615
0.04853089954525777   0.862
0.04856235953940541   0.8625
0.04858457633364906   0.863
0.048600774552878756   0.8635
0.048627560747851295   0.864
0.048660456918861617   0.8645
0.04867447708893241   0.865
0.048681340509896545   0.8655
0.04868331357731698   0.866
0.04870335605620685   0.8665
0.048716783092851934   0.867
0.04875178388577424   0.8675
0.048760135411590036   0.868
0.048760737428869216   0.8685
0.04877898729152849   0.869
0.04878656131010524   0.8695
0.048788417861991965   0.87
0.04880528416161528   0.8705
0.04880638646719808   0.871
0.04885584489968564   0.8715
0.048901422820181686   0.872
0.04930998442181128   0.8725
0.049403770238898304   0.873
0.04946618360667654   0.8735
0.05001741850417368   0.874
0.05027204774809417   0.8745
0.05081762385940407   0.875
0.05108025933801669   0.8755
0.05110911295193682   0.876
0.05111472530040401   0.8765
0.05118045157290807   0.877
0.05119046646310815   0.8775
0.05119422854781802   0.878
0.05122535290423952   0.8785
0.05126592382743707   0.879
0.051299684892055886   0.8795
0.0513333605756057   0.88
0.05133657936479363   0.8805
0.05136945857306914   0.881
0.051380532099780385   0.8815
0.051388754417917404   0.882
0.051402075826165294   0.8825
0.05142305766439864   0.883
0.05142436852855908   0.8835
0.0514415694384614   0.884
0.05144307956949251   0.8845
0.051457687618809256   0.885
0.051467796481972417   0.8855
0.05147656365304826   0.886
0.05149699955710191   0.8865
0.051505526933071144   0.887
0.05151684488172337   0.8875
0.051520561394660935   0.888
0.05152616832488688   0.8885
0.05152957482651044   0.889
0.05153867279639962   0.8895
0.05156816550003562   0.89
0.0515845689798123   0.8905
0.0515869731451864   0.891
0.05158741151953622   0.8915
0.05158962663981126   0.892
0.05160856161128803   0.8925
0.051665293485949115   0.893
0.05166628651987576   0.8935
0.05167781299786568   0.894
0.051678530566839076   0.8945
0.05168603372481692   0.895
0.05168968663174968   0.8955
0.05169568631884376   0.896
0.05172452390581536   0.8965
0.05172557291671512   0.897
0.05182087982980654   0.8975
0.051841708869800676   0.898
0.05184656555724605   0.8985
0.051896321867153705   0.899
0.05192013196664608   0.8995
0.051989521102079606   0.9
0.052040184666230505   0.9005
0.052048445819801115   0.901
0.05209156329810358   0.9015
0.05210011231998518   0.902
0.05210394448845575   0.9025
0.052117139810201885   0.903
0.052128094347734966   0.9035
0.05217339405730842   0.904
0.05217360010334844   0.9045
0.052199155529774555   0.905
0.05220006872430959   0.9055
0.052208994516659446   0.906
0.05221581914378948   0.9065
0.052220684997396655   0.907
0.05224161251128419   0.9075
0.05225313187090169   0.908
0.05226117773989951   0.9085
0.05228381748083294   0.909
0.05231764178342431   0.9095
0.052320858063955866   0.91
0.05232276722215036   0.9105
0.052322938205048145   0.911
0.05235341865601689   0.9115
0.05243955722933638   0.912
0.05246065684845787   0.9125
0.052471233125108   0.913
0.052532616169288074   0.9135
0.05253542359676862   0.914
0.052552748715734385   0.9145
0.052562303295095134   0.915
0.05257024343900581   0.9155
0.0525886076146555   0.916
0.052708739025004336   0.9165
0.05273912242830299   0.917
0.05274362575275289   0.9175
0.0527452702022804   0.918
0.05276639849631787   0.9185
0.05281798325166916   0.919
0.052881601169829054   0.9195
0.052883348645819464   0.92
0.05290956753652072   0.9205
0.05292168324167919   0.921
0.052956176277595204   0.9215
0.053176891590992315   0.922
0.053218026977114405   0.9225
0.05378852602617279   0.923
0.054004050644074264   0.9235
0.05423023203009475   0.924
0.055042092158677336   0.9245
0.05518958060044296   0.925
0.055207261248570616   0.9255
0.05527912157074788   0.926
0.05530232748225797   0.9265
0.05534617524558466   0.927
0.055411446321680546   0.9275
0.05544103006638673   0.928
0.05544791356418913   0.9285
0.055452698588679794   0.929
0.055481931464895384   0.9295
0.05552113036926015   0.93
0.055563779251359885   0.9305
0.05573566279010217   0.931
0.05573802516536891   0.9315
0.05574434979614823   0.932
0.05574973205179168   0.9325
0.05575905139549836   0.933
0.05577772953697874   0.9335
0.055778444700508356   0.934
0.055794740560990375   0.9345
0.0558357096126858   0.935
0.05584359808900963   0.9355
0.05585712075160465   0.936
0.05595427073291398   0.9365
0.05597948438304129   0.937
0.05598366264255969   0.9375
0.055989916309817866   0.938
0.055998812571890155   0.9385
0.05603617727172683   0.939
0.05604096605951342   0.9395
0.056059586974326725   0.94
0.05606075150507411   0.9405
0.0560886570781442   0.941
0.056116814338186605   0.9415
0.05612938013673885   0.942
0.056139192060416176   0.9425
0.05614423401038965   0.943
0.05626532113142063   0.9435
0.05628081546030013   0.944
0.05628407939687269   0.9445
0.05630076352278668   0.945
0.05630738662623558   0.9455
0.05632712201002327   0.946
0.05634528987358778   0.9465
0.05635580794806133   0.947
0.05636999310928609   0.9475
0.05642623811906339   0.948
0.05643039277159406   0.9485
0.05650526802993411   0.949
0.05656866556313975   0.9495
0.05661988840395499   0.95
0.056647171848493494   0.9505
0.05669441485997323   0.951
0.05672205221003718   0.9515
0.056853823612131205   0.952
0.0568706579758427   0.9525
0.0572815512300463   0.953
0.05728820204235836   0.9535
0.057486374343279495   0.954
0.05888340181969948   0.9545
0.05907805136424832   0.955
0.05911756418590236   0.9555
0.059248196454564056   0.956
0.05930213825366143   0.9565
0.0593394387912079   0.957
0.05934752276876637   0.9575
0.059369961910897606   0.958
0.05949805772498262   0.9585
0.05951403811584266   0.959
0.05954280191142869   0.9595
0.05957499099047853   0.96
0.059614462885796804   0.9605
0.059678920737168684   0.961
0.05974285103533922   0.9615
0.0597982146238199   0.962
0.05981724460340454   0.9625
0.05983415184630675   0.963
0.05988630148835844   0.9635
0.059959779450274586   0.964
0.05998580205544363   0.9645
0.06003530780203689   0.965
0.0600372343489089   0.9655
0.06004754551540209   0.966
0.060062322033035465   0.9665
0.06008913291127621   0.967
0.06019029758405359   0.9675
0.060402059987491985   0.968
0.060617713376626026   0.9685
0.060645269242682376   0.969
0.06074763921653174   0.9695
0.06086663047025975   0.97
0.06092982989019391   0.9705
0.06281676054008584   0.971
0.06296999232197314   0.9715
0.0631894825723684   0.972
0.06327202670843507   0.9725
0.06344271484332692   0.973
0.06352228909790464   0.9735
0.06353831045899089   0.974
0.06364534053956   0.9745
0.06371530066576553   0.975
0.06379112399260589   0.9755
0.06381930081153214   0.976
0.06382613348501293   0.9765
0.06383954570618322   0.977
0.06416328604631438   0.9775
0.06417373168611179   0.978
0.06424133872570487   0.9785
0.06424360749450808   0.979
0.06449704730013966   0.9795
0.06463039751877359   0.98
0.06466258999086755   0.9805
0.06577852168126103   0.981
0.06583112452726542   0.9815
0.06712109682185997   0.982
0.06727539396236226   0.9825
0.0672983469526271   0.983
0.06732999785641192   0.9835
0.0675139366783139   0.984
0.06760353616077325   0.9845
0.06767432862247319   0.985
0.06776179829384066   0.9855
0.06806523300775874   0.986
0.0681125014014235   0.9865
0.06821933649842388   0.987
0.06836679192042944   0.9875
0.06854318372811857   0.988
0.06864201030073208   0.9885
0.06873385339488552   0.989
0.06954785275142589   0.9895
0.07114375035992332   0.99
0.07164023623003901   0.9905
0.07166388437595678   0.991
0.07173387148997645   0.9915
0.0718984228824171   0.992
0.07265095191470794   0.9925
0.07266431234054083   0.993
0.07287974683021131   0.9935
0.07320395278164127   0.994
0.07506978245477378   0.9945
0.07516817654937932   0.995
0.07553463802079546   0.9955
0.07563895169447381   0.996
0.07573787463154252   0.9965
0.07931878611324408   0.997
0.07962932704920452   0.9975
0.07969418260439051   0.998
0.08097626726634324   0.9985
0.08377191830786698   0.999
0.08745943508799262   0.9995
