0.0001385934841081942   0.0
0.00017371091232308092   0.0005
0.00029538200355093815   0.001
0.0003286957609803339   0.0015
0.0003328998065178283   0.002
0.00033609317735991894   0.0025
0.0003443043820673064   0.003
0.0003522150316933471   0.0035
0.0003548327426264406   0.004
0.00039176131842792733   0.0045
0.0004256488933761174   0.005
0.0004366247934165037   0.0055
0.0004533902547849661   0.006
0.000462832220132238   0.0065
0.0004952139753198013   0.007
0.0005085240776038071   0.0075
0.0005186145334878218   0.008
0.0005438034662058036   0.0085
0.0005574648234167901   0.009
0.0005613774726115304   0.0095
0.000562029012401019   0.01
0.0005997443521276116   0.0105
0.0006096579131418871   0.011
0.0006239389135640188   0.0115
0.000639417451219721   0.012
0.000648341124580026   0.0125
0.0007313345856879317   0.013
0.0007316212898662754   0.0135
0.0007997027438010969   0.014
0.0008215034672224539   0.0145
0.0008669071726971466   0.015
0.0008682257236358292   0.0155
0.0008953927326128981   0.016
0.0009037588721494208   0.0165
0.0009046982089614673   0.017
0.0009049277256078479   0.0175
0.0009356971715694352   0.018
0.0009575858008296095   0.0185
0.0009585388580650605   0.019
0.0010544948619667168   0.0195
0.0010603779444727072   0.02
0.0010622427626985577   0.0205
0.0010861871351843936   0.021
0.0011495860411732195   0.0215
0.001157756502020754   0.022
0.0012437867472797543   0.0225
0.0012841281115676486   0.023
0.0013298320338646537   0.0235
0.0013586942296389467   0.024
0.001369118371569007   0.0245
0.0014011780590022017   0.025
0.0014038731335712885   0.0255
0.001457760504895867   0.026
0.0014634261338354161   0.0265
0.0015163966508911352   0.027
0.0015363157707541728   0.0275
0.0015588751853616656   0.028
0.001582398402775193   0.0285
0.001603942623541323   0.029
0.0016384592442732838   0.0295
0.0016612824812938882   0.03
0.0016971652625783896   0.0305
0.0017047954995678823   0.031
0.0017294818188166778   0.0315
0.0017379867774771993   0.032
0.0017428808352222885   0.0325
0.001759499945921128   0.033
0.0017596102009152016   0.0335
0.001773810506378434   0.034
0.0017916522202552168   0.0345
0.0018540053298677344   0.035
0.0018656798941935216   0.0355
0.0018688112062336172   0.036
0.0018930534063139569   0.0365
0.0019293019270228689   0.037
0.0019370247180912127   0.0375
0.001945945585136149   0.038
0.0019633130252517655   0.0385
0.0019741126331475106   0.039
0.001989843610638781   0.0395
0.0020041400141684465   0.04
0.002030836231522313   0.0405
0.0020310448086196275   0.041
0.0020328202742796965   0.0415
0.002058134438816607   0.042
0.0020816162945564397   0.0425
0.0020906015122181113   0.043
0.002110060315127908   0.0435
0.0021110149089036603   0.044
0.002116403029250578   0.0445
0.00214092363412434   0.045
0.002145896301232083   0.0455
0.0021487422128742954   0.046
0.002175774520925738   0.0465
0.0021944045950595507   0.047
0.002220320872937673   0.0475
0.0022309704279687564   0.048
0.0022314436981769035   0.0485
0.0022436700746601775   0.049
0.0022794388021587135   0.0495
0.002279592969364388   0.05
0.0022859942221690544   0.0505
0.002289371221109489   0.051
0.00230729827422457   0.0515
0.0023279510520972935   0.052
0.002367485823439948   0.0525
0.002378646319121939   0.053
0.0023914683551896927   0.0535
0.002402423287333336   0.054
0.0024229025406951685   0.0545
0.0024260534390242   0.055
0.002429523519156569   0.0555
0.0024413711949908675   0.056
0.0025505813128471138   0.0565
0.002579781480974613   0.057
0.0026072640631426463   0.0575
0.002632433265111674   0.058
0.002669891874047919   0.0585
0.0026726716229341627   0.059
0.002700850449727673   0.0595
0.002706945963759398   0.06
0.0027218857157822324   0.0605
0.0027788043981108674   0.061
0.002791724282738083   0.0615
0.0027998733808588553   0.062
0.002800436984006185   0.0625
0.002828218835373722   0.063
0.0028345653921608965   0.0635
0.0028443674600742157   0.064
0.002945763600119861   0.0645
0.002955419782416101   0.065
0.0029883724526297084   0.0655
0.0030187718599722167   0.066
0.0030385319640401443   0.0665
0.0030389456378719613   0.067
0.0030453079018385493   0.0675
0.003080641732473603   0.068
0.0030821161800631404   0.0685
0.00309380336755132   0.069
0.0031070838380720402   0.0695
0.0031301922449029707   0.07
0.0031618626374849993   0.0705
0.00316864844360191   0.071
0.0031686738517205087   0.0715
0.0031957131049997877   0.072
0.003207601413027105   0.0725
0.0032087641777735357   0.073
0.003210010382328714   0.0735
0.0032978276817750935   0.074
0.003312879170845281   0.0745
0.0033292022094917172   0.075
0.0033374767539737153   0.0755
0.0033693878551163867   0.076
0.003399183228539427   0.0765
0.0034222826998954584   0.077
0.003435072533200987   0.0775
0.003470745961757445   0.078
0.0034751596571166187   0.0785
0.003480514562974393   0.079
0.003484436270177301   0.0795
0.003517556000340533   0.08
0.003555252275844463   0.0805
0.003621125940285826   0.081
0.003720235422148028   0.0815
0.003747923343776209   0.082
0.003766476747668936   0.0825
0.003800729866546   0.083
0.0038089841422165273   0.0835
0.0038168211438682053   0.084
0.003842525161315555   0.0845
0.003873948652400983   0.085
0.0038863237177091323   0.0855
0.003889100002407808   0.086
0.0038958747628215816   0.0865
0.003901433641541163   0.087
0.003912608672305614   0.0875
0.003915238389957906   0.088
0.003947545392838578   0.0885
0.003950396825342233   0.089
0.0039525275155309755   0.0895
0.003954203534502229   0.09
0.00395699579792529   0.0905
0.003969402934637619   0.091
0.004074618987444282   0.0915
0.004081539157104691   0.092
0.004119004485591762   0.0925
0.004126743312531577   0.093
0.004136749581243536   0.0935
0.004177732930035221   0.094
0.004232752700326365   0.0945
0.004304893847641851   0.095
0.004307923472196547   0.0955
0.00430809956959042   0.096
0.004314851595531348   0.0965
0.004336359179185668   0.097
0.004337887270831166   0.0975
0.00435906617903247   0.098
0.004361982924034953   0.0985
0.004363701289500417   0.099
0.004371587485888042   0.0995
0.004387740617485254   0.1
0.004424112567568283   0.1005
0.004451066813478618   0.101
0.004497102835465271   0.1015
0.004516046247029586   0.102
0.004516692868522087   0.1025
0.004517916527898163   0.103
0.00454505966931361   0.1035
0.004574480450875701   0.104
0.004580303439847797   0.1045
0.0045853854545741726   0.105
0.004640857036955357   0.1055
0.004642445985068197   0.106
0.004644456550838369   0.1065
0.004644649138946806   0.107
0.00466748578591761   0.1075
0.00468503459021612   0.108
0.004720912504181808   0.1085
0.004761686312962918   0.109
0.00476798166487173   0.1095
0.004781553462466431   0.11
0.00480061461379625   0.1105
0.004811135164063585   0.111
0.00483464976366626   0.1115
0.004840500580263568   0.112
0.004863614341534029   0.1125
0.0048695702237711025   0.113
0.0048827002299516925   0.1135
0.004895653266275938   0.114
0.004904310559081461   0.1145
0.0049069357182932125   0.115
0.004924885706474676   0.1155
0.004989226663623251   0.116
0.0050003389029761236   0.1165
0.005008961250441544   0.117
0.005041545685965626   0.1175
0.005100719742692026   0.118
0.005141162096740328   0.1185
0.005142786637338298   0.119
0.005157975743013054   0.1195
0.005167073336301956   0.12
0.005173615072302999   0.1205
0.0051853493553151025   0.121
0.005230978136123367   0.1215
0.005254616621930954   0.122
0.005268084751194179   0.1225
0.0052910094441666645   0.123
0.005291294720291578   0.1235
0.005303761744772462   0.124
0.005329792515751543   0.1245
0.005335597083999029   0.125
0.005349496281529285   0.1255
0.005373438054017483   0.126
0.005403888490284105   0.1265
0.005404273612158097   0.127
0.005414540040405192   0.1275
0.005427776647776845   0.128
0.0054339927898547965   0.1285
0.005442499593259744   0.129
0.0054689506206579775   0.1295
0.005471539699074343   0.13
0.0054776095900321104   0.1305
0.005495665794299068   0.131
0.00549606108556305   0.1315
0.005511770037195727   0.132
0.005514368350872837   0.1325
0.005515375082169718   0.133
0.005516691035985986   0.1335
0.005517622760784242   0.134
0.005527797745678314   0.1345
0.005534362725880037   0.135
0.005573585973288818   0.1355
0.005578011144806405   0.136
0.005579502907893639   0.1365
0.005581417852304399   0.137
0.005612494161344296   0.1375
0.005618001170936887   0.138
0.005633836116108627   0.1385
0.005641994853517597   0.139
0.005687531508355857   0.1395
0.005697066359487335   0.14
0.005707109156782976   0.1405
0.005721030315523287   0.141
0.005722196042916141   0.1415
0.00575221990565118   0.142
0.005757992908266535   0.1425
0.00578156032392526   0.143
0.005790084437975244   0.1435
0.005801301681262306   0.144
0.005837189197713748   0.1445
0.005849399191691386   0.145
0.005863512212203829   0.1455
0.005866246683651794   0.146
0.005884493930477686   0.1465
0.005909933191807251   0.147
0.0059196115016428245   0.1475
0.005945509268177545   0.148
0.005948723937968258   0.1485
0.0059732649793953   0.149
0.006012872793803272   0.1495
0.006015230053506338   0.15
0.00602039543059482   0.1505
0.006023797711941025   0.151
0.006083337045160949   0.1515
0.0060928760709751725   0.152
0.00611866485522819   0.1525
0.006135944470147283   0.153
0.006152491076026673   0.1535
0.006161126075399524   0.154
0.006183348640641007   0.1545
0.006203039573837856   0.155
0.006250268006070687   0.1555
0.006264393759749843   0.156
0.006277397864780049   0.1565
0.006341545709686298   0.157
0.006363438133660943   0.1575
0.006367810241684878   0.158
0.006388817307735116   0.1585
0.006400211348797152   0.159
0.006471095579458261   0.1595
0.006487002367299781   0.16
0.0064960967689800175   0.1605
0.006545133872528764   0.161
0.006577127029405316   0.1615
0.006609045037623355   0.162
0.006688354828213737   0.1625
0.006711993402086882   0.163
0.00673338586847873   0.1635
0.006736759180014812   0.164
0.006757128908856875   0.1645
0.006766915042772964   0.165
0.006818576306957124   0.1655
0.006824941868755393   0.166
0.006835881548221442   0.1665
0.006864530672825687   0.167
0.0068915370318775844   0.1675
0.006917268085680112   0.168
0.0070589172579367705   0.1685
0.0070629512680989315   0.169
0.007068706104412471   0.1695
0.007073506630972393   0.17
0.007119804701724669   0.1705
0.0071249481821546844   0.171
0.007128902753887249   0.1715
0.007134147955245242   0.172
0.0071477538434462275   0.1725
0.007147948599789618   0.173
0.007169104766212535   0.1735
0.007172828413506279   0.174
0.007177207460003752   0.1745
0.007205899530775333   0.175
0.007226798050110112   0.1755
0.007231961414685068   0.176
0.007267896789991161   0.1765
0.0072987224205145135   0.177
0.0073115385927953365   0.1775
0.007319416979746059   0.178
0.007341521873074817   0.1785
0.007362469264196897   0.179
0.007362666458591841   0.1795
0.007368943708592001   0.18
0.007392541219306617   0.1805
0.007424510950454031   0.181
0.007431570397155401   0.1815
0.007484630075003309   0.182
0.007517048490929869   0.1825
0.0075246846001787255   0.183
0.007562132075840187   0.1835
0.007576274846742037   0.184
0.0075926247912845145   0.1845
0.007595688222131536   0.185
0.007596860185112662   0.1855
0.007602598145562753   0.186
0.007647665025485488   0.1865
0.0076566441039755025   0.187
0.007682198911310678   0.1875
0.007688225149815791   0.188
0.00768967265790524   0.1885
0.0077483877068548045   0.189
0.007758434851919154   0.1895
0.0077673067049473295   0.19
0.0077919879224373646   0.1905
0.007795466453734193   0.191
0.007822279350357508   0.1915
0.007837980281295717   0.192
0.007840892584925468   0.1925
0.007891400974500777   0.193
0.00790719589650485   0.1935
0.007913170053540586   0.194
0.007916442742434877   0.1945
0.007949299576674288   0.195
0.007958043155557286   0.1955
0.007958700770516167   0.196
0.007978375441600117   0.1965
0.008001585445742788   0.197
0.008038585358730803   0.1975
0.008039344365419839   0.198
0.008053514307789923   0.1985
0.00805627820949429   0.199
0.008118573418068044   0.1995
0.008123307328858907   0.2
0.008159418604288635   0.2005
0.008217138377757146   0.201
0.008219210427206677   0.2015
0.008247798729695738   0.202
0.008255251856618085   0.2025
0.008268499056840899   0.203
0.008283128905185707   0.2035
0.00832495456439907   0.204
0.00836420589229589   0.2045
0.008371846805687505   0.205
0.008372293598152739   0.2055
0.008381794029748264   0.206
0.0084155402946405   0.2065
0.008458739362832694   0.207
0.00846560699946506   0.2075
0.008475350091941974   0.208
0.00849393191036541   0.2085
0.00850212795380774   0.209
0.008502359146661557   0.2095
0.008517603027940903   0.21
0.008548210008507431   0.2105
0.008558039734704256   0.211
0.008558073681697934   0.2115
0.008600039436913464   0.212
0.00860349504919947   0.2125
0.008606647568719705   0.213
0.008630657317370505   0.2135
0.008645358380105026   0.214
0.008676372863895505   0.2145
0.00872838246013549   0.215
0.008755412556657575   0.2155
0.008756130502014795   0.216
0.0087817495791506   0.2165
0.00878218595298413   0.217
0.008793358630526918   0.2175
0.008809524677008584   0.218
0.008820484331510918   0.2185
0.008824671699807517   0.219
0.00884849056705986   0.2195
0.008873415796501125   0.22
0.008873644432064107   0.2205
0.008904388323349992   0.221
0.008914062324479895   0.2215
0.00891571429984584   0.222
0.008922277303303998   0.2225
0.00896714703885165   0.223
0.008967221175328262   0.2235
0.008979054104046015   0.224
0.00900673406548029   0.2245
0.009027634050069334   0.225
0.009041808235720455   0.2255
0.009048374869051133   0.226
0.009050668814541191   0.2265
0.009085821845268727   0.227
0.009092001689754436   0.2275
0.009105210430544363   0.228
0.009120183041940816   0.2285
0.009138202998488259   0.229
0.009260850032524281   0.2295
0.009279271479792978   0.23
0.009315956739827026   0.2305
0.00935938552958372   0.231
0.009378381829972332   0.2315
0.009381895768604253   0.232
0.009429485138554258   0.2325
0.009475756556256303   0.233
0.009480144452834986   0.2335
0.009527474270500129   0.234
0.009557349240807322   0.2345
0.009570894639700804   0.235
0.009574340955981869   0.2355
0.009577074808739101   0.236
0.009580559223034293   0.2365
0.009589297023098216   0.237
0.009590107427518878   0.2375
0.00959686414978312   0.238
0.00961615085136238   0.2385
0.009618119527464612   0.239
0.009630061410002668   0.2395
0.009660012234601004   0.24
0.00968087848931464   0.2405
0.009690632701631481   0.241
0.009706839381908767   0.2415
0.009708289971751324   0.242
0.009710977437784856   0.2425
0.009712108423957757   0.243
0.009725848261624197   0.2435
0.009742024846438699   0.244
0.00974889258477333   0.2445
0.00976417895421845   0.245
0.009787703673277182   0.2455
0.00979455075295111   0.246
0.009815241957423733   0.2465
0.009852320226646734   0.247
0.009852997288056439   0.2475
0.009861917322858531   0.248
0.009882325596030025   0.2485
0.0098879988099043   0.249
0.009894862175741507   0.2495
0.00998608018332716   0.25
0.01001203459562773   0.2505
0.010034306241822437   0.251
0.010044298234667017   0.2515
0.010087528601071948   0.252
0.010100697784371965   0.2525
0.01015988445878306   0.253
0.0101913918727518   0.2535
0.01023254191445781   0.254
0.0102509000947953   0.2545
0.010251982985886466   0.255
0.010264081945316597   0.2555
0.010307979647206148   0.256
0.010335835352353922   0.2565
0.010341482941518633   0.257
0.010352675985167462   0.2575
0.010364459139717584   0.258
0.010399233487594233   0.2585
0.01040113991059307   0.259
0.01040448236506765   0.2595
0.010414104010657932   0.26
0.010417785561038246   0.2605
0.01041995338696535   0.261
0.01043787516142942   0.2615
0.01046019347710258   0.262
0.010520374850934981   0.2625
0.010526562242508704   0.263
0.010549534142595277   0.2635
0.01059238975591822   0.264
0.010632300559638975   0.2645
0.01065707067986478   0.265
0.010664171354252912   0.2655
0.010671842006587861   0.266
0.010705349848728313   0.2665
0.01071512993601117   0.267
0.010773760151155323   0.2675
0.010788980558867423   0.268
0.010795126527727775   0.2685
0.010800633309925083   0.269
0.010803309607506618   0.2695
0.010808580098995926   0.27
0.010846887502029882   0.2705
0.010872530399314562   0.271
0.010881337308379768   0.2715
0.010888963351934507   0.272
0.01091661923936774   0.2725
0.010918459643385623   0.273
0.010918888865100937   0.2735
0.01093199243652654   0.274
0.010973375896093304   0.2745
0.011028169561923182   0.275
0.01106995235673819   0.2755
0.011095535967034078   0.276
0.01113215112808582   0.2765
0.011136239783557758   0.277
0.011156382750912087   0.2775
0.011173209193944642   0.278
0.01117421126799209   0.2785
0.011184292599561866   0.279
0.011189299022757865   0.2795
0.011191202639407191   0.28
0.011193030712431891   0.2805
0.011215906101923263   0.281
0.011292293755549694   0.2815
0.011317537598559232   0.282
0.011318967725673848   0.2825
0.0113214600722518   0.283
0.01136121159947565   0.2835
0.011415249714748289   0.284
0.011421484841630272   0.2845
0.01144421441156889   0.285
0.011462151699293427   0.2855
0.01147412411214494   0.286
0.011526048480957583   0.2865
0.011553725826610671   0.287
0.01155648609150538   0.2875
0.011589147554069493   0.288
0.011592404294899921   0.2885
0.011594995971308199   0.289
0.011602203635636698   0.2895
0.011607494613703407   0.29
0.011621018029150085   0.2905
0.011658037819899108   0.291
0.01177884618314259   0.2915
0.011814897500420732   0.292
0.01184047915648987   0.2925
0.011848956202859758   0.293
0.011870184607126796   0.2935
0.01188730867253543   0.294
0.011961731926549113   0.2945
0.011980634815445883   0.295
0.011991797576879236   0.2955
0.012005972939151364   0.296
0.012077535645783843   0.2965
0.01213659812188287   0.297
0.012177041721850204   0.2975
0.01223693963175016   0.298
0.012353743676476962   0.2985
0.012372359715614744   0.299
0.012381366496047257   0.2995
0.012434913609793888   0.3
0.012437864468062602   0.3005
0.012488424421380541   0.301
0.0125182930952511   0.3015
0.012573941612344344   0.302
0.012573957160935394   0.3025
0.012607674062235927   0.303
0.012617254272465652   0.3035
0.012632350299858472   0.304
0.012635791408358224   0.3045
0.012672414185386633   0.305
0.012694181761878694   0.3055
0.012705262995875644   0.306
0.012725027681316623   0.3065
0.01277376657850882   0.307
0.012811938340205394   0.3075
0.012814694134667034   0.308
0.012826546825073273   0.3085
0.01288584968615241   0.309
0.012906809064115121   0.3095
0.012940967137018627   0.31
0.012943211967056353   0.3105
0.012956005697901108   0.311
0.012969735283118705   0.3115
0.01297289618936921   0.312
0.01297294837810832   0.3125
0.013023907854739955   0.313
0.01303664060273926   0.3135
0.013045206088340745   0.314
0.013099465915851791   0.3145
0.013145695980453162   0.315
0.013181621943980284   0.3155
0.01318530450672672   0.316
0.0131888948285106   0.3165
0.013196079869782096   0.317
0.013211254022129809   0.3175
0.013350342614597225   0.318
0.013401957397339875   0.3185
0.013413738803879511   0.319
0.013436973547611046   0.3195
0.013474182081333948   0.32
0.013491458304247403   0.3205
0.013554059082156454   0.321
0.013571159179567067   0.3215
0.01358645715969202   0.322
0.013671886513574403   0.3225
0.013679462836174936   0.323
0.013735785449843146   0.3235
0.01374175475915454   0.324
0.01375766891119436   0.3245
0.013804319122654533   0.325
0.013807339914032591   0.3255
0.013832740141522028   0.326
0.013851491168414404   0.3265
0.013906801920287554   0.327
0.013928696812195059   0.3275
0.014001822106716204   0.328
0.01400279333866505   0.3285
0.014025648313658141   0.329
0.01409200411957725   0.3295
0.014115577708123717   0.33
0.014119386072898001   0.3305
0.014179636853678176   0.331
0.01419874955545592   0.3315
0.014202799769813437   0.332
0.014235369913029124   0.3325
0.014245594218627502   0.333
0.014246433416927856   0.3335
0.014250648417195415   0.334
0.014255807862770411   0.3345
0.014293037441016995   0.335
0.014301068745976813   0.3355
0.01431292244262028   0.336
0.014332772336066127   0.3365
0.014365586438823028   0.337
0.01463858821110577   0.3375
0.014638924624440858   0.338
0.014648146745991499   0.3385
0.014655662820665327   0.339
0.01468738754520478   0.3395
0.01470011656550944   0.34
0.014706473934033445   0.3405
0.014722472021552753   0.341
0.014729674636999864   0.3415
0.014741434480334657   0.342
0.014764215155258498   0.3425
0.014768406522672556   0.343
0.01479850743100532   0.3435
0.014806851528048769   0.344
0.014815424658046018   0.3445
0.014832645016037541   0.345
0.014847571940955656   0.3455
0.014859644867969144   0.346
0.014893710263323416   0.3465
0.014923814636444384   0.347
0.014954809337489062   0.3475
0.014965817562554384   0.348
0.015054767241825643   0.3485
0.015094597809773992   0.349
0.015112542057668432   0.3495
0.015135720409882189   0.35
0.015144377155561814   0.3505
0.015151923571599252   0.351
0.015155846197769409   0.3515
0.015219445972101286   0.352
0.015245049647966438   0.3525
0.01524585210790165   0.353
0.015255830818440987   0.3535
0.015304919572056163   0.354
0.015308157332387596   0.3545
0.015321898007979791   0.355
0.01541087499153999   0.3555
0.015419818433820525   0.356
0.015430569670587351   0.3565
0.015434109919403083   0.357
0.015461043659454733   0.3575
0.015513958388586364   0.358
0.015587078129026561   0.3585
0.01562704436491473   0.359
0.015653241631357652   0.3595
0.015672592470641858   0.36
0.015723105571211038   0.3605
0.01572823466088451   0.361
0.015734514475533114   0.3615
0.01576284081733638   0.362
0.015767242127476634   0.3625
0.01577152467308023   0.363
0.01582511399309766   0.3635
0.015875083529811557   0.364
0.015890846446132322   0.3645
0.015896868224090234   0.365
0.015909056938019986   0.3655
0.015915240304536216   0.366
0.0159350049231676   0.3665
0.015967306533203635   0.367
0.015968497802096464   0.3675
0.0160069622428472   0.368
0.016020956500632427   0.3685
0.016045640639579535   0.369
0.01607541106215516   0.3695
0.016080775602055595   0.37
0.01608617090156684   0.3705
0.01609236617612807   0.371
0.016102524124917018   0.3715
0.016114501549238838   0.372
0.01616171730615905   0.3725
0.016163275423989657   0.373
0.01616986964404883   0.3735
0.016231353372768997   0.374
0.01623614157668021   0.3745
0.016241831474804642   0.375
0.016323301315544065   0.3755
0.01632747747818846   0.376
0.016333183660450945   0.3765
0.01633634907795735   0.377
0.016344688757166187   0.3775
0.016358739794050847   0.378
0.01637015055571157   0.3785
0.016374411680562622   0.379
0.0164117456222388   0.3795
0.016459809432429272   0.38
0.016461788912511086   0.3805
0.01647347456914986   0.381
0.01647774180175735   0.3815
0.016483665069174543   0.382
0.01648664961233065   0.3825
0.01649501220666688   0.383
0.016506669437377258   0.3835
0.016529075129120607   0.384
0.016533908708429784   0.3845
0.016563036747565908   0.385
0.01657458527986547   0.3855
0.016598417437955218   0.386
0.016639665260451797   0.3865
0.016642632965695542   0.387
0.016645065236467804   0.3875
0.01665614511554491   0.388
0.01666787047048171   0.3885
0.01667098603976313   0.389
0.016683106387722614   0.3895
0.01668613365513167   0.39
0.016687830166072663   0.3905
0.0167066043916051   0.391
0.016712943074350665   0.3915
0.01675929462405396   0.392
0.016769376932926447   0.3925
0.01678650057652542   0.393
0.01678713450815662   0.3935
0.016804218613041554   0.394
0.016812902904204372   0.3945
0.016816514315705362   0.395
0.016824118872134912   0.3955
0.016825891414153207   0.396
0.01682658687304311   0.3965
0.016916272332921766   0.397
0.016957419370653388   0.3975
0.01702992007034046   0.398
0.017032928639399092   0.3985
0.017075748820259126   0.399
0.017083567845632405   0.3995
0.017109000646492834   0.4
0.017173149497680663   0.4005
0.017211365889187782   0.401
0.01723431015479271   0.4015
0.017256324022583733   0.402
0.017270285057530855   0.4025
0.017284327313938707   0.403
0.017293090752681456   0.4035
0.01729938593633531   0.404
0.017317499056795103   0.4045
0.017342210783130182   0.405
0.017361611175748835   0.4055
0.017376757283051762   0.406
0.017396125131724595   0.4065
0.017416599879482658   0.407
0.017442485524375023   0.4075
0.017484218563378156   0.408
0.017495726378855547   0.4085
0.017497000342288432   0.409
0.017541282020414592   0.4095
0.017554630881647354   0.41
0.017568960174095725   0.4105
0.017585433680697447   0.411
0.017638584005105085   0.4115
0.017642783765946118   0.412
0.017646351019856017   0.4125
0.017680822300957112   0.413
0.01772184170870829   0.4135
0.017743994245892375   0.414
0.017789214703491034   0.4145
0.01779371755314999   0.415
0.017863073899280896   0.4155
0.017866856832627558   0.416
0.01787876660900389   0.4165
0.01792892608909418   0.417
0.01800501218759266   0.4175
0.018060390131995757   0.418
0.018064309266289623   0.4185
0.018085227372647644   0.419
0.0181067324541674   0.4195
0.018113484084356517   0.42
0.018128059129461707   0.4205
0.01813474604900741   0.421
0.018155636279517204   0.4215
0.01816925018775217   0.422
0.018181539533721557   0.4225
0.01820570514805741   0.423
0.01827800920162198   0.4235
0.01830640042266758   0.424
0.018309706456075905   0.4245
0.018323143971054945   0.425
0.018369298130959385   0.4255
0.018402765813636177   0.426
0.0184035063315655   0.4265
0.018429986640301224   0.427
0.018457126780011837   0.4275
0.018535617816082293   0.428
0.018539372120552896   0.4285
0.018592908684973708   0.429
0.018669568721913686   0.4295
0.018681510447822836   0.43
0.01868316996173602   0.4305
0.018684517884339304   0.431
0.01868661848074822   0.4315
0.018731458724329166   0.432
0.018751497046348407   0.4325
0.018794795844548896   0.433
0.018823631696752708   0.4335
0.0188555558442986   0.434
0.0188557032164701   0.4345
0.01890425641553941   0.435
0.018912512595744765   0.4355
0.018916129807415707   0.436
0.01898427414577368   0.4365
0.018996769039449878   0.437
0.019027330311361598   0.4375
0.01919678883782135   0.438
0.019207334638268687   0.4385
0.019266334227151377   0.439
0.01931190937621322   0.4395
0.01935103397001645   0.44
0.01935947271640683   0.4405
0.01944593516882327   0.441
0.019451557092660252   0.4415
0.019532716754528584   0.442
0.019622906501751892   0.4425
0.01963895382423736   0.443
0.019703403548145544   0.4435
0.019768572387773135   0.444
0.019777788681313337   0.4445
0.019837000599561585   0.445
0.0198678222927108   0.4455
0.019872667264424736   0.446
0.019875112463888258   0.4465
0.020021748868943423   0.447
0.020027777797184024   0.4475
0.020031786555311373   0.448
0.020050140895474258   0.4485
0.020099982576958844   0.449
0.020189967609140706   0.4495
0.020280694521919936   0.45
0.02029110880693282   0.4505
0.020303412824304413   0.451
0.02036412421757038   0.4515
0.020383691503419753   0.452
0.020407086231469296   0.4525
0.020425165619482686   0.453
0.020519223528789283   0.4535
0.020578741026374886   0.454
0.020625446784985593   0.4545
0.02065361373774775   0.455
0.020686973054923362   0.4555
0.02077859664507009   0.456
0.02086517314096454   0.4565
0.020866956970063445   0.457
0.02087377484581094   0.4575
0.020892717788187402   0.458
0.020937934930795953   0.4585
0.02095349451478191   0.459
0.020954354184796166   0.4595
0.020961985172757654   0.46
0.02102909695174159   0.4605
0.021032369322489707   0.461
0.021065683818444172   0.4615
0.02108691210977092   0.462
0.021133060373716483   0.4625
0.021229024289273583   0.463
0.02123615335149104   0.4635
0.021238774862376797   0.464
0.021249704934597217   0.4645
0.02125425567090778   0.465
0.02130388453424377   0.4655
0.021361983247772085   0.466
0.02136976774020962   0.4665
0.021380043953372098   0.467
0.02138883546281697   0.4675
0.02143579454063038   0.468
0.021438394558022707   0.4685
0.02144176504554531   0.469
0.021530732821134213   0.4695
0.02154965640837392   0.47
0.02165176363496967   0.4705
0.021661930840839935   0.471
0.021665112155351603   0.4715
0.021673977970972258   0.472
0.02172030028597769   0.4725
0.021731343318709375   0.473
0.021760867541369064   0.4735
0.021766958801331733   0.474
0.02181107420810756   0.4745
0.02188307413266273   0.475
0.021919018234555693   0.4755
0.021920798334789243   0.476
0.02192248563414312   0.4765
0.02194349881273224   0.477
0.021960194095096083   0.4775
0.021960292847279933   0.478
0.021982318776220353   0.4785
0.022027759225959447   0.479
0.022075477357448893   0.4795
0.02211096516124038   0.48
0.022141646643859165   0.4805
0.022145499596915186   0.481
0.022164167041900204   0.4815
0.022232550193687972   0.482
0.022282300719851   0.4825
0.022330683742903118   0.483
0.022333719493957512   0.4835
0.0223443331014842   0.484
0.02238592073787903   0.4845
0.022403665252188693   0.485
0.022412641504735202   0.4855
0.022422461374446756   0.486
0.022479588263415638   0.4865
0.022500408081707567   0.487
0.022524417766630743   0.4875
0.022601723031104037   0.488
0.022601734856463353   0.4885
0.022607026177208986   0.489
0.02266895474738428   0.4895
0.022674514013569284   0.49
0.022709846300893854   0.4905
0.022749351549308128   0.491
0.02276311587096831   0.4915
0.022869290594429277   0.492
0.02286992060506991   0.4925
0.02290923699177038   0.493
0.022938167710832166   0.4935
0.022949815567770926   0.494
0.02298261613764154   0.4945
0.023021251236991377   0.495
0.023024287821994893   0.4955
0.02302781705011475   0.496
0.023105833874789115   0.4965
0.023124206874800088   0.497
0.023151594115618623   0.4975
0.023168621793462907   0.498
0.023170854451600623   0.4985
0.02317906934596552   0.499
0.023180197536320238   0.4995
0.02319027279148199   0.5
0.02319659965930605   0.5005
0.023201657026102097   0.501
0.023213520245429487   0.5015
0.023262765482776997   0.502
0.02326906471179816   0.5025
0.023275622816947332   0.503
0.02328438182381216   0.5035
0.023291116602859502   0.504
0.0232976183843148   0.5045
0.023376369637659877   0.505
0.023394774275895168   0.5055
0.023460297225860197   0.506
0.02350993529469465   0.5065
0.02353666485738949   0.507
0.023548909939867288   0.5075
0.023554675366022033   0.508
0.02358807822735421   0.5085
0.023617623368269516   0.509
0.023618410458627625   0.5095
0.02371130129081088   0.51
0.02371494710964742   0.5105
0.023804900315214074   0.511
0.023822347263285665   0.5115
0.023857897781332908   0.512
0.023899217305175677   0.5125
0.02398901402327653   0.513
0.023995877270922557   0.5135
0.024001085213744756   0.514
0.024014266880647617   0.5145
0.02406542130969417   0.515
0.024149439756650598   0.5155
0.02417203592375185   0.516
0.024174020741179587   0.5165
0.024195230810359493   0.517
0.024228205617213512   0.5175
0.024233680054004697   0.518
0.024248603545528498   0.5185
0.024258608681466735   0.519
0.024269511787257492   0.5195
0.02428653389645981   0.52
0.02429883787820768   0.5205
0.024304034926085342   0.521
0.02433185009143487   0.5215
0.024371856182028574   0.522
0.024399060008358918   0.5225
0.024400058551979256   0.523
0.024407688574267956   0.5235
0.02442933850406459   0.524
0.02447826310585917   0.5245
0.02448016857626976   0.525
0.024520227854696836   0.5255
0.02453544629574357   0.526
0.024535787211621692   0.5265
0.024542517705129403   0.527
0.024563609047534796   0.5275
0.024600020108058288   0.528
0.024694169208450367   0.5285
0.02472052267433998   0.529
0.02476525033184775   0.5295
0.024813640031483678   0.53
0.024835642373380522   0.5305
0.024839477637359286   0.531
0.024873022027628477   0.5315
0.024901615238314655   0.532
0.024999684538023377   0.5325
0.025008393352841315   0.533
0.0250133713844893   0.5335
0.025045925652227956   0.534
0.025060153747608508   0.5345
0.025074743812490488   0.535
0.02507980871129258   0.5355
0.025092626422974416   0.536
0.025094994912535133   0.5365
0.02512861059909225   0.537
0.025246986402545513   0.5375
0.02527624637630555   0.538
0.025284690482161924   0.5385
0.025297758980953836   0.539
0.025315204389155764   0.5395
0.025333127142329673   0.54
0.02533934503038472   0.5405
0.02539535026787107   0.541
0.02539767052619465   0.5415
0.02542104143901689   0.542
0.025425793750949575   0.5425
0.025440271988275056   0.543
0.025480251107666455   0.5435
0.025487593442944018   0.544
0.02550673763655055   0.5445
0.02555837838951579   0.545
0.02559273709193538   0.5455
0.025629256096339963   0.546
0.025704964852900053   0.5465
0.025766887475673385   0.547
0.02579119537616613   0.5475
0.025815002326476447   0.548
0.02582474326560353   0.5485
0.02591493209553832   0.549
0.02592660452701914   0.5495
0.025929733092839264   0.55
0.025964772148479497   0.5505
0.025990277707535925   0.551
0.026000546375413547   0.5515
0.026006388113052562   0.552
0.02612030674831609   0.5525
0.026145869324478127   0.553
0.026165725187489348   0.5535
0.02620913349477956   0.554
0.0262337505404688   0.5545
0.026381247902346368   0.555
0.026430014642306522   0.5555
0.026500892038404247   0.556
0.02651987072555673   0.5565
0.026535984685124126   0.557
0.02661844696528292   0.5575
0.026691230809378054   0.558
0.0266956523483319   0.5585
0.026700235338518737   0.559
0.026809215755784543   0.5595
0.026837447786140115   0.56
0.026840119037107   0.5605
0.026886859921902893   0.561
0.026941451219497245   0.5615
0.026969104935948396   0.562
0.02703900553859044   0.5625
0.027062874280804936   0.563
0.027111046507213285   0.5635
0.027123942358067987   0.564
0.0271501058847717   0.5645
0.027168240664880505   0.565
0.027222007912052346   0.5655
0.027237027551110397   0.566
0.027253007613221383   0.5665
0.02735976366408507   0.567
0.027371790902771823   0.5675
0.02747917095701665   0.568
0.02750161890089977   0.5685
0.02753875886489745   0.569
0.027549575255577455   0.5695
0.0276320210363097   0.57
0.02772890839407801   0.5705
0.027739426963132138   0.571
0.027790338704290738   0.5715
0.02784532474279306   0.572
0.027861356026374528   0.5725
0.027874177838462112   0.573
0.028011567353774566   0.5735
0.02810470868183027   0.574
0.02813791801640577   0.5745
0.02814784097742265   0.575
0.028155168686732693   0.5755
0.028210775108370424   0.576
0.028219971820241378   0.5765
0.028372017059773512   0.577
0.028401805179305423   0.5775
0.02846797687818721   0.578
0.028549408210814017   0.5785
0.028557947774597327   0.579
0.028583587153748466   0.5795
0.02859300921139704   0.58
0.028617601730286935   0.5805
0.028634393507263167   0.581
0.028709662395335164   0.5815
0.0287471114219658   0.582
0.028796212868017063   0.5825
0.028834196562594352   0.583
0.028860309743971177   0.5835
0.028939097559635155   0.584
0.02898000003823155   0.5845
0.02898006803865139   0.585
0.02913207790101851   0.5855
0.029144225707025524   0.586
0.029185715334754135   0.5865
0.029322240972595403   0.587
0.02937050461356443   0.5875
0.029403356386582712   0.588
0.029440211195583637   0.5885
0.02950361247727023   0.589
0.029553313490127783   0.5895
0.029568777446319434   0.59
0.029659076066879363   0.5905
0.02966310937153077   0.591
0.029674640661666845   0.5915
0.029711121799476926   0.592
0.029756689583776447   0.5925
0.029835153768536214   0.593
0.029856449898282796   0.5935
0.029895314399946284   0.594
0.029897710921038358   0.5945
0.029944313522456613   0.595
0.02998629712614423   0.5955
0.030076856458554634   0.596
0.03008054440122563   0.5965
0.030120924469861438   0.597
0.0301503280571825   0.5975
0.030158900208110365   0.598
0.030163771550136873   0.5985
0.030171445913201728   0.599
0.030207249561948594   0.5995
0.030214605841078348   0.6
0.03030890695217244   0.6005
0.030355651524890986   0.601
0.03036796596220066   0.6015
0.03039462904721045   0.602
0.03044459423531186   0.6025
0.03050020443465219   0.603
0.03053599352471167   0.6035
0.03056326319940316   0.604
0.030685636259244583   0.6045
0.030685827939052248   0.605
0.030699544368347084   0.6055
0.030710634932801045   0.606
0.030725089096424872   0.6065
0.03073408156496747   0.607
0.03075828451936401   0.6075
0.030819186765308693   0.608
0.03087605708962855   0.6085
0.030903366191947702   0.609
0.030924583511493207   0.6095
0.030961913205934572   0.61
0.03096475805730465   0.6105
0.03107798992052973   0.611
0.03112116799109065   0.6115
0.031132342988663395   0.612
0.031179059246021046   0.6125
0.0311923858159266   0.613
0.031197925761545287   0.6135
0.03121426924925188   0.614
0.03126399222888345   0.6145
0.03127870155505582   0.615
0.03133771413845217   0.6155
0.03134337788846764   0.616
0.03134969325999415   0.6165
0.03137016720559523   0.617
0.031467720260903526   0.6175
0.03151711333630638   0.618
0.03154059360528681   0.6185
0.031599415828920854   0.619
0.03159949089584604   0.6195
0.03168363705876954   0.62
0.03172841101394128   0.6205
0.03173727295051752   0.621
0.031747707943014465   0.6215
0.031752302014321616   0.622
0.03178020967244333   0.6225
0.03182538363758937   0.623
0.0318566859976383   0.6235
0.03188156209332789   0.624
0.03195571021390633   0.6245
0.031987578294046415   0.625
0.03213728275539901   0.6255
0.03215191518731057   0.626
0.0321682420275523   0.6265
0.032242772149972315   0.627
0.03225677528514733   0.6275
0.03227089084176961   0.628
0.03227115553408444   0.6285
0.032298563878570365   0.629
0.03242952654787688   0.6295
0.03244227892088666   0.63
0.03246694696378302   0.6305
0.03251029862442439   0.631
0.032539421616129514   0.6315
0.032543758980698216   0.632
0.032583104970182616   0.6325
0.03267608676997656   0.633
0.032688899051688494   0.6335
0.03269919154921551   0.634
0.032709746366272996   0.6345
0.03271944945026658   0.635
0.03272827101231903   0.6355
0.032754348573547296   0.636
0.03280340284349431   0.6365
0.032830399939779785   0.637
0.03284203442631428   0.6375
0.03286604152626664   0.638
0.032917047374699665   0.6385
0.03299041537427345   0.639
0.032991211332240186   0.6395
0.03316396437881217   0.64
0.03318094869494591   0.6405
0.0331962611728149   0.641
0.033314599533490995   0.6415
0.03332969125587667   0.642
0.03334640489105837   0.6425
0.03336611732305787   0.643
0.033406581188456276   0.6435
0.03342927480149602   0.644
0.033433960064124815   0.6445
0.033518338696053224   0.645
0.033578189297315666   0.6455
0.03367098065568849   0.646
0.03367306517855221   0.6465
0.03368139392698908   0.647
0.033683062730557094   0.6475
0.03370545605225971   0.648
0.03370980038818587   0.6485
0.03378238352424432   0.649
0.033809622524686625   0.6495
0.03383364900706553   0.65
0.03386695256084525   0.6505
0.03386893639396822   0.651
0.03391041170926261   0.6515
0.03392646162771512   0.652
0.033933142981718775   0.6525
0.034004152209837046   0.653
0.03404683366238964   0.6535
0.034091641822242516   0.654
0.03412495752014839   0.6545
0.03416514262905324   0.655
0.034199326495014705   0.6555
0.03420016206053718   0.656
0.034268352744613914   0.6565
0.034382129410920614   0.657
0.03443404632110049   0.6575
0.034496080272567356   0.658
0.034538122532050824   0.6585
0.03454692693866469   0.659
0.034550724758622066   0.6595
0.03456712381164278   0.66
0.034568296257649546   0.6605
0.034599728623105785   0.661
0.03460080765972534   0.6615
0.03460781842985107   0.662
0.03462162548316388   0.6625
0.03472342164266498   0.663
0.03472568921391537   0.6635
0.034730819997784976   0.664
0.03474012996205325   0.6645
0.03495117016368422   0.665
0.0349999454648907   0.6655
0.03500097206517513   0.666
0.03503737559364031   0.6665
0.03506710093843436   0.667
0.03507442551989431   0.6675
0.03510240487072311   0.668
0.03513521477577611   0.6685
0.03514527076247449   0.669
0.03522460082170129   0.6695
0.03526555202162588   0.67
0.035271061860296195   0.6705
0.03536195822196382   0.671
0.03538604835672985   0.6715
0.03541831178310327   0.672
0.035569070479973736   0.6725
0.03560615696612611   0.673
0.0356978338238581   0.6735
0.03570504410132033   0.674
0.035786757873639614   0.6745
0.035788281720071126   0.675
0.0358012564757797   0.6755
0.03580760320145675   0.676
0.03585648589445783   0.6765
0.035861893485871016   0.677
0.03587034414395087   0.6775
0.03588584566595489   0.678
0.03590230577568648   0.6785
0.0359130792150431   0.679
0.035920857381338184   0.6795
0.03605964812954857   0.68
0.036139814113642955   0.6805
0.036205545776456426   0.681
0.03621378618650284   0.6815
0.036248325526738664   0.682
0.03625820780686727   0.6825
0.03626422933013565   0.683
0.03634208490661138   0.6835
0.036350476104290014   0.684
0.036416385743327326   0.6845
0.03649852333444235   0.685
0.03650530548079358   0.6855
0.03653701026977435   0.686
0.03656089247134392   0.6865
0.0365854198835734   0.687
0.03658627348211406   0.6875
0.036760263086651646   0.688
0.036778066665453024   0.6885
0.0367809877222375   0.689
0.03679413891488002   0.6895
0.036795840180354415   0.69
0.036809058275562405   0.6905
0.03681586276063563   0.691
0.036821900921497897   0.6915
0.03682324701600673   0.692
0.03699319695321226   0.6925
0.03707586390664142   0.693
0.03715961159715046   0.6935
0.03730106636415473   0.694
0.03731505901848178   0.6945
0.037326846850964865   0.695
0.03735243578235656   0.6955
0.03743003279879088   0.696
0.03751526964753317   0.6965
0.03753337387168693   0.697
0.03754953195268283   0.6975
0.03761909367143093   0.698
0.03764038474360535   0.6985
0.03774536546777735   0.699
0.03777099541767828   0.6995
0.037779861117138346   0.7
0.03786111531684888   0.7005
0.0378614112616727   0.701
0.03802077490697975   0.7015
0.0380939576121208   0.702
0.038114241485713914   0.7025
0.03812127598038283   0.703
0.03817049886845119   0.7035
0.03819226706298816   0.704
0.03823077845562097   0.7045
0.03836910674798308   0.705
0.038496430265339915   0.7055
0.03859981475871323   0.706
0.038617948158912854   0.7065
0.03862072506180218   0.707
0.0386229481803977   0.7075
0.03876061605978415   0.708
0.038910541621929945   0.7085
0.03897735164174062   0.709
0.039036824640047166   0.7095
0.039120779924559035   0.71
0.039139892877761415   0.7105
0.039203934811901237   0.711
0.0392385802547299   0.7115
0.03924670516493488   0.712
0.03925658421490771   0.7125
0.03929598282623189   0.713
0.039342080490720126   0.7135
0.039431591543214316   0.714
0.03949074007715853   0.7145
0.039538706206998335   0.715
0.03962451061506859   0.7155
0.0396553187742629   0.716
0.039692862817606624   0.7165
0.039703585938532786   0.717
0.03973275086714187   0.7175
0.03973859157619385   0.718
0.039789429278541774   0.7185
0.03988671925569286   0.719
0.039918110237730314   0.7195
0.04001184735002504   0.72
0.04002283252692171   0.7205
0.040029668687414144   0.721
0.04016730444465651   0.7215
0.04022083129129904   0.722
0.040228214792557504   0.7225
0.04024856280574171   0.723
0.04029450210439536   0.7235
0.04034093088491371   0.724
0.04036324893985102   0.7245
0.040381736686126   0.725
0.040387846681560466   0.7255
0.04038905494029811   0.726
0.04046549322101917   0.7265
0.04049270467164465   0.727
0.04049618695121644   0.7275
0.0405346579834137   0.728
0.0406222218363861   0.7285
0.0406973627566935   0.729
0.0407301375230069   0.7295
0.04073716393027306   0.73
0.04078473344590999   0.7305
0.04083018221828559   0.731
0.040853241525033245   0.7315
0.040858120249405   0.732
0.0410431063229392   0.7325
0.0411054413247309   0.733
0.041141498825919595   0.7335
0.041170488114333215   0.734
0.04117156572146454   0.7345
0.04135211979648053   0.735
0.04141259140892795   0.7355
0.041461360213418126   0.736
0.04149331298051476   0.7365
0.04149717892361776   0.737
0.0415652155854867   0.7375
0.041633797357855884   0.738
0.041733008568443   0.7385
0.04178423020158451   0.739
0.04178807831255008   0.7395
0.04184306671110639   0.74
0.04199890812719241   0.7405
0.04205279731367351   0.741
0.042089515259254764   0.7415
0.04209439069802595   0.742
0.042237333330800785   0.7425
0.042251036281418027   0.743
0.04241720783149689   0.7435
0.04246826158197553   0.744
0.04249036356161851   0.7445
0.04251081375655198   0.745
0.04284398137999766   0.7455
0.04286561270185693   0.746
0.04286995774559413   0.7465
0.04287697885175551   0.747
0.042986521849065824   0.7475
0.04299555140001368   0.748
0.043120444214811   0.7485
0.04322206115033092   0.749
0.04332214712436145   0.7495
0.043335033441078794   0.75
0.04335065643003583   0.7505
0.04342786037116876   0.751
0.04358251442862237   0.7515
0.04360765534976275   0.752
0.04366392168586965   0.7525
0.043673559593111144   0.753
0.043716263051689505   0.7535
0.0438171388553466   0.754
0.04383809805414515   0.7545
0.04403217735149546   0.755
0.044039783216577345   0.7555
0.04414416451883045   0.756
0.04416325260385295   0.7565
0.04424839400723972   0.757
0.04440711228063536   0.7575
0.04447931690295699   0.758
0.04455003760325536   0.7585
0.04466035774353657   0.759
0.04469039105235291   0.7595
0.04470503056403726   0.76
0.044744375616635045   0.7605
0.0447867328552824   0.761
0.04479000461536338   0.7615
0.044820312246448966   0.762
0.04494073287185765   0.7625
0.045121902283942486   0.763
0.04515670176418336   0.7635
0.045170922030845086   0.764
0.04522379713426029   0.7645
0.045343754414817736   0.765
0.04537943769581286   0.7655
0.0455861596795436   0.766
0.04560684737469089   0.7665
0.04575077316950996   0.767
0.04576040861295887   0.7675
0.045831842882271746   0.768
0.04591580831980224   0.7685
0.04605804417818098   0.769
0.04606250889431085   0.7695
0.04614876703877928   0.77
0.046180996257994024   0.7705
0.04625846092182506   0.771
0.04646566232189349   0.7715
0.04668929947841029   0.772
0.04681607179558167   0.7725
0.046885039900498714   0.773
0.04693787270718526   0.7735
0.04702588706003757   0.774
0.047081188100951674   0.7745
0.04724156024912493   0.775
0.0473752854370193   0.7755
0.047463424869834125   0.776
0.04749188723679428   0.7765
0.04756241448719632   0.777
0.047577349947364116   0.7775
0.04772583933445386   0.778
0.047787897279092995   0.7785
0.047842315703932374   0.779
0.04797613169350874   0.7795
0.048132669433443284   0.78
0.048153869563184334   0.7805
0.04821523639545541   0.781
0.04822061492000495   0.7815
0.04839063022852203   0.782
0.048472365669994355   0.7825
0.04855188589146483   0.783
0.04864309917770132   0.7835
0.04867297270477916   0.784
0.04870639125174937   0.7845
0.048853336706276854   0.785
0.04898989822672604   0.7855
0.04899893865115374   0.786
0.04902211810495415   0.7865
0.0491704673946252   0.787
0.049172134090783796   0.7875
0.049397393831565134   0.788
0.04944105632480203   0.7885
0.04963678832304644   0.789
0.049827000349945076   0.7895
0.04986184251385324   0.79
0.049870544387622916   0.7905
0.04991947414198583   0.791
0.050170787001856745   0.7915
0.05017525177084621   0.792
0.05042041393462662   0.7925
0.050437313194245104   0.793
0.05054617127152941   0.7935
0.05070145211003687   0.794
0.050844548388308555   0.7945
0.050933203256261765   0.795
0.050935921607509316   0.7955
0.0509432685968883   0.796
0.051132347678437516   0.7965
0.05120828552815514   0.797
0.05129723642743184   0.7975
0.05134215159963378   0.798
0.05137086245265887   0.7985
0.05146806060936117   0.799
0.051704599748762126   0.7995
0.05172577504964443   0.8
0.051859091482132635   0.8005
0.0519168080789362   0.801
0.051979515662301475   0.8015
0.05200255174224002   0.802
0.05202342479064406   0.8025
0.05202750081562564   0.803
0.052117597627740424   0.8035
0.05215547875898488   0.804
0.05230099426034925   0.8045
0.05237990859159824   0.805
0.05246265124719689   0.8055
0.05248705947982599   0.806
0.052680150203559484   0.8065
0.052726960762513375   0.807
0.05287428228842085   0.8075
0.05287582807675565   0.808
0.05291922524481479   0.8085
0.05292795297138399   0.809
0.05304901397189201   0.8095
0.0531696856415562   0.81
0.053183958191180075   0.8105
0.0531879967954574   0.811
0.05322687892990487   0.8115
0.05328695704125103   0.812
0.05340561099756187   0.8125
0.05362032527538961   0.813
0.053625267523155856   0.8135
0.05362984988062648   0.814
0.05364952671372346   0.8145
0.053666397632987285   0.815
0.053728364842382845   0.8155
0.05374930355075855   0.816
0.05377682307619266   0.8165
0.05379050663110563   0.817
0.053797557333261116   0.8175
0.05381241428734404   0.818
0.05392179333450001   0.8185
0.053929438978926166   0.819
0.05402716889186909   0.8195
0.05404726555301349   0.82
0.054065326837703945   0.8205
0.05406616144356425   0.821
0.054089849183946555   0.8215
0.05413941593001901   0.822
0.0542211215942625   0.8225
0.05431451879162505   0.823
0.05432471559204398   0.8235
0.054431670208557444   0.824
0.054501821016723656   0.8245
0.05456663786905062   0.825
0.05460499790653563   0.8255
0.054829278355799066   0.826
0.054863369470607604   0.8265
0.05486505550754323   0.827
0.055033290010874696   0.8275
0.05517268894951885   0.828
0.05518241796617567   0.8285
0.05531447668912759   0.829
0.0554598417390659   0.8295
0.0556094261238194   0.83
0.05567810850167179   0.8305
0.055883223418141864   0.831
0.0559470609490979   0.8315
0.05596314733910094   0.832
0.05601154095254651   0.8325
0.05602224644428168   0.833
0.056076526259966515   0.8335
0.05637109688882385   0.834
0.056373836339655425   0.8345
0.05637654325233818   0.835
0.05645476861799921   0.8355
0.05654087168863027   0.836
0.05668172286203008   0.8365
0.05676574386390218   0.837
0.05678342724219532   0.8375
0.05682194774011942   0.838
0.056927029914242575   0.8385
0.05700244963084378   0.839
0.057037062608449894   0.8395
0.05703885308937938   0.84
0.05708219214378458   0.8405
0.05722556910424326   0.841
0.057353651794347954   0.8415
0.05747409269882929   0.842
0.057561839746807376   0.8425
0.05778288554275827   0.843
0.05789508032292964   0.8435
0.05795738595779037   0.844
0.05800571468793091   0.8445
0.05806745346197355   0.845
0.05806848036597235   0.8455
0.05824648501011363   0.846
0.05832431932247139   0.8465
0.058412621451064656   0.847
0.05858791501902766   0.8475
0.05878969988203008   0.848
0.05885603103630248   0.8485
0.058994391824718447   0.849
0.05901737446937608   0.8495
0.05909672340713755   0.85
0.05910118231090836   0.8505
0.05937675069724316   0.851
0.059560886089359076   0.8515
0.05960245131020918   0.852
0.06001362256099172   0.8525
0.06006220381788041   0.853
0.06008750029639422   0.8535
0.06030369462703417   0.854
0.06030950535175619   0.8545
0.06035750969849604   0.855
0.06043523287375886   0.8555
0.060721793287646084   0.856
0.06074074985758021   0.8565
0.06109094582357532   0.857
0.06133676974429488   0.8575
0.06133976459814024   0.858
0.061402806411276926   0.8585
0.06147391308805264   0.859
0.06154530041615829   0.8595
0.061602843320001176   0.86
0.06169838299997869   0.8605
0.06176396172723193   0.861
0.0617960360496986   0.8615
0.061921688244059976   0.862
0.06226878023823702   0.8625
0.06226878893796229   0.863
0.06251858890043435   0.8635
0.06253703837806564   0.864
0.06254384923344217   0.8645
0.06256054978710021   0.865
0.06322348911816046   0.8655
0.06333231633021381   0.866
0.0634374562026338   0.8665
0.06361084146362295   0.867
0.06367443388087436   0.8675
0.06397385414005091   0.868
0.06433321676032962   0.8685
0.06463667689657408   0.869
0.06483766296316698   0.8695
0.06519091690736069   0.87
0.0652025695658045   0.8705
0.06563227360383658   0.871
0.06609464615436877   0.8715
0.06609559751282147   0.872
0.0661033060612723   0.8725
0.06618857526121523   0.873
0.06637909698212882   0.8735
0.06637961163066695   0.874
0.06640801313336102   0.8745
0.06650728577506684   0.875
0.06703742728442938   0.8755
0.06705690272453182   0.876
0.06742319746178038   0.8765
0.06763049562923443   0.877
0.06776162213189335   0.8775
0.0678190230936197   0.878
0.06790309267880805   0.8785
0.06816580340970152   0.879
0.06828546860435217   0.8795
0.06860403856299933   0.88
0.0686159754607724   0.8805
0.068641065966596   0.881
0.06870137302269204   0.8815
0.06873521430403245   0.882
0.06904047399807843   0.8825
0.06935818489688156   0.883
0.06940205226394426   0.8835
0.06945226058836143   0.884
0.06951339565754111   0.8845
0.06977351607941028   0.885
0.06979441076924024   0.8855
0.06994920016497239   0.886
0.07000489608407136   0.8865
0.07021494389741714   0.887
0.0705971662706884   0.8875
0.07102390714422684   0.888
0.07118197999674115   0.8885
0.07121116537035158   0.889
0.07124507697459785   0.8895
0.07146654780948732   0.89
0.07161262767144637   0.8905
0.07181099814124747   0.891
0.07186091512510548   0.8915
0.07187237843032224   0.892
0.0719369927041114   0.8925
0.07194163470720794   0.893
0.07194938659043718   0.8935
0.07199569453578349   0.894
0.07214406793371274   0.8945
0.07252265308182529   0.895
0.07259398174825916   0.8955
0.07265737987154289   0.896
0.07268055815929515   0.8965
0.07269312990160012   0.897
0.07300013070924206   0.8975
0.07300412093155362   0.898
0.07315127144161016   0.8985
0.0738456102651289   0.899
0.07387689795280405   0.8995
0.07413531286383189   0.9
0.0741444097365934   0.9005
0.0743676857348789   0.901
0.07458781330625307   0.9015
0.07499864463131123   0.902
0.07500682186764138   0.9025
0.07547512168413811   0.903
0.0755035383972466   0.9035
0.07577561565210902   0.904
0.07581454904006135   0.9045
0.07598917400724048   0.905
0.07635345803723853   0.9055
0.07642205869431527   0.906
0.07643998593349467   0.9065
0.07647454701879658   0.907
0.07658182305870455   0.9075
0.07680057938709724   0.908
0.0768415834533504   0.9085
0.07696155363817603   0.909
0.07706924819624097   0.9095
0.07715350196186288   0.91
0.0774558265136494   0.9105
0.07758690633167338   0.911
0.07764236899406558   0.9115
0.07775831711365014   0.912
0.07781520933671937   0.9125
0.07805855135817234   0.913
0.07886546560871459   0.9135
0.07916960129798553   0.914
0.07955619715043885   0.9145
0.07958865584211999   0.915
0.07961141042581203   0.9155
0.07961897235952267   0.916
0.0798930628502108   0.9165
0.08004597418518312   0.917
0.08009755898229948   0.9175
0.08020533699063384   0.918
0.08038826436005479   0.9185
0.08063718562061176   0.919
0.08091223478342255   0.9195
0.08104510625708375   0.92
0.08119471566722407   0.9205
0.0813222214662673   0.921
0.08151777888214487   0.9215
0.08152419045853873   0.922
0.08153771854596872   0.9225
0.08249525308820778   0.923
0.08302867008884156   0.9235
0.08313378942457869   0.924
0.08319486092992842   0.9245
0.083350800221546   0.925
0.08343800181048837   0.9255
0.08351566376524897   0.926
0.08353640006189866   0.9265
0.08353985077057152   0.927
0.08366945248357696   0.9275
0.08369594497030816   0.928
0.08401176832427347   0.9285
0.08404736849342549   0.929
0.08412506443897047   0.9295
0.08430124106569972   0.93
0.08457910134081839   0.9305
0.08470864937070756   0.931
0.08481499630968584   0.9315
0.08494666047200561   0.932
0.08583168290784826   0.9325
0.08627551040410535   0.933
0.08651365410458209   0.9335
0.0867881059783018   0.934
0.086808483653925   0.9345
0.08685956107414297   0.935
0.08697880208909517   0.9355
0.0870287556272272   0.936
0.08734493598404597   0.9365
0.08758387326268492   0.937
0.08804578504533009   0.9375
0.08834612782772139   0.938
0.08845112158731275   0.9385
0.08896692048918894   0.939
0.0889882369779195   0.9395
0.08957131878907715   0.94
0.09017295607060168   0.9405
0.09025301275744778   0.941
0.09045316542771101   0.9415
0.09053627631934438   0.942
0.0909248901736994   0.9425
0.09111218929024918   0.943
0.09116924595848452   0.9435
0.0914719971650495   0.944
0.09175422061158953   0.9445
0.09213797617881139   0.945
0.09284469128535303   0.9455
0.09396775122656506   0.946
0.09413129885468532   0.9465
0.09446104821568424   0.947
0.09479187500311997   0.9475
0.0953341421555621   0.948
0.09601687386714425   0.9485
0.09654428043869537   0.949
0.09688177421062558   0.9495
0.09694404910543461   0.95
0.09707104013474177   0.9505
0.09782732192651938   0.951
0.09794774536160725   0.9515
0.09886711235512678   0.952
0.0995071218219685   0.9525
0.0995349979287697   0.953
0.09972551663062923   0.9535
0.10100475777797577   0.954
0.10156575739755996   0.9545
0.10170261457488061   0.955
0.10184265478670591   0.9555
0.10190417499782725   0.956
0.10216450117203381   0.9565
0.10273486787281962   0.957
0.10315327323047199   0.9575
0.10397839904725366   0.958
0.10421728885046273   0.9585
0.10424232970649655   0.959
0.1042608677720658   0.9595
0.10510124886557895   0.96
0.1055480063092209   0.9605
0.10554948965432537   0.961
0.10574263600673538   0.9615
0.1063668788011371   0.962
0.10640363277338444   0.9625
0.10693825402339299   0.963
0.10697330233506198   0.9635
0.10849125525186061   0.964
0.1104325779146324   0.9645
0.11133425798009874   0.965
0.11165510697750043   0.9655
0.11181619251208749   0.966
0.11261039263892322   0.9665
0.11325769782219317   0.967
0.11343293186219583   0.9675
0.11349185884459086   0.968
0.11412267462000816   0.9685
0.11441480281090473   0.969
0.11449404326899439   0.9695
0.11476380216435372   0.97
0.11478834976156871   0.9705
0.11517103084001475   0.971
0.11520145462173807   0.9715
0.11535068095563233   0.972
0.11560229797251077   0.9725
0.11595157834697617   0.973
0.1172490421192767   0.9735
0.11752938509162354   0.974
0.11772285539404675   0.9745
0.1183107083028024   0.975
0.1189549605778388   0.9755
0.11927151981893773   0.976
0.12190207873430144   0.9765
0.121988305903907   0.977
0.12260467567480071   0.9775
0.12444984970940749   0.978
0.12478984039914667   0.9785
0.12519508967335136   0.979
0.1253487811885884   0.9795
0.12619598951544317   0.98
0.12649246543504278   0.9805
0.12863511139858694   0.981
0.132690404176222   0.9815
0.13386445247155992   0.982
0.1338664152634636   0.9825
0.13423978967566952   0.983
0.1350325657385127   0.9835
0.13666895654094674   0.984
0.13777206632669803   0.9845
0.13793871182730877   0.985
0.13836176080864987   0.9855
0.1386610233784828   0.986
0.13960978175845531   0.9865
0.13977188519638162   0.987
0.14397605590334311   0.9875
0.14407439754941742   0.988
0.1461860238544751   0.9885
0.14814700961638316   0.989
0.14849792701812176   0.9895
0.1489566802717054   0.99
0.1491586482190862   0.9905
0.1583004914846644   0.991
0.15903839953333918   0.9915
0.1626277943844016   0.992
0.1641707525225204   0.9925
0.1704777192705551   0.993
0.17265092852074185   0.9935
0.17544911306896005   0.994
0.17886887365630105   0.9945
0.1814284614161872   0.995
0.18221540284155016   0.9955
0.18269154159293144   0.996
0.18468680330088794   0.9965
0.18575383048998834   0.997
0.18949580364335739   0.9975
0.19549247581917195   0.998
0.21448916896530856   0.9985
0.232550572657174   0.999
0.24802337140724362   0.9995
