0.009256770470298131   0.0
0.009825530113588138   0.0005
0.010128948614766847   0.001
0.010663544661190516   0.0015
0.010810667958659509   0.002
0.011203094722442297   0.0025
0.011641353590554598   0.003
0.012222849738285718   0.0035
0.012376582127542363   0.004
0.012500206848917034   0.0045
0.012506246064547893   0.005
0.012733415234919027   0.0055
0.012798634052292951   0.006
0.013299292321071798   0.0065
0.013592396327689271   0.007
0.013643651230353965   0.0075
0.013920589201090433   0.008
0.014058609557238116   0.0085
0.014132741339231591   0.009
0.01413879122825154   0.0095
0.014174361909089828   0.01
0.0143224127097554   0.0105
0.014343821658410805   0.011
0.014377196164271466   0.0115
0.014420565538269509   0.012
0.01455405231156856   0.0125
0.014554557741895818   0.013
0.014859362974624694   0.0135
0.015016944427000523   0.014
0.015132107878434414   0.0145
0.015431083045580177   0.015
0.015444704718191385   0.0155
0.01549822736590828   0.016
0.01562680785178544   0.0165
0.01562895177699325   0.017
0.015651021009371324   0.0175
0.015726351730955795   0.018
0.01575434769575948   0.0185
0.015903344513270024   0.019
0.015940164155437975   0.0195
0.015945326621851982   0.02
0.015981148982597226   0.0205
0.016009422921179607   0.021
0.016019820713193716   0.0215
0.016285217225997087   0.022
0.016311017010287976   0.0225
0.016388331659451194   0.023
0.01639192194136127   0.0235
0.016393289702284104   0.024
0.01639912917859712   0.0245
0.016435989252405997   0.025
0.016449434778846528   0.0255
0.01654354212956812   0.026
0.016589236446035327   0.0265
0.016721082121234163   0.027
0.01677739453505908   0.0275
0.01688181437363708   0.028
0.016919128189935476   0.0285
0.01692791579320512   0.029
0.01697577169415912   0.0295
0.016990626628746217   0.03
0.017052808142479475   0.0305
0.017080118160315544   0.031
0.017116136249411038   0.0315
0.017223375851244144   0.032
0.01730559956809216   0.0325
0.01740543858065846   0.033
0.017442704099614542   0.0335
0.017455759163587298   0.034
0.017466520860265927   0.0345
0.01755956609743886   0.035
0.017573873746789953   0.0355
0.017628112442843152   0.036
0.017636829568483364   0.0365
0.017700427318191048   0.037
0.01780620230307778   0.0375
0.01783530534946154   0.038
0.017844446121733165   0.0385
0.017877687958815225   0.039
0.01791286067269285   0.0395
0.017939078425872425   0.04
0.017973645369063485   0.0405
0.01799986560662592   0.041
0.01800503218395888   0.0415
0.018040685715259797   0.042
0.018042077699078674   0.0425
0.018054518134618752   0.043
0.01805824282084507   0.0435
0.018100643272644185   0.044
0.01810316855987326   0.0445
0.018114564346099704   0.045
0.01812988853887479   0.0455
0.01817598984933938   0.046
0.018177992285783096   0.0465
0.018195230633071005   0.047
0.01824221462953149   0.0475
0.018315365277742218   0.048
0.018319894600294068   0.0485
0.018362618121345042   0.049
0.01840422895830282   0.0495
0.018426499663022997   0.05
0.018442968589877623   0.0505
0.01846995046508426   0.051
0.018484687100386282   0.0515
0.01860557403728639   0.052
0.018678889244960417   0.0525
0.018748645175498596   0.053
0.018774679391287116   0.0535
0.018790452627306498   0.054
0.018804745932961296   0.0545
0.01887801401766462   0.055
0.018895959712386334   0.0555
0.018898707609371804   0.056
0.01891989551040369   0.0565
0.019046806218118217   0.057
0.019071034405244866   0.0575
0.01919279179021041   0.058
0.019215771105373577   0.0585
0.019216297676551253   0.059
0.019220432897320228   0.0595
0.01924442109898128   0.06
0.019314000502100886   0.0605
0.019342167463444193   0.061
0.019462010744796573   0.0615
0.019463127676918893   0.062
0.019478594894739604   0.0625
0.019487056471206132   0.063
0.019506500335314203   0.0635
0.019518687492574197   0.064
0.01957393080477038   0.0645
0.01961247214879583   0.065
0.019677597485846167   0.0655
0.019713419061129805   0.066
0.019829086936066803   0.0665
0.01984795907025977   0.067
0.01990802201744915   0.0675
0.02004199789632831   0.068
0.020143315435212916   0.0685
0.020168394312662048   0.069
0.02019292359467735   0.0695
0.02021377445313166   0.07
0.020232962830456114   0.0705
0.020287045412637053   0.071
0.02029372016714312   0.0715
0.02031171976985094   0.072
0.020319854626675182   0.0725
0.02033165408647003   0.073
0.020361945605068876   0.0735
0.020375835645166013   0.074
0.020484526078725723   0.0745
0.02050647478882109   0.075
0.020629543854592966   0.0755
0.020666365801256414   0.076
0.020674202293902627   0.0765
0.02070903831343543   0.077
0.020743934002555697   0.0775
0.020745836629673636   0.078
0.020771847125109252   0.0785
0.020773319863830866   0.079
0.020777683035342775   0.0795
0.020781895038769427   0.08
0.02079876323711627   0.0805
0.02080160110399941   0.081
0.02084066745651944   0.0815
0.020862517703733208   0.082
0.02087671685461448   0.0825
0.0208917579363386   0.083
0.02089795898180874   0.0835
0.020947479032753763   0.084
0.02096569995934361   0.0845
0.020981869890148427   0.085
0.020996214432672244   0.0855
0.021054710671536053   0.086
0.021078023574925192   0.0865
0.021089422536212238   0.087
0.021182581080739227   0.0875
0.021219743693387666   0.088
0.021239197557379796   0.0885
0.0212505098749613   0.089
0.021257031436786727   0.0895
0.02126526578873654   0.09
0.021326810803531354   0.0905
0.02134194559544489   0.091
0.021377798945557497   0.0915
0.021421579244445293   0.092
0.02143495252442644   0.0925
0.02149913982160398   0.093
0.0215098481370474   0.0935
0.021519363231283645   0.094
0.0215481600577358   0.0945
0.021566996677801153   0.095
0.02162447161782763   0.0955
0.02162951873456523   0.096
0.02163855246216359   0.0965
0.021653909507765384   0.097
0.021672218877390292   0.0975
0.021677909854407568   0.098
0.021681517025715885   0.0985
0.021691428539062918   0.099
0.021749036164086133   0.0995
0.021807822456398646   0.1
0.02182779997282261   0.1005
0.02183708213203346   0.101
0.021845274573452797   0.1015
0.02186597598266779   0.102
0.021889437323932337   0.1025
0.021916331400448824   0.103
0.02191807949587065   0.1035
0.021930640177282322   0.104
0.021942867538204708   0.1045
0.021997035114184854   0.105
0.022011497033656652   0.1055
0.022026072511286354   0.106
0.022026490178417596   0.1065
0.022033879808320583   0.107
0.022037330190262938   0.1075
0.02204012048185089   0.108
0.022051864817155264   0.1085
0.02208118724908345   0.109
0.02208712372720821   0.1095
0.02208851634784298   0.11
0.022112204803683533   0.1105
0.022131441508277394   0.111
0.022131967435588845   0.1115
0.022155712027548957   0.112
0.022168831146041096   0.1125
0.02219885543561287   0.113
0.02220149576368896   0.1135
0.022208903251799167   0.114
0.022242172175523753   0.1145
0.02224320404174765   0.115
0.022269509638188745   0.1155
0.022301095412253558   0.116
0.022305270902886226   0.1165
0.022324059626756404   0.117
0.022392685050377753   0.1175
0.022406176122454755   0.118
0.02241767159676175   0.1185
0.02242498806044232   0.119
0.022630626759686967   0.1195
0.02266749302355911   0.12
0.022706234204439207   0.1205
0.02272462106977874   0.121
0.022728894115173093   0.1215
0.022740546058242522   0.122
0.022750164758085265   0.1225
0.02275429912670987   0.123
0.022761066953646266   0.1235
0.022782014220575325   0.124
0.02281232089329638   0.1245
0.02281594213583374   0.125
0.022848692807111826   0.1255
0.022850851238759004   0.126
0.02285876655639904   0.1265
0.022868865970722553   0.127
0.022884491012201053   0.1275
0.022906527716010983   0.128
0.02290688462795143   0.1285
0.02290994761355701   0.129
0.02291205803675414   0.1295
0.02291474142152561   0.13
0.022936145341282244   0.1305
0.022952738960749966   0.131
0.02299087204495473   0.1315
0.023028640151852575   0.132
0.023035207395156257   0.1325
0.023041514114053946   0.133
0.023080460841043204   0.1335
0.023105551883694758   0.134
0.02312393875821314   0.1345
0.023148337429042466   0.135
0.02316718643657592   0.1355
0.023244607788125225   0.136
0.0232591358600705   0.1365
0.023316359114792407   0.137
0.02337812093436975   0.1375
0.02339978774795079   0.138
0.023419924483697507   0.1385
0.023431882690086656   0.139
0.02344960229597226   0.1395
0.023454146307732043   0.14
0.023459312635832952   0.1405
0.023464638079800842   0.141
0.02346557719093577   0.1415
0.02349467944775782   0.142
0.023526924076309366   0.1425
0.0235444552180544   0.143
0.02356955582202286   0.1435
0.023649180270462783   0.144
0.023653019837820533   0.1445
0.02365586525324069   0.145
0.02367609977746435   0.1455
0.02368877648056683   0.146
0.023814520317316568   0.1465
0.0238486574290471   0.147
0.023859874881179938   0.1475
0.023899190202791215   0.148
0.023926443536788383   0.1485
0.023936190343898295   0.149
0.023949355339096284   0.1495
0.023956330826343436   0.15
0.023985849565925782   0.1505
0.024012790943517354   0.151
0.02403326755139787   0.1515
0.024037827801625056   0.152
0.024056042821842427   0.1525
0.024081663420045085   0.153
0.0241349545915448   0.1535
0.024154413558898774   0.154
0.024158270283518787   0.1545
0.02419144145497268   0.155
0.024204930531122743   0.1555
0.024223917880105084   0.156
0.024240286476166134   0.1565
0.02435851359546584   0.157
0.024398652079667404   0.1575
0.024452422896101875   0.158
0.024453308181000694   0.1585
0.024472373056063756   0.159
0.02447517438209415   0.1595
0.024479286945395834   0.16
0.02448035347559846   0.1605
0.02452186362859518   0.161
0.024621034129422376   0.1615
0.024634312836648742   0.162
0.024650729532870064   0.1625
0.024662811364452458   0.163
0.024676997035748494   0.1635
0.02471493809086081   0.164
0.02471672729653006   0.1645
0.02477475878972671   0.165
0.024798630115268283   0.1655
0.024824087795327195   0.166
0.02482810871384894   0.1665
0.02484634409463038   0.167
0.02488859958435586   0.1675
0.02490593586878745   0.168
0.024910070754393138   0.1685
0.02491466014760428   0.169
0.024946961938743975   0.1695
0.024948951453506375   0.17
0.02497599067159209   0.1705
0.02499414316981355   0.171
0.025017683918738126   0.1715
0.02503191557681944   0.172
0.02509111877436726   0.1725
0.025135590261282315   0.173
0.025135979862132035   0.1735
0.025138686522054032   0.174
0.025146173578201952   0.1745
0.02520516178791718   0.175
0.025233760156852664   0.1755
0.02526290437452075   0.176
0.025263281533476428   0.1765
0.025275745149246298   0.177
0.02529373842888888   0.1775
0.025310956283125546   0.178
0.025311840728936177   0.1785
0.02531315291717043   0.179
0.02532802397499609   0.1795
0.025341931184033755   0.18
0.025346919811484042   0.1805
0.025364545764842733   0.181
0.025370401167543133   0.1815
0.025405628280693704   0.182
0.02540658107462368   0.1825
0.02541697126471379   0.183
0.025422215424253797   0.1835
0.025434620578673822   0.184
0.025442095249434526   0.1845
0.02546089098892078   0.185
0.02547430610974899   0.1855
0.025486770899028344   0.186
0.025530786972503494   0.1865
0.025537862370446987   0.187
0.025538464175417275   0.1875
0.02558273663755195   0.188
0.02561437188901191   0.1885
0.02561744915960823   0.189
0.025618807975185898   0.1895
0.025618883972264472   0.19
0.02562865874651102   0.1905
0.025636846936487018   0.191
0.02564857651566743   0.1915
0.025658235099201107   0.192
0.025668621303108125   0.1925
0.025675119720451445   0.193
0.025709093175816627   0.1935
0.025774867157766876   0.194
0.025780825467106916   0.1945
0.0257882925599683   0.195
0.025821110851358242   0.1955
0.025845065138872858   0.196
0.025845839430640106   0.1965
0.02595063661657851   0.197
0.025958354694798708   0.1975
0.025983326696985803   0.198
0.02603090180680051   0.1985
0.026046329974410698   0.199
0.026047394322100126   0.1995
0.026073436102732633   0.2
0.02608595141812256   0.2005
0.026092860266549646   0.201
0.026108760100002126   0.2015
0.026128052480158592   0.202
0.026176475966629087   0.2025
0.026187893587981098   0.203
0.02620596832033595   0.2035
0.02622133755827366   0.204
0.026228029240821488   0.2045
0.026230981441118267   0.205
0.02623672234481278   0.2055
0.026239083768159734   0.206
0.026244987882449333   0.2065
0.026269159928410196   0.207
0.026274647785195865   0.2075
0.026310765225424027   0.208
0.026325904136106942   0.2085
0.026327354959882837   0.209
0.026330379742504795   0.2095
0.02634640657888411   0.21
0.026351599956793675   0.2105
0.026358510836498247   0.211
0.026369005632631587   0.2115
0.026372045952962192   0.212
0.026378073068650497   0.2125
0.026378268879090214   0.213
0.026379919950260663   0.2135
0.026385871403803496   0.214
0.026395768574819532   0.2145
0.026404553282650678   0.215
0.026419035654122396   0.2155
0.02643276005926204   0.216
0.02644476207569388   0.2165
0.026455045862404533   0.217
0.026467043023686132   0.2175
0.026468461725166453   0.218
0.026468877709350913   0.2185
0.02652431750380052   0.219
0.02652933749755687   0.2195
0.026541790506778656   0.22
0.02655928412664882   0.2205
0.0265646461129882   0.221
0.026585495048104243   0.2215
0.026601122487248358   0.222
0.026601866810923927   0.2225
0.026622461683878523   0.223
0.02662255652736767   0.2235
0.02669140999048003   0.224
0.0267047776337537   0.2245
0.02673133548668978   0.225
0.026738257939928955   0.2255
0.02674302162106236   0.226
0.026789930963867115   0.2265
0.026821496686920507   0.227
0.02682831764918877   0.2275
0.026831100039355474   0.228
0.026846345034747754   0.2285
0.02684890380292742   0.229
0.026851686530539653   0.2295
0.026859179725941235   0.23
0.026874083378551655   0.2305
0.02687594870948576   0.231
0.026882616645541174   0.2315
0.02688656153186611   0.232
0.026952024048197548   0.2325
0.026978091528441037   0.233
0.026994198567349012   0.2335
0.02703025856882192   0.234
0.02703242086890484   0.2345
0.027036259360279966   0.235
0.02704168150595801   0.2355
0.02705226445897895   0.236
0.027063503615059437   0.2365
0.027087727957548824   0.237
0.027095163372934744   0.2375
0.02713417339116375   0.238
0.02713762199924738   0.2385
0.027179394775756316   0.239
0.02718906192980164   0.2395
0.027192055223946632   0.24
0.027198529416351862   0.2405
0.027231973894038558   0.241
0.027262411404938958   0.2415
0.027262519035584798   0.242
0.027284047721952975   0.2425
0.027314611318439028   0.243
0.027322220716558238   0.2435
0.027330886842390767   0.244
0.02733784542230694   0.2445
0.027355429449882174   0.245
0.027355798595571662   0.2455
0.02736551520102906   0.246
0.027393648767689266   0.2465
0.02743643283811202   0.247
0.027443100021204925   0.2475
0.027475662373915688   0.248
0.027501924572207737   0.2485
0.02750758376594256   0.249
0.027526445557238183   0.2495
0.027550917783106033   0.25
0.02755721396445917   0.2505
0.027584418640596645   0.251
0.027592486904219338   0.2515
0.027609904642392047   0.252
0.027626805029068224   0.2525
0.027628214869912848   0.253
0.027634698977411915   0.2535
0.027643380994546857   0.254
0.02765231425343312   0.2545
0.027660242826466022   0.255
0.027665976724022046   0.2555
0.027671421552429395   0.256
0.027688908928831635   0.2565
0.02773016797659389   0.257
0.027730383636600103   0.2575
0.027736668080616776   0.258
0.027843025272613425   0.2585
0.027850132835018804   0.259
0.027852577575048887   0.2595
0.027893482900542166   0.26
0.027920883069720015   0.2605
0.02793191267082193   0.261
0.02795568703665345   0.2615
0.027957813808423826   0.262
0.027959421557151865   0.2625
0.027969616310394685   0.263
0.027970159807682332   0.2635
0.027989759066474773   0.264
0.028028749291325802   0.2645
0.028070991976732823   0.265
0.028088665431722615   0.2655
0.0281353694043045   0.266
0.028139596886861545   0.2665
0.028178572403233765   0.267
0.028190812672273413   0.2675
0.028193179798159676   0.268
0.028211385922412277   0.2685
0.028248833594337275   0.269
0.02825493967795137   0.2695
0.028277670940900862   0.27
0.02832262089046847   0.2705
0.028366029734763043   0.271
0.028430899244609675   0.2715
0.028447754256033145   0.272
0.028458607797613916   0.2725
0.028463940080867833   0.273
0.028470671169714787   0.2735
0.0285648954967183   0.274
0.028573010181000776   0.2745
0.028580299517181128   0.275
0.028604282225263455   0.2755
0.02861012326614082   0.276
0.028612335634857544   0.2765
0.028615733107799413   0.277
0.02862646265101068   0.2775
0.028627744228954116   0.278
0.028653905174126484   0.2785
0.028695186060524375   0.279
0.02869943506960876   0.2795
0.02870504221013387   0.28
0.028751279159749676   0.2805
0.0287605590641822   0.281
0.02884401262172355   0.2815
0.02887112920513757   0.282
0.028882223212386926   0.2825
0.028887885053909074   0.283
0.02889165310241952   0.2835
0.0289007197156263   0.284
0.028903461619159604   0.2845
0.028915480069847333   0.285
0.02893194042579217   0.2855
0.028949859608553015   0.286
0.028968174160920762   0.2865
0.02897209081039081   0.287
0.029001302399964957   0.2875
0.02900140465843276   0.288
0.029008956175906958   0.2885
0.02901540801629912   0.289
0.029037536628498506   0.2895
0.029045219294172503   0.29
0.029054781117825584   0.2905
0.029083488118312628   0.291
0.029113967093531756   0.2915
0.02911403385584846   0.292
0.02911468743024198   0.2925
0.02911931904686199   0.293
0.02912143761403206   0.2935
0.029167667588107814   0.294
0.0291727142328905   0.2945
0.029228476119361246   0.295
0.029267791844798774   0.2955
0.029274737099422687   0.296
0.029278677086444868   0.2965
0.029295143369829857   0.297
0.029318094020735513   0.2975
0.029334014983989576   0.298
0.029352249621664633   0.2985
0.029360922970315784   0.299
0.02937272669244484   0.2995
0.029407770341727174   0.3
0.029415716820546896   0.3005
0.029451860410923583   0.301
0.029484716494663443   0.3015
0.029494069806396267   0.302
0.02950435997017445   0.3025
0.029519663512229177   0.303
0.029523372835256884   0.3035
0.029540054852635417   0.304
0.02954875651977895   0.3045
0.029558472119153134   0.305
0.029578691972435567   0.3055
0.029584676353923728   0.306
0.029609633323108314   0.3065
0.02961743958213206   0.307
0.029630385010178242   0.3075
0.029631373294823266   0.308
0.029644185763277126   0.3085
0.029647269251129635   0.309
0.029659683459095088   0.3095
0.029685087460299964   0.31
0.029697377356388915   0.3105
0.029727827579244248   0.311
0.02974782271683496   0.3115
0.02977014408697709   0.312
0.029771069879177575   0.3125
0.029776763216117802   0.313
0.02980269436366638   0.3135
0.02980438804234581   0.314
0.029816750398483687   0.3145
0.02982844791669717   0.315
0.029858027185535117   0.3155
0.029861317859702335   0.316
0.02987390657875766   0.3165
0.029874851184328602   0.317
0.029897687308810317   0.3175
0.029944733595072916   0.318
0.029952886865448877   0.3185
0.029956262300558506   0.319
0.029966720754147663   0.3195
0.02996765325552392   0.32
0.02997156052447937   0.3205
0.030018714885900646   0.321
0.030022779347428197   0.3215
0.03003163699642955   0.322
0.030042693373047658   0.3225
0.030062401376719727   0.323
0.03009874700100504   0.3235
0.03010304162787436   0.324
0.030136539072373167   0.3245
0.030187548046725743   0.325
0.03018958902458739   0.3255
0.030192512466930596   0.326
0.030198708695841833   0.3265
0.03021283224388302   0.327
0.03021618701314875   0.3275
0.03022770429510302   0.328
0.030237727235427198   0.3285
0.03024408713913969   0.329
0.030257539091670033   0.3295
0.03027241928210933   0.33
0.030278078981600218   0.3305
0.030278178503058528   0.331
0.030280017954231186   0.3315
0.030283721099261973   0.332
0.03030265562210245   0.3325
0.030309796331148747   0.333
0.03032167006091603   0.3335
0.03033768476594037   0.334
0.030368592746070205   0.3345
0.030381199701758038   0.335
0.030392047014487833   0.3355
0.030407278173879615   0.336
0.030410579954107814   0.3365
0.03043358809065899   0.337
0.030466343995786127   0.3375
0.030469825633170147   0.338
0.0304737462339862   0.3385
0.03047805907747251   0.339
0.030490633336977088   0.3395
0.030493229988717813   0.34
0.030497790188841634   0.3405
0.03056317238689933   0.341
0.030566262127710866   0.3415
0.0305723568354032   0.342
0.030589735323821005   0.3425
0.03059240498372018   0.343
0.030601905066026128   0.3435
0.030610024992226342   0.344
0.03064081468828446   0.3445
0.030675619430518386   0.345
0.030688310744201912   0.3455
0.03069190048474893   0.346
0.030708328951054714   0.3465
0.030713568623678036   0.347
0.0307335382115123   0.3475
0.030735349211552382   0.348
0.03076637441185387   0.3485
0.030792153450460297   0.349
0.030814318017751974   0.3495
0.030815642233351898   0.35
0.0308259277835278   0.3505
0.030847547054022484   0.351
0.030857116477184587   0.3515
0.030865853126198384   0.352
0.03087161931703236   0.3525
0.030888286902944484   0.353
0.03090292074740325   0.3535
0.030923817212991228   0.354
0.030932121901450373   0.3545
0.03093838262796722   0.355
0.030940959485087932   0.3555
0.030957203978018183   0.356
0.030960702353800204   0.3565
0.030976272668261903   0.357
0.030992876910365036   0.3575
0.030998539684042904   0.358
0.031008320640237536   0.3585
0.031011540766367536   0.359
0.03102123068650546   0.3595
0.03104659334196047   0.36
0.03105141322565899   0.3605
0.031075504722800008   0.361
0.0310812865926115   0.3615
0.031113156038260037   0.362
0.03111864386619928   0.3625
0.031151249691749264   0.363
0.031162860517134183   0.3635
0.031175073223548788   0.364
0.031182957525008465   0.3645
0.031185645535912965   0.365
0.031195014199154852   0.3655
0.03122791894536306   0.366
0.03123814911704252   0.3665
0.031247660076179573   0.367
0.03127411273928296   0.3675
0.03128205062437253   0.368
0.031302113825024125   0.3685
0.03131632559550773   0.369
0.03132778720913161   0.3695
0.0313812876840731   0.37
0.03141105648018171   0.3705
0.03141510766794009   0.371
0.031455968270589926   0.3715
0.0314630885425862   0.372
0.03146611841015157   0.3725
0.03148333165515241   0.373
0.031484596060013297   0.3735
0.031486166049092074   0.374
0.031487150872990366   0.3745
0.03151537647794811   0.375
0.031553549035394035   0.3755
0.0315611837969713   0.376
0.031599453012877754   0.3765
0.031625810919910624   0.377
0.0316264505383455   0.3775
0.03163679769087946   0.378
0.03164778903893578   0.3785
0.03167556317130166   0.379
0.03171166992225616   0.3795
0.03174540315329066   0.38
0.031765458488488246   0.3805
0.03182582997756227   0.381
0.03183756649459486   0.3815
0.031844007731198706   0.382
0.0318514247118781   0.3825
0.03185357643498209   0.383
0.03185963853959706   0.3835
0.031861367441910704   0.384
0.03189107755900747   0.3845
0.03189325162686554   0.385
0.0318955066175326   0.3855
0.031899619046793934   0.386
0.03191102562701875   0.3865
0.032002034891174924   0.387
0.032012000652951164   0.3875
0.0320217748921655   0.388
0.032040369817709136   0.3885
0.03204186519053881   0.389
0.03207353894489773   0.3895
0.032105938422618246   0.39
0.03213240220243449   0.3905
0.03213267280462667   0.391
0.032186668806015006   0.3915
0.03218677512604007   0.392
0.03219093540296469   0.3925
0.03219978221420994   0.393
0.0322402127906497   0.3935
0.032247974247948286   0.394
0.03226937857375872   0.3945
0.03227414456512072   0.395
0.032304939895347995   0.3955
0.03231709359271698   0.396
0.03233131949061796   0.3965
0.03233675562373693   0.397
0.03233727634476373   0.3975
0.03238019860990718   0.398
0.032397878274605635   0.3985
0.03240122650358723   0.399
0.03241026719155457   0.3995
0.03241288168873879   0.4
0.0324245390598539   0.4005
0.032435391728156904   0.401
0.03245634329895984   0.4015
0.03248376083174137   0.402
0.03248659384207436   0.4025
0.03250754077623011   0.403
0.03251064973038047   0.4035
0.032525943412925584   0.404
0.0325742204317237   0.4045
0.032578078420902795   0.405
0.03261883138232584   0.4055
0.03268516114884948   0.406
0.032692598726494534   0.4065
0.0327468824606186   0.407
0.03274860687579443   0.4075
0.0327553035978036   0.408
0.03278897976028311   0.4085
0.032796363402382456   0.409
0.03279949587279718   0.4095
0.03280330152006827   0.41
0.03285290514564834   0.4105
0.032855340624250995   0.411
0.032864280403268914   0.4115
0.03286535644567945   0.412
0.03292610236481776   0.4125
0.032929615234539994   0.413
0.03296779566438049   0.4135
0.03298458360998752   0.414
0.032997726441232694   0.4145
0.03301643966737633   0.415
0.03301918988224392   0.4155
0.03304636614369044   0.416
0.03304732873481217   0.4165
0.0330655521473005   0.417
0.03307151402635422   0.4175
0.0330998125189233   0.418
0.03310383173565634   0.4185
0.03312132029955356   0.419
0.0331263113991373   0.4195
0.0331330072033956   0.42
0.03315076414219237   0.4205
0.03317924850221271   0.421
0.0331797280348573   0.4215
0.03319182497629575   0.422
0.03319521608868484   0.4225
0.033198780341670814   0.423
0.03320766126175234   0.4235
0.03321331539782024   0.424
0.03321437015075274   0.4245
0.03322403416319031   0.425
0.033234581790969386   0.4255
0.0332771516988494   0.426
0.033282434380888404   0.4265
0.033307435709173966   0.427
0.033332632542114646   0.4275
0.03333846344963612   0.428
0.03336506167745487   0.4285
0.03337899405915873   0.429
0.0333833427409404   0.4295
0.03341135999768356   0.43
0.033459850447511125   0.4305
0.03349003491354924   0.431
0.033496505271263854   0.4315
0.03350632090829589   0.432
0.03350991204534273   0.4325
0.03351194055959539   0.433
0.03352338538274935   0.4335
0.03359405753435146   0.434
0.03360962156661877   0.4345
0.033643886472614515   0.435
0.033671613030746395   0.4355
0.033688109379995515   0.436
0.033691240901430164   0.4365
0.03369125774363657   0.437
0.033731740083204675   0.4375
0.03373302580681585   0.438
0.033747061494466046   0.4385
0.033747413729599385   0.439
0.033753234849350194   0.4395
0.03375517407198936   0.44
0.03376976043230068   0.4405
0.03377137234385939   0.441
0.033778159100027114   0.4415
0.033779009226172524   0.442
0.033821584631636065   0.4425
0.03385196334243812   0.443
0.03385465832406549   0.4435
0.03388757272443216   0.444
0.03389581111536927   0.4445
0.03392877618756003   0.445
0.033943333302909245   0.4455
0.0339479502761903   0.446
0.03396734046231656   0.4465
0.03403007530177987   0.447
0.03403435409328352   0.4475
0.03404482691671418   0.448
0.03406391293833144   0.4485
0.034065287214784676   0.449
0.034126652807874594   0.4495
0.03415479530351062   0.45
0.03419363092399408   0.4505
0.03419969606945428   0.451
0.03422630102680742   0.4515
0.03422777202888243   0.452
0.034234913681948864   0.4525
0.034245813717447754   0.453
0.03425283236854576   0.4535
0.034268002185085855   0.454
0.0342818378511516   0.4545
0.03430948055991445   0.455
0.034331047794809263   0.4555
0.03433461637160262   0.456
0.034351226885637215   0.4565
0.03438059567726519   0.457
0.0343840837307058   0.4575
0.03438538505186363   0.458
0.0344156642394399   0.4585
0.03442142184132754   0.459
0.03447084705384816   0.4595
0.034473333931008945   0.46
0.03447649290319402   0.4605
0.034481423049694856   0.461
0.03448623042063459   0.4615
0.03450687774481065   0.462
0.034507915065364755   0.4625
0.034518275157494435   0.463
0.034528698488127396   0.4635
0.03453189122853992   0.464
0.034535810773372255   0.4645
0.03454234620105773   0.465
0.034568832324160775   0.4655
0.03458547279012461   0.466
0.034589873677783683   0.4665
0.0345975550904756   0.467
0.03463864859001897   0.4675
0.0346446566455319   0.468
0.03465970554674405   0.4685
0.03466521312393392   0.469
0.03468536475678785   0.4695
0.034690914791103034   0.47
0.03471450749317262   0.4705
0.03471849024141019   0.471
0.034731847946441796   0.4715
0.034742298888959716   0.472
0.0347445848887451   0.4725
0.034762210054722284   0.473
0.03477292996329623   0.4735
0.03480409313250399   0.474
0.03485954830609833   0.4745
0.034874241726507105   0.475
0.034880048200011476   0.4755
0.03490951029993661   0.476
0.03494813028317803   0.4765
0.03495071480004111   0.477
0.0349584745364495   0.4775
0.03499299599723221   0.478
0.03499876222579018   0.4785
0.03504950186040445   0.479
0.03507159386466713   0.4795
0.03507848750276035   0.48
0.03509671393687844   0.4805
0.035130206707722   0.481
0.03513507358665896   0.4815
0.03514020826956768   0.482
0.03516086698791086   0.4825
0.03517536614645528   0.483
0.035176330127032   0.4835
0.035210296153033255   0.484
0.03522847131372264   0.4845
0.035238642094603354   0.485
0.03524942614482576   0.4855
0.03528117270619195   0.486
0.03530980012889681   0.4865
0.03530997373925558   0.487
0.035317607616077704   0.4875
0.03534811773011762   0.488
0.03535951761860895   0.4885
0.03536670595168205   0.489
0.03540772763628314   0.4895
0.03542729769474415   0.49
0.03543517275056998   0.4905
0.03546201370723481   0.491
0.03546473632379471   0.4915
0.03547875366656553   0.492
0.03548598577629966   0.4925
0.03550361012212022   0.493
0.03550910480784708   0.4935
0.035539962067243   0.494
0.03555362763006015   0.4945
0.035577008048301995   0.495
0.03558542635746881   0.4955
0.035591260472689235   0.496
0.03559985316087322   0.4965
0.03560203822080665   0.497
0.035657567007076674   0.4975
0.03567268118923346   0.498
0.035692068905571236   0.4985
0.03573450699697803   0.499
0.035766474222395817   0.4995
0.035769980719864425   0.5
0.035777705981518554   0.5005
0.035780076957066975   0.501
0.0357850520498095   0.5015
0.03578656808619762   0.502
0.03579857977848816   0.5025
0.03584098804774885   0.503
0.03588402562760151   0.5035
0.035884106908004754   0.504
0.03593162238130898   0.5045
0.03594406621901623   0.505
0.03595509845759329   0.5055
0.03597305114790432   0.506
0.0359854151580867   0.5065
0.03599360588290135   0.507
0.03599417328347612   0.5075
0.035999850351466134   0.508
0.036005629745207546   0.5085
0.036008482914777484   0.509
0.036038288190125986   0.5095
0.03608383095612455   0.51
0.03610174936025068   0.5105
0.03614722247959201   0.511
0.03615787340514521   0.5115
0.036200945433608744   0.512
0.03622000805306114   0.5125
0.036236236626711715   0.513
0.036256515833817116   0.5135
0.03627331106550297   0.514
0.03627364560686633   0.5145
0.03629614843213863   0.515
0.036299713880446505   0.5155
0.03631175046641777   0.516
0.03632557740572975   0.5165
0.03633836150953568   0.517
0.036343113422625195   0.5175
0.03638013509790611   0.518
0.036396623513822834   0.5185
0.03641595585012819   0.519
0.03641678617765201   0.5195
0.0364299784819655   0.52
0.03644873577636493   0.5205
0.036449863559289614   0.521
0.03647517601763153   0.5215
0.03648223761195091   0.522
0.03649482389547043   0.5225
0.036494864478475386   0.523
0.03649946534272237   0.5235
0.03650352521522929   0.524
0.036521729264405695   0.5245
0.03652384582028528   0.525
0.03652841453269162   0.5255
0.036552748404910435   0.526
0.03655346892917072   0.5265
0.03655386640579242   0.527
0.03657666828238454   0.5275
0.03660972891426556   0.528
0.03661890061417275   0.5285
0.03662991787289649   0.529
0.03663885788117277   0.5295
0.03663978265355486   0.53
0.03666292281943545   0.5305
0.03667338770693977   0.531
0.03668564030445434   0.5315
0.03676183900914798   0.532
0.03677314426372236   0.5325
0.03677482975946353   0.533
0.03681091062123912   0.5335
0.036832651392186444   0.534
0.036857391017377394   0.5345
0.036857912689671396   0.535
0.03686245733636251   0.5355
0.036899289300385274   0.536
0.03692101406869229   0.5365
0.03696060862950977   0.537
0.036968206379613455   0.5375
0.036982421395171744   0.538
0.037005984842609085   0.5385
0.03704660053599351   0.539
0.03710193535910211   0.5395
0.03710404293975873   0.54
0.03716354670030103   0.5405
0.037175628491136065   0.541
0.03718754349840947   0.5415
0.037189282354804454   0.542
0.03720863799107618   0.5425
0.037212530598395965   0.543
0.03721771077623476   0.5435
0.03721777276605978   0.544
0.037230348201981914   0.5445
0.03724338366930163   0.545
0.03724920932956555   0.5455
0.03727426288708491   0.546
0.03729827837509883   0.5465
0.03730086153962378   0.547
0.037313498846005905   0.5475
0.03732738079279942   0.548
0.03733042977636822   0.5485
0.037350253971130565   0.549
0.03737131270572258   0.5495
0.0373749011360803   0.55
0.03737580165458901   0.5505
0.037376888254605584   0.551
0.03740453899515363   0.5515
0.03743023038860313   0.552
0.037448325862285026   0.5525
0.037455341368556105   0.553
0.03745661911521675   0.5535
0.03746097997830303   0.554
0.03746315498725217   0.5545
0.037473232289818914   0.555
0.03751681617757499   0.5555
0.03754808771627921   0.556
0.03755061390721204   0.5565
0.037564340751109926   0.557
0.037577074182350595   0.5575
0.03757708965306919   0.558
0.03758890967125528   0.5585
0.037600514542732416   0.559
0.03761407106079796   0.5595
0.03763227253800218   0.56
0.03763532099552194   0.5605
0.03763889418009081   0.561
0.037664261763589085   0.5615
0.0376869520807363   0.562
0.03769237223940658   0.5625
0.037701529652679616   0.563
0.037716218928558976   0.5635
0.03776523407311236   0.564
0.03778157264419488   0.5645
0.03778346109625409   0.565
0.03778632648531635   0.5655
0.037792743474119206   0.566
0.03781155525412244   0.5665
0.037812564387908976   0.567
0.03781532866890529   0.5675
0.03783349128057384   0.568
0.037846695718797285   0.5685
0.037852214560453734   0.569
0.03785630007193477   0.5695
0.03788775129304367   0.57
0.03793697672631019   0.5705
0.037937850108499926   0.571
0.037944395921098995   0.5715
0.03796440509982703   0.572
0.03797972954239481   0.5725
0.0380409903276423   0.573
0.0380646689622805   0.5735
0.03807707715714036   0.574
0.0380961855835506   0.5745
0.03810178442008494   0.575
0.03812146640902769   0.5755
0.038132986245161274   0.576
0.03814556643171779   0.5765
0.038147738097473766   0.577
0.038182132932654156   0.5775
0.03819062142703944   0.578
0.03821428066970288   0.5785
0.03821976759478289   0.579
0.03824546149650268   0.5795
0.03825010583221895   0.58
0.038265555381144276   0.5805
0.03827566722559564   0.581
0.03828269876167523   0.5815
0.038283009458255385   0.582
0.03828665440991519   0.5825
0.03833704098347204   0.583
0.03834923572651877   0.5835
0.038394715587432626   0.584
0.03840196519688881   0.5845
0.0384113271472485   0.585
0.038421256869407006   0.5855
0.03842771098508482   0.586
0.03843782774823801   0.5865
0.03844119732637499   0.587
0.038445518426791364   0.5875
0.038499405209779416   0.588
0.03850336263007212   0.5885
0.03850947490857007   0.589
0.038520156195355315   0.5895
0.03852336145857793   0.59
0.03854361613516348   0.5905
0.03856479641498281   0.591
0.03856725688262204   0.5915
0.03857654874201985   0.592
0.03860284645414934   0.5925
0.03860579132693519   0.593
0.03861285567995151   0.5935
0.038622176610420555   0.594
0.03862558752784506   0.5945
0.03866732036137688   0.595
0.038694870937150766   0.5955
0.03870419072042164   0.596
0.0387300057983556   0.5965
0.038733057608754035   0.597
0.03874967943402449   0.5975
0.03876280309342342   0.598
0.038772119157362006   0.5985
0.038803567505889744   0.599
0.038811288734868776   0.5995
0.03881821089220962   0.6
0.038845940403735416   0.6005
0.038847628650293536   0.601
0.0388563525766199   0.6015
0.0388679231851653   0.602
0.03888399457383615   0.6025
0.03889681637638309   0.603
0.038901239087484996   0.6035
0.0389080038576001   0.604
0.038933522429006745   0.6045
0.038950712956584865   0.605
0.03896535285398306   0.6055
0.038983424509930004   0.606
0.03901385511537467   0.6065
0.0390729995192796   0.607
0.03910478006378171   0.6075
0.03910782194973528   0.608
0.03913774217914817   0.6085
0.039150675637993085   0.609
0.039189603885426805   0.6095
0.03919316829171213   0.61
0.039211434081537405   0.6105
0.039222319362179514   0.611
0.03923175755514399   0.6115
0.039236673036563446   0.612
0.03924169100472441   0.6125
0.03926849192097326   0.613
0.03929829444359115   0.6135
0.0393430278042321   0.614
0.03934846576228904   0.6145
0.03936610082698605   0.615
0.03942611129759155   0.6155
0.03943001276548466   0.616
0.039433738545615604   0.6165
0.039457125398058235   0.617
0.039512182261755124   0.6175
0.0395204234972084   0.618
0.039540795256067046   0.6185
0.03957226258373929   0.619
0.039583299620291224   0.6195
0.039584566633606794   0.62
0.039626826969317186   0.6205
0.03963986844812106   0.621
0.039660675991203015   0.6215
0.039662369825724575   0.622
0.03967164369448986   0.6225
0.039682388694868176   0.623
0.03972753829460851   0.6235
0.03975006851548671   0.624
0.03975051502395313   0.6245
0.03976247110038472   0.625
0.03978168223242334   0.6255
0.03978206572072798   0.626
0.039852209740015604   0.6265
0.03990856923181432   0.627
0.039933406868933964   0.6275
0.03997987677359985   0.628
0.0399852913945542   0.6285
0.04002663540339804   0.629
0.0400283924386326   0.6295
0.04006434682950627   0.63
0.04012570488564238   0.6305
0.04014851091722332   0.631
0.040160253011052   0.6315
0.04020585268169949   0.632
0.040217671538330085   0.6325
0.0402338437864387   0.633
0.04027156753610306   0.6335
0.0402800852827096   0.634
0.040342509261865944   0.6345
0.04039347916621672   0.635
0.04041365948192203   0.6355
0.04042213375977788   0.636
0.040443776661342024   0.6365
0.0404742452733422   0.637
0.04049172170029691   0.6375
0.04052182212874367   0.638
0.040531343059829625   0.6385
0.04053902176659924   0.639
0.04054053647929595   0.6395
0.04054479134132119   0.64
0.04059252404960001   0.6405
0.04060966887194604   0.641
0.04063046603172002   0.6415
0.04063833124761285   0.642
0.0406390241775022   0.6425
0.04073597698571968   0.643
0.04073806814850961   0.6435
0.040742973463884946   0.644
0.04075825347203568   0.6445
0.04078718038729079   0.645
0.04080616839743151   0.6455
0.04080831741084323   0.646
0.04082910988740497   0.6465
0.040854907156437414   0.647
0.0408551326242462   0.6475
0.04088347711506979   0.648
0.04089726228325639   0.6485
0.040899315225768534   0.649
0.04096018499458917   0.6495
0.0409771943594707   0.65
0.04100551796385202   0.6505
0.0410114181543591   0.651
0.04101397106706346   0.6515
0.04102239050488696   0.652
0.04108554742631859   0.6525
0.04109439390005529   0.653
0.041095621995773685   0.6535
0.04112492695631165   0.654
0.04113168678202017   0.6545
0.04113713352599316   0.655
0.04115988462293588   0.6555
0.04116469271881429   0.656
0.04119223742267614   0.6565
0.0412120488577285   0.657
0.041215578072293646   0.6575
0.04124605308526966   0.658
0.0412779132825849   0.6585
0.041296688606494075   0.659
0.04131836494332167   0.6595
0.04133066923073403   0.66
0.04133722274340351   0.6605
0.04135210551022442   0.661
0.04138989581312594   0.6615
0.0414042347129574   0.662
0.041405470258199545   0.6625
0.041415950265305784   0.663
0.041438032388054165   0.6635
0.04143956028524157   0.664
0.04146327250602491   0.6645
0.04147748309757199   0.665
0.041478420051591136   0.6655
0.04150163214400629   0.666
0.041526405111180165   0.6665
0.04153906027917631   0.667
0.04161032672236403   0.6675
0.04162915982842463   0.668
0.04163769464732192   0.6685
0.041657949433243635   0.669
0.04166309595698958   0.6695
0.04166949353715954   0.67
0.04176843479948006   0.6705
0.04177201970343114   0.671
0.04178734071539525   0.6715
0.04179010837268382   0.672
0.041802621114776395   0.6725
0.04183332494085182   0.673
0.04183360161143587   0.6735
0.04183361219007253   0.674
0.04184918784796299   0.6745
0.04185413881773295   0.675
0.04187118361669229   0.6755
0.04194103146475814   0.676
0.04196575552867238   0.6765
0.041968083248352134   0.677
0.041974067109697644   0.6775
0.04199401108015316   0.678
0.042018308824868705   0.6785
0.04202689272689333   0.679
0.042063801920311894   0.6795
0.042067700782606826   0.68
0.042071414805196744   0.6805
0.04210532201181372   0.681
0.04210685246606888   0.6815
0.04213778285695424   0.682
0.0421575536505423   0.6825
0.04215851968117912   0.683
0.0422007415851782   0.6835
0.042207310587563135   0.684
0.04221798361903506   0.6845
0.04221915689433723   0.685
0.04225241136289213   0.6855
0.04225293245545486   0.686
0.042252947673210084   0.6865
0.04226761966650705   0.687
0.042267886491675455   0.6875
0.04231371969270606   0.688
0.04233823828856907   0.6885
0.04234028195991013   0.689
0.042356474866051985   0.6895
0.04238360838593655   0.69
0.04239140312680331   0.6905
0.04240017968889892   0.691
0.04241927074012693   0.6915
0.04244198809178973   0.692
0.04244366072421629   0.6925
0.04244608251528892   0.693
0.04248597706991797   0.6935
0.042595522561980334   0.694
0.04259578052322474   0.6945
0.04259586845896593   0.695
0.04261189575833535   0.6955
0.04261356576183964   0.696
0.04261715922661927   0.6965
0.04262904158702596   0.697
0.04262992849715817   0.6975
0.04263451297353529   0.698
0.04264348107283508   0.6985
0.04266400190814171   0.699
0.042690262893361475   0.6995
0.04269136252459625   0.7
0.04273183545527262   0.7005
0.04274246017547198   0.701
0.04274321112918905   0.7015
0.042773786330620456   0.702
0.04281044201100062   0.7025
0.042824192090214375   0.703
0.04285920235613447   0.7035
0.042894725336162454   0.704
0.04289488784567358   0.7045
0.04290744969828292   0.705
0.04296448944214146   0.7055
0.04299474731225625   0.706
0.04300124798925198   0.7065
0.04301233282843364   0.707
0.043037154257946186   0.7075
0.043103766256799486   0.708
0.04310391082775708   0.7085
0.04312864807688197   0.709
0.04319637493974124   0.7095
0.04319951902297245   0.71
0.04320177505573263   0.7105
0.0432189638535575   0.711
0.04324234574602954   0.7115
0.04324652623595526   0.712
0.043282944503223536   0.7125
0.04329939394589383   0.713
0.043320636638264465   0.7135
0.043370761752900444   0.714
0.043461922078290416   0.7145
0.04346962323018155   0.715
0.043474282921151075   0.7155
0.043517721887146504   0.716
0.043558584273539674   0.7165
0.04355862472614602   0.717
0.043565980627112644   0.7175
0.0435862471178321   0.718
0.04358916616754566   0.7185
0.0436883220721849   0.719
0.04369340846069836   0.7195
0.04370416333008317   0.72
0.043705025499962524   0.7205
0.0437077952335474   0.721
0.04373765220431591   0.7215
0.043744891043318024   0.722
0.04376057424173235   0.7225
0.04378583098539279   0.723
0.043829280310894586   0.7235
0.0438305428514473   0.724
0.043838870006007474   0.7245
0.043877328837452184   0.725
0.043916049763861986   0.7255
0.04391626041298119   0.726
0.043970267342189645   0.7265
0.04400132719330688   0.727
0.04400445083467183   0.7275
0.04402505073264773   0.728
0.04405473544071983   0.7285
0.04412803026176032   0.729
0.04413690425965122   0.7295
0.044138663054819886   0.73
0.044162799797280466   0.7305
0.044165432430602586   0.731
0.04428245374194245   0.7315
0.0442867969755624   0.732
0.04429393205213622   0.7325
0.04434180740831567   0.733
0.04437274989058701   0.7335
0.04438624653543133   0.734
0.0444135670391306   0.7345
0.04445152063436339   0.735
0.04454561560983006   0.7355
0.044585653116424456   0.736
0.04459658765922164   0.7365
0.04462669841971367   0.737
0.04467141732107895   0.7375
0.0446769647735164   0.738
0.04472920658031082   0.7385
0.044775667955199855   0.739
0.044792201282685296   0.7395
0.04484763770836664   0.74
0.044848391530533244   0.7405
0.04487128994842357   0.741
0.04488237371984946   0.7415
0.04489875679137731   0.742
0.04494896140382998   0.7425
0.044966919102001346   0.743
0.04496932053024072   0.7435
0.04502164710875495   0.744
0.045050451342678516   0.7445
0.04507414513248048   0.745
0.04510268276730442   0.7455
0.04511784946084593   0.746
0.04512592593400133   0.7465
0.0451259476081054   0.747
0.045139673877100356   0.7475
0.04514422888986758   0.748
0.04515504629737538   0.7485
0.0451557356504087   0.749
0.045163789991683356   0.7495
0.045167750576633275   0.75
0.04519762238295616   0.7505
0.045209364049715026   0.751
0.04523357435253317   0.7515
0.04525278537148267   0.752
0.04531379367785465   0.7525
0.0453251512395452   0.753
0.045335377143429834   0.7535
0.04536580277683691   0.754
0.045368333399221444   0.7545
0.04540165931352341   0.755
0.04540517004498409   0.7555
0.045408769791215636   0.756
0.04541586167077716   0.7565
0.045427237167025014   0.757
0.045430311366658316   0.7575
0.04543273964218539   0.758
0.04543492352451589   0.7585
0.0454658392493979   0.759
0.04547339144132995   0.7595
0.04547509779433534   0.76
0.045491682123470656   0.7605
0.0455454948904003   0.761
0.04554806887856547   0.7615
0.045548259268779145   0.762
0.04560320516513261   0.7625
0.045635097913628075   0.763
0.04564620867495538   0.7635
0.04567951049152989   0.764
0.045728473751025955   0.7645
0.0457482829432144   0.765
0.04578947563406155   0.7655
0.04580246421973844   0.766
0.045802668099841265   0.7665
0.04580701926591063   0.767
0.04583774735480531   0.7675
0.04588701585089286   0.768
0.045894673431264355   0.7685
0.04590412487754533   0.769
0.0459088415119574   0.7695
0.045926644718315784   0.77
0.0459278677691217   0.7705
0.04592852238086523   0.771
0.045930871766428405   0.7715
0.0459644119717488   0.772
0.04597981616567859   0.7725
0.04603447135166372   0.773
0.04608201891369956   0.7735
0.04609589293681571   0.774
0.04612787115025968   0.7745
0.04616803388238011   0.775
0.04618013242113815   0.7755
0.04619697571069223   0.776
0.04620489794032298   0.7765
0.04620507669412899   0.777
0.04621919146018175   0.7775
0.04624875838137654   0.778
0.04625317136446894   0.7785
0.046256428390094056   0.779
0.046280650035388504   0.7795
0.0463345737589963   0.78
0.046334769820628785   0.7805
0.046351764048018884   0.781
0.04637667431884222   0.7815
0.04638345393082477   0.782
0.046387143079560794   0.7825
0.046397366113824834   0.783
0.046480817367922866   0.7835
0.04653266087017682   0.784
0.04654513876795055   0.7845
0.04655519931748431   0.785
0.046555228564626905   0.7855
0.04656427978825656   0.786
0.04672779837730656   0.7865
0.04674512689900112   0.787
0.046753672959665094   0.7875
0.04681717256182211   0.788
0.04685503436527058   0.7885
0.046875246681531535   0.789
0.04692924882902094   0.7895
0.046949726601286046   0.79
0.04701772692083775   0.7905
0.04710106863013663   0.791
0.04711255099663414   0.7915
0.047115414121942006   0.792
0.04715293623674746   0.7925
0.04715928059020694   0.793
0.04726911449667509   0.7935
0.04735253246960658   0.794
0.04737132751987949   0.7945
0.04739389959524859   0.795
0.04743804684431366   0.7955
0.04753730672914239   0.796
0.04757934410617898   0.7965
0.04758037315848884   0.797
0.047594819265141   0.7975
0.04770791373188735   0.798
0.04775249979435203   0.7985
0.04779686395622862   0.799
0.04781840690661218   0.7995
0.0478193316567912   0.8
0.047866490181653926   0.8005
0.04789207615997795   0.801
0.04792097176289298   0.8015
0.047926605924398624   0.802
0.047929707495967123   0.8025
0.047970924774461216   0.803
0.04799464266732423   0.8035
0.04801506247853343   0.804
0.04805828898394371   0.8045
0.048114930415663476   0.805
0.048171371483904046   0.8055
0.04820080255359371   0.806
0.048207453300453645   0.8065
0.04826980337779363   0.807
0.048319815875627864   0.8075
0.048379025155119604   0.808
0.04841829199460472   0.8085
0.04848136538911488   0.809
0.048513719749905954   0.8095
0.04858857522751869   0.81
0.04859798056836784   0.8105
0.04864884751947085   0.811
0.04865555737689553   0.8115
0.04865630422745698   0.812
0.048658279182566794   0.8125
0.048687905798878495   0.813
0.04870042007278311   0.8135
0.04876599794424777   0.814
0.048788079142964624   0.8145
0.04883757286654092   0.815
0.04892295880056639   0.8155
0.048929847025018014   0.816
0.048942330477677654   0.8165
0.048964263908055305   0.817
0.0490050182361528   0.8175
0.04900839997562473   0.818
0.04908284653881398   0.8185
0.04908386240545132   0.819
0.04908547690503229   0.8195
0.049091918276173485   0.82
0.04917024032485465   0.8205
0.04919069412464516   0.821
0.04921050838706614   0.8215
0.049232248412644564   0.822
0.049236711503831326   0.8225
0.04925608200156617   0.823
0.04931073093522975   0.8235
0.04931091230648352   0.824
0.049316807890638525   0.8245
0.049324174288556163   0.825
0.04934060736186191   0.8255
0.0493430213459326   0.826
0.049365564656824734   0.8265
0.04936794849358439   0.827
0.04939030695489377   0.8275
0.04940427064748035   0.828
0.04940876506694469   0.8285
0.0494706643118131   0.829
0.049491902023685586   0.8295
0.04951541708038176   0.83
0.04952877444151252   0.8305
0.04956299770990616   0.831
0.04963487185107365   0.8315
0.04963845552606415   0.832
0.04966748044250846   0.8325
0.04969734834905418   0.833
0.0497267372722897   0.8335
0.04974881242360407   0.834
0.049758890974859624   0.8345
0.049765576185376637   0.835
0.04982176793346582   0.8355
0.04982457529766482   0.836
0.0498346710028873   0.8365
0.049862546019227016   0.837
0.049967138551430035   0.8375
0.04998119848108251   0.838
0.05007638889002683   0.8385
0.050079449693468975   0.839
0.05009128579709313   0.8395
0.05012639019486703   0.84
0.050136154284258716   0.8405
0.05025829351999139   0.841
0.05025931851207313   0.8415
0.05026528239065023   0.842
0.050294826556490646   0.8425
0.050318214339799494   0.843
0.05034687008760377   0.8435
0.05037444161470653   0.844
0.05051620181124672   0.8445
0.05054248910178087   0.845
0.0506729414728109   0.8455
0.0507151036332682   0.846
0.05072390726764334   0.8465
0.05072632097992927   0.847
0.05073007976328714   0.8475
0.05074327233085772   0.848
0.05077711351037681   0.8485
0.05079262540721011   0.849
0.050899955968059074   0.8495
0.050927448385394564   0.85
0.05095172916959573   0.8505
0.0509572436510662   0.851
0.0509680946031566   0.8515
0.05098237899366967   0.852
0.05104154943630483   0.8525
0.05104818445220105   0.853
0.05105114967382683   0.8535
0.05105715052689473   0.854
0.05123559224224172   0.8545
0.05135049442656947   0.855
0.05135079691475675   0.8555
0.051463974539595614   0.856
0.051495464655234385   0.8565
0.051495936000823556   0.857
0.05158700613186962   0.8575
0.05165457307435173   0.858
0.05167682586378686   0.8585
0.05169087235389758   0.859
0.05169862465024139   0.8595
0.051715428584169776   0.86
0.05177892695728936   0.8605
0.05181500116529236   0.861
0.05182486994620408   0.8615
0.05187592186512366   0.862
0.051893587195662644   0.8625
0.05192864019575996   0.863
0.051967923427026164   0.8635
0.05202666444429045   0.864
0.05207742621432013   0.8645
0.05209138426323301   0.865
0.0521040216348633   0.8655
0.05210665844633389   0.866
0.05219078151505757   0.8665
0.052236824657272224   0.867
0.052243710966944995   0.8675
0.05227176975657094   0.868
0.05236455561920833   0.8685
0.05242582550804298   0.869
0.05243260997275001   0.8695
0.052771473666224034   0.87
0.05281882221909773   0.8705
0.052861033981676964   0.871
0.05286395355764066   0.8715
0.05286419641695478   0.872
0.052947250751179786   0.8725
0.05295688711230026   0.873
0.05297895743980778   0.8735
0.053076916866802645   0.874
0.053110150071562945   0.8745
0.053199052858344836   0.875
0.053293596355389466   0.8755
0.05329876464105615   0.876
0.05341812757411146   0.8765
0.053447636857154146   0.877
0.05346432084087116   0.8775
0.053477995465328707   0.878
0.05348220718346733   0.8785
0.053497553329729   0.879
0.05356389916425412   0.8795
0.05359296778688563   0.88
0.0536918160568399   0.8805
0.053769280907596834   0.881
0.05387663390035001   0.8815
0.05388434861725254   0.882
0.053895028083541935   0.8825
0.0540422823324799   0.883
0.05404716625336248   0.8835
0.05404961463563085   0.884
0.05405625362410005   0.8845
0.05410747764086009   0.885
0.05414128491002257   0.8855
0.05419925867981534   0.886
0.05420247404141326   0.8865
0.0542814112159459   0.887
0.05437686432904083   0.8875
0.054427573643176214   0.888
0.054428193935371405   0.8885
0.05443829195694361   0.889
0.054570543289489376   0.8895
0.05458042033568855   0.89
0.05458337888758319   0.8905
0.05464541360206411   0.891
0.054657268290282834   0.8915
0.0546799186867617   0.892
0.054718413622906546   0.8925
0.05477925287390714   0.893
0.05478741797589738   0.8935
0.05479577930837792   0.894
0.0548034606103259   0.8945
0.05497873978300627   0.895
0.05502159606770769   0.8955
0.05503689304541268   0.896
0.055064526482950904   0.8965
0.05519702334945302   0.897
0.05520075490435816   0.8975
0.05532539387568047   0.898
0.05535776823549221   0.8985
0.05538109995049505   0.899
0.05541681067380676   0.8995
0.05541934812569149   0.9
0.05542230640466936   0.9005
0.055427908215924915   0.901
0.055449214221002574   0.9015
0.0554792701981546   0.902
0.05559436215181175   0.9025
0.055626725961912094   0.903
0.05570570196155977   0.9035
0.055712143272970846   0.904
0.055772916313726106   0.9045
0.05579631036647206   0.905
0.0558256590795263   0.9055
0.05595141745505454   0.906
0.05602810759839287   0.9065
0.05611800870346839   0.907
0.05617429162145293   0.9075
0.05618429494805516   0.908
0.056220279488221434   0.9085
0.0563259929886189   0.909
0.056327207683644104   0.9095
0.05638522017410885   0.91
0.05652246572168955   0.9105
0.05660764394520154   0.911
0.056619116627130095   0.9115
0.056624787639721036   0.912
0.05664095254064233   0.9125
0.056778977861327795   0.913
0.05679672186213891   0.9135
0.05679899787390118   0.914
0.0570157917514697   0.9145
0.057024469948865855   0.915
0.057106399723052745   0.9155
0.05712443312613044   0.916
0.0571602054297501   0.9165
0.05718894461732604   0.917
0.05719130909445451   0.9175
0.057191472945229166   0.918
0.05719615623499641   0.9185
0.057199378631351994   0.919
0.05727405268383168   0.9195
0.057344577517736084   0.92
0.05740152788668573   0.9205
0.05749533742038332   0.921
0.057510932830397696   0.9215
0.05751622024211356   0.922
0.057519825989688966   0.9225
0.05754412930823699   0.923
0.057560043849716164   0.9235
0.057657627125969585   0.924
0.05766249794709591   0.9245
0.05768529768680686   0.925
0.05771363918863717   0.9255
0.057727582898040725   0.926
0.0577483936221477   0.9265
0.05779328609602241   0.927
0.057828882001506265   0.9275
0.05783526060945077   0.928
0.057928646044803564   0.9285
0.05796456903304048   0.929
0.05799764514497896   0.9295
0.0580000361121924   0.93
0.058002828653676175   0.9305
0.05800768611281848   0.931
0.05803688708194277   0.9315
0.05804043613463203   0.932
0.058049899120284576   0.9325
0.05808757436414663   0.933
0.058148792976019104   0.9335
0.058152382913982614   0.934
0.05815309877638031   0.9345
0.058158200814008895   0.935
0.058163796468345755   0.9355
0.058344463964097815   0.936
0.058353367308824455   0.9365
0.05836363461528761   0.937
0.058399386188482616   0.9375
0.0585922052217637   0.938
0.05860293726807378   0.9385
0.05873580850034814   0.939
0.058774538052469655   0.9395
0.058805107639239185   0.94
0.05886264810247857   0.9405
0.05896794983386444   0.941
0.059118395480386   0.9415
0.05911950361415377   0.942
0.05922349002527215   0.9425
0.05926701791275257   0.943
0.0593151282676255   0.9435
0.059322758692801264   0.944
0.05937634488212873   0.9445
0.05937838643219237   0.945
0.0594680932672802   0.9455
0.059516321606473646   0.946
0.05972065944837601   0.9465
0.05978886860779431   0.947
0.05982499289814247   0.9475
0.05983683018726593   0.948
0.06000048473338515   0.9485
0.060482754081863654   0.949
0.06056138146702661   0.9495
0.06063424432487924   0.95
0.06079911020474946   0.9505
0.061027109205018304   0.951
0.06106173322826969   0.9515
0.06107972559140616   0.952
0.06112209364795296   0.9525
0.061230205682255456   0.953
0.06124877501787601   0.9535
0.061277063759336614   0.954
0.061333002916553   0.9545
0.06133390919973268   0.955
0.06133936915531185   0.9555
0.061506053354072915   0.956
0.06151272542431982   0.9565
0.06153087403657706   0.957
0.06211138214763384   0.9575
0.062194535516097285   0.958
0.062240835287034335   0.9585
0.06256848888377775   0.959
0.06265996868973592   0.9595
0.06301588037717576   0.96
0.06303767875907951   0.9605
0.0632077849128391   0.961
0.06324797489386091   0.9615
0.06331015600792789   0.962
0.06332013273600773   0.9625
0.0633681774380136   0.963
0.06364659029832394   0.9635
0.06367814407987266   0.964
0.06392832947717564   0.9645
0.06411801238910664   0.965
0.06419803086256967   0.9655
0.06434899940405486   0.966
0.06450457054309863   0.9665
0.06472385045111831   0.967
0.06508001941999206   0.9675
0.06508228382226366   0.968
0.06536388970418272   0.9685
0.06542650918861267   0.969
0.0654452294007214   0.9695
0.0655700809940147   0.97
0.06557954801558308   0.9705
0.06559097363390187   0.971
0.06573850257978536   0.9715
0.06576626091959148   0.972
0.06578686503582551   0.9725
0.0658160884754121   0.973
0.06588085962317441   0.9735
0.06588770331820529   0.974
0.0661262404627963   0.9745
0.06686224823690395   0.975
0.06720346249477227   0.9755
0.06731160437590289   0.976
0.06843835501578133   0.9765
0.06865142007078989   0.977
0.06888386795110729   0.9775
0.06910488910479978   0.978
0.06964382563571003   0.9785
0.06973709485031981   0.979
0.0697926961039238   0.9795
0.0698499728135733   0.98
0.06985804369553297   0.9805
0.07009409212660678   0.981
0.07012152005121827   0.9815
0.07053648096716175   0.982
0.0707186419088992   0.9825
0.07098953563234525   0.983
0.07105016353174487   0.9835
0.07130860037181232   0.984
0.0714588061995769   0.9845
0.0718143336523695   0.985
0.07211396579490159   0.9855
0.07275618592602653   0.986
0.07276395411733433   0.9865
0.07299601714938886   0.987
0.07336221847383301   0.9875
0.07367274003680219   0.988
0.07389076089796454   0.9885
0.07426721599212446   0.989
0.0742839097321713   0.9895
0.07440164486618411   0.99
0.0745088207439012   0.9905
0.07456737166108368   0.991
0.0749007918663955   0.9915
0.07583618403420744   0.992
0.07638362324005649   0.9925
0.07744560444973259   0.993
0.07815688297949236   0.9935
0.07847546376291735   0.994
0.08150822735557695   0.9945
0.08239616626125013   0.995
0.08250636470808975   0.9955
0.08292008438165371   0.996
0.0835524933540977   0.9965
0.08364116211780731   0.997
0.0876025812379021   0.9975
0.0912146024654335   0.998
0.09248523740505249   0.9985
0.09459843271297684   0.999
0.09862538674556826   0.9995
