0.0060726840326145864   0.0
0.006646683464093667   0.0005
0.006787826144986159   0.001
0.006817246751670641   0.0015
0.00694508534694413   0.002
0.007200553388494582   0.0025
0.007201982947573252   0.003
0.007295849528812445   0.0035
0.007322119047739675   0.004
0.0075123722221534794   0.0045
0.007565946456846023   0.005
0.00771584168484904   0.0055
0.007817742193650556   0.006
0.007932494329520673   0.0065
0.00794889982319208   0.007
0.008044485440315788   0.0075
0.008046724358250615   0.008
0.008130616885992939   0.0085
0.008259991474013587   0.009
0.008607086883843124   0.0095
0.00870214030853056   0.01
0.008795022449174933   0.0105
0.008819513811998358   0.011
0.008846051387170956   0.0115
0.008853331059973435   0.012
0.008862413361268001   0.0125
0.008917063286570132   0.013
0.008921756509271725   0.0135
0.008938905899556898   0.014
0.008949810499928351   0.0145
0.008950250400783233   0.015
0.00900677090089394   0.0155
0.009069922070510397   0.016
0.009137145081730705   0.0165
0.009147833456218515   0.017
0.009194240899960474   0.0175
0.009195074994071253   0.018
0.00920251599871226   0.0185
0.00920345708488425   0.019
0.009325785600262218   0.0195
0.009346635564036532   0.02
0.00936758146534801   0.0205
0.009506548080008587   0.021
0.00959606874266325   0.0215
0.009598777570771405   0.022
0.009679706661762183   0.0225
0.00969114934313961   0.023
0.009725230962258608   0.0235
0.009757337565747454   0.024
0.009782798744460003   0.0245
0.009792509197829785   0.025
0.009827494633788708   0.0255
0.009845641016943713   0.026
0.009873795067205648   0.0265
0.009924162203362757   0.027
0.00993613663654594   0.0275
0.009968232024999163   0.028
0.010024531551050611   0.0285
0.010051327963084403   0.029
0.010073354396001447   0.0295
0.010077910945188631   0.03
0.01008353911223249   0.0305
0.010086819633738933   0.031
0.010089618180857421   0.0315
0.01009297396804655   0.032
0.010096289516775228   0.0325
0.010107806966749483   0.033
0.010112438904095924   0.0335
0.010117262768937027   0.034
0.010125896581132846   0.0345
0.010157554463679566   0.035
0.010186088483293401   0.0355
0.010190606939797911   0.036
0.010202887353512616   0.0365
0.010203979591516546   0.037
0.010221569994382187   0.0375
0.010228360089192826   0.038
0.010239622288869446   0.0385
0.010261263479478713   0.039
0.010270386760128924   0.0395
0.010275212736436515   0.04
0.01032882795601088   0.0405
0.010405228148919504   0.041
0.010460343034330591   0.0415
0.010462746499309908   0.042
0.010515521008640324   0.0425
0.010616700458955658   0.043
0.01062552027622489   0.0435
0.010730737526643969   0.044
0.010743514155533956   0.0445
0.010748461942472781   0.045
0.0107595996749483   0.0455
0.01076963705040998   0.046
0.010775948948037212   0.0465
0.010781012316552568   0.047
0.010786978686380483   0.0475
0.010793595055332242   0.048
0.010794037736881562   0.0485
0.010804788986752772   0.049
0.01082397924008191   0.0495
0.010826891201612454   0.05
0.01083571757655341   0.0505
0.010842668703370889   0.051
0.010843173657479444   0.0515
0.010864229498723205   0.052
0.010866595617172708   0.0525
0.010883567412315748   0.053
0.010890831600838119   0.0535
0.010894960290522476   0.054
0.01089635806764161   0.0545
0.010908800991558137   0.055
0.010911908412272048   0.0555
0.010923657506125839   0.056
0.010927235391990225   0.0565
0.0109503800269726   0.057
0.010950384072310831   0.0575
0.010955891653199962   0.058
0.010969005755170153   0.0585
0.010985206845177092   0.059
0.01101998453939379   0.0595
0.01103285070695649   0.06
0.011039769009594927   0.0605
0.0110435921861778   0.061
0.011057414951221048   0.0615
0.011057869246567001   0.062
0.011058373530172153   0.0625
0.011062516500345856   0.063
0.011064050307466863   0.0635
0.011064284375502123   0.064
0.011066259286542438   0.0645
0.011070038971325594   0.065
0.011073470772522423   0.0655
0.01107723232472814   0.066
0.011083806100204888   0.0665
0.011088929205334677   0.067
0.011099775315631014   0.0675
0.011109708209978378   0.068
0.011112720153495445   0.0685
0.011116417378304613   0.069
0.011116885192418838   0.0695
0.01111700256388505   0.07
0.011119650321554153   0.0705
0.011130082560957835   0.071
0.011130510031422527   0.0715
0.01114024185146946   0.072
0.011142391213721903   0.0725
0.011143605890768099   0.073
0.01116195970350721   0.0735
0.011198075312642955   0.074
0.011201089098989106   0.0745
0.011225973688090543   0.075
0.011226552085101829   0.0755
0.011244236319584835   0.076
0.01125569929008631   0.0765
0.011280473097617386   0.077
0.011280590720097697   0.0775
0.011284093524774455   0.078
0.011300728213576874   0.0785
0.01130531750259324   0.079
0.011341008041075365   0.0795
0.011356943442207126   0.08
0.011378285714287797   0.0805
0.011404726713447291   0.081
0.01144111829597351   0.0815
0.011446710642353988   0.082
0.011447514589426847   0.0825
0.011588328367119718   0.083
0.011607353953400262   0.0835
0.011654827728587086   0.084
0.011674160578377085   0.0845
0.011681640622480144   0.085
0.011694919333193513   0.0855
0.011696063906382698   0.086
0.01170211152729081   0.0865
0.011708165620417793   0.087
0.011716526185284529   0.0875
0.01172856226476024   0.088
0.011755183058393653   0.0885
0.011762634508885442   0.089
0.011785290832070666   0.0895
0.011788125231938534   0.09
0.011797504540448228   0.0905
0.011802664183523076   0.091
0.011802820481468052   0.0915
0.011812756853482459   0.092
0.011815836692141007   0.0925
0.011823243142440404   0.093
0.011824703010353793   0.0935
0.01182553981334386   0.094
0.011851328422801538   0.0945
0.011875102066215198   0.095
0.011881596463067273   0.0955
0.011884108732294257   0.096
0.011887697384990709   0.0965
0.011890799344745406   0.097
0.011905315063917205   0.0975
0.011905732608040814   0.098
0.011908137768961852   0.0985
0.01191102395539298   0.099
0.011914273081688687   0.0995
0.011927560413593635   0.1
0.011944039605611606   0.1005
0.011945673813323537   0.101
0.011947190203501074   0.1015
0.01195387770696768   0.102
0.011962309735818605   0.1025
0.011967716384969102   0.103
0.011970445314760852   0.1035
0.011973959619678162   0.104
0.011977950159284795   0.1045
0.01199020258237074   0.105
0.012036877140073302   0.1055
0.012039642670004055   0.106
0.012040136964741724   0.1065
0.012042084250431642   0.107
0.012042650399564744   0.1075
0.012062548963916425   0.108
0.012063307988264452   0.1085
0.012064375951594944   0.109
0.012066810709993755   0.1095
0.012075346820200547   0.11
0.012077959716392334   0.1105
0.012082294652323147   0.111
0.012085034909891476   0.1115
0.012089688103281052   0.112
0.012095564054590571   0.1125
0.012096101842326193   0.113
0.012103547880814344   0.1135
0.012106730576851174   0.114
0.012107070837006378   0.1145
0.012107480472507329   0.115
0.012110857215103146   0.1155
0.012113304608541944   0.116
0.012114627256771177   0.1165
0.01211845197912892   0.117
0.012129996060183959   0.1175
0.012136574177012485   0.118
0.012140116560989136   0.1185
0.012141444465060394   0.119
0.012141546525408456   0.1195
0.012156749350023657   0.12
0.012157141322975198   0.1205
0.012166280439928498   0.121
0.01216637790845744   0.1215
0.012168993876459602   0.122
0.012172726558547148   0.1225
0.012179254803550768   0.123
0.01218062601508714   0.1235
0.012182582686542945   0.124
0.012183684709739864   0.1245
0.012186463361318636   0.125
0.012196661026728575   0.1255
0.012202802633986973   0.126
0.012213345192844019   0.1265
0.01221514908053968   0.127
0.01221571933984568   0.1275
0.012238479788221776   0.128
0.012242769674329704   0.1285
0.012244733687659784   0.129
0.01224636278700987   0.1295
0.012265040464184099   0.13
0.01226519214624823   0.1305
0.012277639021061978   0.131
0.01227787894334588   0.1315
0.012283461239201779   0.132
0.012287873448813783   0.1325
0.01229296516359664   0.133
0.01229390459780623   0.1335
0.01231301290568805   0.134
0.0123216361140671   0.1345
0.01232686173416099   0.135
0.012330154111135194   0.1355
0.012331673648689603   0.136
0.012378326113900676   0.1365
0.012383666505939597   0.137
0.012440753304109112   0.1375
0.012476109276270617   0.138
0.012497724476327535   0.1385
0.012506146885715289   0.139
0.012518819564101141   0.1395
0.012547167182841296   0.14
0.012553531213747832   0.1405
0.012560827700301508   0.141
0.01258926003019148   0.1415
0.012616701691024551   0.142
0.012625514497449725   0.1425
0.012629806085272949   0.143
0.012651073357978299   0.1435
0.012655939842663458   0.144
0.012702533371701324   0.1445
0.012716755504569285   0.145
0.012722356508033078   0.1455
0.012723300891701234   0.146
0.012732000220853967   0.1465
0.012733026690058241   0.147
0.012737546036226427   0.1475
0.012739862634526894   0.148
0.012746718426566092   0.1485
0.01275416574041563   0.149
0.01276340769267334   0.1495
0.012763997940802602   0.15
0.012770726358084641   0.1505
0.012773764657035377   0.151
0.012775367013652728   0.1515
0.012784908673777212   0.152
0.012793900874452285   0.1525
0.012803044329370267   0.153
0.012811989931198295   0.1535
0.012819466491284681   0.154
0.012838697082571765   0.1545
0.01284435329422337   0.155
0.0128445491141079   0.1555
0.01284896891913731   0.156
0.01285045000483262   0.1565
0.012853903721020105   0.157
0.012855865374430411   0.1575
0.012865269895094483   0.158
0.012870537002109023   0.1585
0.012875364552915852   0.159
0.012875382935855079   0.1595
0.012876617807762558   0.16
0.012889335229575555   0.1605
0.012894035208090154   0.161
0.012904678570552525   0.1615
0.012904978379776527   0.162
0.012911902520790414   0.1625
0.0129121382607503   0.163
0.012917813339934525   0.1635
0.012920039824022081   0.164
0.012923326775962668   0.1645
0.012927814610826677   0.165
0.012936652200584403   0.1655
0.012943593046556595   0.166
0.012947392123892704   0.1665
0.012951005805416221   0.167
0.012951841061263764   0.1675
0.01295257987969381   0.168
0.012963080585185222   0.1685
0.012981713296065095   0.169
0.012987737152673887   0.1695
0.01298784984507198   0.17
0.013037783103083359   0.1705
0.01304301475013793   0.171
0.013045231529184811   0.1715
0.01304748184426592   0.172
0.013049715633068351   0.1725
0.01305034820564556   0.173
0.013059956415374177   0.1735
0.013060065636933418   0.174
0.013065359908808652   0.1745
0.013067150403462083   0.175
0.013069239290367976   0.1755
0.013072167450427344   0.176
0.013074214991210989   0.1765
0.013087517256847883   0.177
0.01308851468321072   0.1775
0.013090864435647012   0.178
0.013091575065771452   0.1785
0.013094284114413782   0.179
0.013098348509157157   0.1795
0.013101972082037741   0.18
0.013102006984383588   0.1805
0.013105863007593865   0.181
0.013106255883882603   0.1815
0.013106357370338287   0.182
0.013108363755207533   0.1825
0.013121759272743963   0.183
0.01312397730641758   0.1835
0.013127199807203019   0.184
0.013127727296327954   0.1845
0.013128320508537364   0.185
0.013132070387996589   0.1855
0.013135189419819115   0.186
0.013138601627368254   0.1865
0.013153535219239884   0.187
0.013154693052177105   0.1875
0.013158415205596033   0.188
0.013158834279076728   0.1885
0.013160343737643049   0.189
0.013172566553599455   0.1895
0.013175953887423777   0.19
0.013177646670241697   0.1905
0.013185745464450574   0.191
0.013191150245312824   0.1915
0.013195903911567677   0.192
0.013198227764458573   0.1925
0.013201498378365609   0.193
0.01320888260603649   0.1935
0.01321020003344707   0.194
0.013211486785935964   0.1945
0.013213215547028562   0.195
0.013219895768380688   0.1955
0.01323261927533638   0.196
0.013240577739649192   0.1965
0.013268227153659176   0.197
0.013270776364053952   0.1975
0.013277726732761855   0.198
0.013279242169150232   0.1985
0.01328508880789013   0.199
0.013285129821310984   0.1995
0.013296615723799823   0.2
0.013306353841350926   0.2005
0.013307123751038832   0.201
0.013314145988368789   0.2015
0.013329341306831069   0.202
0.0133505361638845   0.2025
0.013356311798851023   0.203
0.013366764374353218   0.2035
0.013366926578225038   0.204
0.01340114525987425   0.2045
0.013403614160653957   0.205
0.013423557830377658   0.2055
0.013446219386509445   0.206
0.013462564891955311   0.2065
0.01352107898613994   0.207
0.01353860615028149   0.2075
0.013590040266960507   0.208
0.013595020967848731   0.2085
0.013612801099051136   0.209
0.013614844730154368   0.2095
0.013628742360330584   0.21
0.013631344768667397   0.2105
0.013633582937469718   0.211
0.01364621600237112   0.2115
0.013650737693871012   0.212
0.013656369694386855   0.2125
0.013665527446886289   0.213
0.013674837831353787   0.2135
0.013683186096555583   0.214
0.01370542564513863   0.2145
0.013719566010943679   0.215
0.013725788087768448   0.2155
0.013734781325608986   0.216
0.013738063102030934   0.2165
0.01374018297011706   0.217
0.013754073117217741   0.2175
0.013762827562457752   0.218
0.013765729541897004   0.2185
0.013771734615232373   0.219
0.013778908530423822   0.2195
0.013787068530518226   0.22
0.013791301816287488   0.2205
0.013793195051853141   0.221
0.013801081773709728   0.2215
0.013803324239713949   0.222
0.01380680605018883   0.2225
0.0138086480127175   0.223
0.013814618325909217   0.2235
0.013818243062766217   0.224
0.01382525095382682   0.2245
0.013827980477507412   0.225
0.01383744155750885   0.2255
0.013839743876543714   0.226
0.013842817406537145   0.2265
0.013855718289070146   0.227
0.01385811108561566   0.2275
0.013858149398032954   0.228
0.013858784690533005   0.2285
0.013861522491654593   0.229
0.013867289700043667   0.2295
0.01386927085230541   0.23
0.0138699045146152   0.2305
0.013871302235408195   0.231
0.013884913868198873   0.2315
0.01389068983974226   0.232
0.013894890948560085   0.2325
0.01390458099270006   0.233
0.013915719668985749   0.2335
0.013920738664460364   0.234
0.013923359797264417   0.2345
0.013927681129061037   0.235
0.013931004299947064   0.2355
0.013934010943954384   0.236
0.013938127621764718   0.2365
0.013959146748400167   0.237
0.013968418492554341   0.2375
0.01397283920892109   0.238
0.014023318698359502   0.2385
0.014034879171432577   0.239
0.014051900727378427   0.2395
0.014052839424741073   0.24
0.014053066248314608   0.2405
0.014057174096062788   0.241
0.014059755042959324   0.2415
0.014061028493585051   0.242
0.014065429244703567   0.2425
0.01406726317319519   0.243
0.014071052644814688   0.2435
0.014075701918179737   0.244
0.014084945614376704   0.2445
0.014087647880304269   0.245
0.014088906640334145   0.2455
0.014097456590762378   0.246
0.014097456986640597   0.2465
0.014100967483014162   0.247
0.014101920654955316   0.2475
0.014104176045598563   0.248
0.014107432959298324   0.2485
0.01411252850869972   0.249
0.014112794185647162   0.2495
0.014114105686787073   0.25
0.014116594335383939   0.2505
0.014118404033425583   0.251
0.014120162624005256   0.2515
0.014126562313200766   0.252
0.014131243587259382   0.2525
0.014139073331958754   0.253
0.014142523603062354   0.2535
0.014142769851231737   0.254
0.014143182910255972   0.2545
0.014143562492257691   0.255
0.014146173962226574   0.2555
0.014150095277954425   0.256
0.014157806241162488   0.2565
0.014159999995913122   0.257
0.014164375194508042   0.2575
0.01416764281664297   0.258
0.01416981836171817   0.2585
0.014178419783907562   0.259
0.014183665876667209   0.2595
0.014184924275127644   0.26
0.014186200045947686   0.2605
0.01418837689181808   0.261
0.01418971747325716   0.2615
0.014194839405334073   0.262
0.01420128619244121   0.2625
0.014203020097132993   0.263
0.014206947197231631   0.2635
0.01421033257893238   0.264
0.01421039752079413   0.2645
0.014210448150480684   0.265
0.014213247248716657   0.2655
0.014234769738852085   0.266
0.014235235742891775   0.2665
0.014238749774206735   0.267
0.014239337601452906   0.2675
0.014251729467898447   0.268
0.014253215898101704   0.2685
0.014257238514019624   0.269
0.014267604750880639   0.2695
0.014271360622508403   0.27
0.014271889910865823   0.2705
0.014299285227978478   0.271
0.014300037489996767   0.2715
0.014301136688254404   0.272
0.014301896147197624   0.2725
0.01431617135903597   0.273
0.014327046048427952   0.2735
0.014340263181287241   0.274
0.014347714458392197   0.2745
0.014352239730280228   0.275
0.014352805044978836   0.2755
0.014374773082004091   0.276
0.014443654193262295   0.2765
0.014444524733524713   0.277
0.01444461503556356   0.2775
0.014479495239308207   0.278
0.014524641177625933   0.2785
0.014570172656808725   0.279
0.014571705072006572   0.2795
0.014583520895222427   0.28
0.014606739052851661   0.2805
0.014609401639371036   0.281
0.01460941920123622   0.2815
0.014621199555686262   0.282
0.014628764712472833   0.2825
0.014643002880976128   0.283
0.014643015352515845   0.2835
0.014666671318394539   0.284
0.01466997195906046   0.2845
0.014695532838467765   0.285
0.014698143372525022   0.2855
0.014708832119176132   0.286
0.014722009424508561   0.2865
0.014748813632867855   0.287
0.014755883101539816   0.2875
0.014766249250789107   0.288
0.014767360355876294   0.2885
0.014767484277459511   0.289
0.014770632589024876   0.2895
0.014775762024067787   0.29
0.014780945770563839   0.2905
0.014787374402204137   0.291
0.014795603852834918   0.2915
0.014805913464615975   0.292
0.014817627135153708   0.2925
0.01481871547306042   0.293
0.014821210709010949   0.2935
0.014826387652679532   0.294
0.014828354112004297   0.2945
0.014829093776022775   0.295
0.014834951820736478   0.2955
0.014837412291042254   0.296
0.01483939590050927   0.2965
0.014848300249205873   0.297
0.0148520312140112   0.2975
0.01485419906333009   0.298
0.014863333263373926   0.2985
0.01486463842489412   0.299
0.014868523110176682   0.2995
0.014869191461380063   0.3
0.014871111016653657   0.3005
0.014872212756883066   0.301
0.014872269919142075   0.3015
0.014876544648445497   0.302
0.014880695903358568   0.3025
0.014887416963602282   0.303
0.014901482922904788   0.3035
0.014917456570644874   0.304
0.01492068890463387   0.3045
0.014921120514961153   0.305
0.014923713460734622   0.3055
0.01495323916456899   0.306
0.014953897914113015   0.3065
0.01495703597145863   0.307
0.014957286520747085   0.3075
0.014957677858018895   0.308
0.014959332240243942   0.3085
0.014972998902791315   0.309
0.014988032189257774   0.3095
0.01498928477765156   0.31
0.014991118373726423   0.3105
0.01501215902566623   0.311
0.015014638248949677   0.3115
0.015016659827364623   0.312
0.01502269904065516   0.3125
0.015024847862521798   0.313
0.015026420066872062   0.3135
0.015036782538978402   0.314
0.015050087930652892   0.3145
0.015051344228766403   0.315
0.01505276695482706   0.3155
0.015054851064781494   0.316
0.015054930563083477   0.3165
0.015056061177919591   0.317
0.015057255390539023   0.3175
0.01506132766926184   0.318
0.015061854887360795   0.3185
0.015068038984129048   0.319
0.015071603939026082   0.3195
0.015073978351879527   0.32
0.015073995828075573   0.3205
0.015076403938524899   0.321
0.015083974460159091   0.3215
0.01508842657084139   0.322
0.01509197329698865   0.3225
0.015092972058615428   0.323
0.01510211581157285   0.3235
0.01511613571092131   0.324
0.015127653174761044   0.3245
0.015135468635458685   0.325
0.015137909602270141   0.3255
0.01514764981033262   0.326
0.015148393550538472   0.3265
0.015148482866594523   0.327
0.015154215590625894   0.3275
0.01516070727504544   0.328
0.01516143352548123   0.3285
0.015167391179596493   0.329
0.015167473671220191   0.3295
0.015167489388568614   0.33
0.015168864175451283   0.3305
0.015198017992589588   0.331
0.01519998495410975   0.3315
0.015201918566510556   0.332
0.01520196912051787   0.3325
0.01520544121678126   0.333
0.015216133362852338   0.3335
0.015216880831057336   0.334
0.015235696861081796   0.3345
0.015238866262840059   0.335
0.015242203217703879   0.3355
0.015243508478269732   0.336
0.015244801775704656   0.3365
0.015247680557278195   0.337
0.015251217670906106   0.3375
0.01526164485172711   0.338
0.015266112596550377   0.3385
0.015269716734629193   0.339
0.015272432636243657   0.3395
0.015273596884370189   0.34
0.015273604827035228   0.3405
0.015293047727745895   0.341
0.01529316632956669   0.3415
0.015298266474362068   0.342
0.015302561186666938   0.3425
0.015302886376800343   0.343
0.015312671635843308   0.3435
0.015324080392107031   0.344
0.015335910229766325   0.3445
0.015346473295156801   0.345
0.015352627800478316   0.3455
0.015354205311471261   0.346
0.015357530180894488   0.3465
0.015372905955213637   0.347
0.015384463497809212   0.3475
0.01538746637187674   0.348
0.015388226387651818   0.3485
0.015392164603103012   0.349
0.01540272294695079   0.3495
0.015429497479272178   0.35
0.015429591626422948   0.3505
0.015446113873269288   0.351
0.01545936324264223   0.3515
0.015471952689173729   0.352
0.015472767115146238   0.3525
0.01548534130413716   0.353
0.015517000941648554   0.3535
0.015520453061476647   0.354
0.01555506334472083   0.3545
0.015565728132890103   0.355
0.015575437175084722   0.3555
0.015599786980230804   0.356
0.01560704764605654   0.3565
0.015633043762105905   0.357
0.015641255449091146   0.3575
0.015654090246131458   0.358
0.015663227584418196   0.3585
0.015666811194425437   0.359
0.015672930948837108   0.3595
0.015675493222670325   0.36
0.015681187796870624   0.3605
0.015683054261310295   0.361
0.01568756773456466   0.3615
0.015690724528803005   0.362
0.015700373419189242   0.3625
0.015705652652851468   0.363
0.015708313647023145   0.3635
0.015716573820634808   0.364
0.015717148082392177   0.3645
0.01571816207449335   0.365
0.015718593007678666   0.3655
0.01571972919334115   0.366
0.015732054095978956   0.3665
0.01573539918731666   0.367
0.0157486984327095   0.3675
0.015748966297799608   0.368
0.0157559359802832   0.3685
0.015758898759726928   0.369
0.015765230919738762   0.3695
0.015772111805653036   0.37
0.01577961794572505   0.3705
0.015779885515721917   0.371
0.01578881065243727   0.3715
0.015791543423426938   0.372
0.015792295686866978   0.3725
0.01581721788179509   0.373
0.015819984772751067   0.3735
0.01582432292564924   0.374
0.01582519416594816   0.3745
0.01582755003848478   0.375
0.0158318581795069   0.3755
0.015832310671582264   0.376
0.01583672230511869   0.3765
0.01584218027568214   0.377
0.015845485451303   0.3775
0.01584690885573005   0.378
0.0158514165544434   0.3785
0.0158578716863461   0.379
0.015858049255905685   0.3795
0.015862244258004518   0.38
0.015863625649583393   0.3805
0.015869157482108556   0.381
0.01587025529054782   0.3815
0.015873334927707677   0.382
0.01588176531838599   0.3825
0.01588796298948271   0.383
0.01588928433766275   0.3835
0.015905878445832758   0.384
0.01591198082981142   0.3845
0.015917916727690218   0.385
0.015921655850747618   0.3855
0.015923415936762178   0.386
0.01592473256198125   0.3865
0.015926297781983165   0.387
0.015929082781399553   0.3875
0.015935725906752254   0.388
0.015945533632211698   0.3885
0.015946111701795065   0.389
0.01594759265551511   0.3895
0.015958000003042996   0.39
0.015971848054691498   0.3905
0.015980703131353108   0.391
0.015989772960116944   0.3915
0.015993487034122025   0.392
0.01601493981459863   0.3925
0.01601979819395845   0.393
0.016023498293872854   0.3935
0.01602450017904157   0.394
0.01602473137698658   0.3945
0.016033995283508712   0.395
0.016037646492720783   0.3955
0.016039149456746712   0.396
0.016042358770538737   0.3965
0.0160511758167953   0.397
0.01605246216378546   0.3975
0.01605637514701909   0.398
0.01606097314568923   0.3985
0.016064976880658208   0.399
0.016068478018685953   0.3995
0.016077657831726447   0.4
0.016078881813452642   0.4005
0.016080614238723104   0.401
0.016081394362794113   0.4015
0.016084381970980957   0.402
0.016088334615633762   0.4025
0.016089059626423943   0.403
0.01609205284356431   0.4035
0.01609330632371643   0.404
0.016093761813694887   0.4045
0.016101196990223526   0.405
0.0161055432725445   0.4055
0.016110249190063555   0.406
0.01611048318607046   0.4065
0.016110999988702954   0.407
0.016112780084341263   0.4075
0.0161147275574849   0.408
0.016115283635827413   0.4085
0.016117308859809568   0.409
0.016118502654337688   0.4095
0.016121050111958538   0.41
0.0161263633914729   0.4105
0.016128139765153607   0.411
0.016129070157817185   0.4115
0.016129324139871684   0.412
0.01613029343636431   0.4125
0.01613880160255922   0.413
0.01614021684561319   0.4135
0.016140873924524138   0.414
0.01614696405312112   0.4145
0.01614794518446662   0.415
0.01616509505777687   0.4155
0.016168916105121847   0.416
0.016177503706878107   0.4165
0.016191127104747557   0.417
0.016196244810740293   0.4175
0.01619905988595323   0.418
0.016211311085714955   0.4185
0.016212122399814524   0.419
0.016224670764880225   0.4195
0.01623494891751008   0.42
0.016236800888069128   0.4205
0.01624078265196939   0.421
0.0162463243563732   0.4215
0.01625439523287188   0.422
0.016256257780028163   0.4225
0.016257749775303934   0.423
0.016260326138357387   0.4235
0.01626422408420937   0.424
0.016267764964476877   0.4245
0.016271458297479793   0.425
0.016274650947883842   0.4255
0.016275524037015612   0.426
0.01628895495775752   0.4265
0.016290119800199912   0.427
0.01629266599302749   0.4275
0.01629400623488457   0.428
0.016312742024107055   0.4285
0.016324161615877672   0.429
0.016333855448625936   0.4295
0.016335501390820198   0.43
0.016339255204742484   0.4305
0.016348276154261113   0.431
0.016351018085241406   0.4315
0.016352805414553764   0.432
0.016359549910358054   0.4325
0.016375202453722495   0.433
0.016382278332582087   0.4335
0.016409629053044675   0.434
0.016417765182645608   0.4345
0.016481729748354115   0.435
0.016489224651424342   0.4355
0.016532920425447586   0.436
0.016555165673217978   0.4365
0.016566554048300486   0.437
0.016584952980162063   0.4375
0.016586705457767595   0.438
0.016593198987791172   0.4385
0.016626856127026704   0.439
0.016628093400653368   0.4395
0.016640101395363274   0.44
0.016648705629387098   0.4405
0.01665231040965838   0.441
0.01667240050646375   0.4415
0.016674615330261447   0.442
0.01667715998076323   0.4425
0.016684543699131374   0.443
0.016684849427095208   0.4435
0.016689959825756898   0.444
0.016700574342298394   0.4445
0.016701206540017735   0.445
0.016703513400360873   0.4455
0.016715013465345943   0.446
0.016720930135219983   0.4465
0.016722050279399617   0.447
0.016746328706241445   0.4475
0.016746751900108395   0.448
0.016747246662769902   0.4485
0.01674985573209091   0.449
0.01675530584901537   0.4495
0.016762599018689886   0.45
0.01679692750948887   0.4505
0.016803685835344487   0.451
0.016812145205051324   0.4515
0.016814179770324414   0.452
0.016814307979919743   0.4525
0.01681479601201398   0.453
0.01682270040523333   0.4535
0.016823520367996683   0.454
0.016827950411909945   0.4545
0.016828363755930845   0.455
0.01683126535519887   0.4555
0.016831656634781672   0.456
0.01683181459007517   0.4565
0.01683491789877252   0.457
0.016838635799210258   0.4575
0.016839852380740553   0.458
0.016841319898829046   0.4585
0.01684269313971483   0.459
0.016844903191108138   0.4595
0.016845772070986878   0.46
0.01684785914697802   0.4605
0.01685274523122289   0.461
0.016857661889881873   0.4615
0.016863705766174866   0.462
0.016864408183770177   0.4625
0.01686646375851074   0.463
0.016868163966461694   0.4635
0.01687283213004183   0.464
0.016875381148714744   0.4645
0.0168829084252234   0.465
0.01688410213980858   0.4655
0.016894423216678597   0.466
0.016896844298106298   0.4665
0.016902182961496107   0.467
0.016907146799715736   0.4675
0.016908400021667894   0.468
0.016910294492773467   0.4685
0.016911413277447676   0.469
0.01691280729186613   0.4695
0.016915648029400557   0.47
0.01691615651437163   0.4705
0.016917676829521375   0.471
0.016919798115166557   0.4715
0.016920072821986112   0.472
0.016921501108801376   0.4725
0.01693275035089166   0.473
0.016934778868433267   0.4735
0.016934955104225338   0.474
0.01693578543486389   0.4745
0.01693883498131439   0.475
0.01693967774668244   0.4755
0.016944510554826944   0.476
0.016951757930942543   0.4765
0.016956005650699588   0.477
0.01695750408665249   0.4775
0.016980214828670473   0.478
0.017044435479862605   0.4785
0.01704477785831883   0.479
0.017045656417792113   0.4795
0.01704986999420184   0.48
0.017051020750624216   0.4805
0.01705608358969392   0.481
0.017056513647628183   0.4815
0.017059578980510234   0.482
0.01706474327642206   0.4825
0.017069020062064483   0.483
0.017069676029010564   0.4835
0.017074674659512082   0.484
0.0170763722689634   0.4845
0.017079627696562696   0.485
0.017081821382605236   0.4855
0.017082548777405684   0.486
0.017082957017929126   0.4865
0.017083971568433012   0.487
0.017086605090959953   0.4875
0.017087219662369382   0.488
0.017088258429569528   0.4885
0.017089020757064324   0.489
0.0170995207361523   0.4895
0.0171102983807052   0.49
0.017116387507071576   0.4905
0.017121499971713708   0.491
0.017127745164570926   0.4915
0.017136389743753325   0.492
0.01713647625226647   0.4925
0.017137321160704808   0.493
0.017143831109726962   0.4935
0.017144983199048017   0.494
0.017146196415347717   0.4945
0.017154402473486943   0.495
0.017159719792300923   0.4955
0.017161854242443583   0.496
0.017162924813067373   0.4965
0.017163251722727493   0.497
0.017165000334372973   0.4975
0.017166909824098867   0.498
0.017167497531948087   0.4985
0.017170232672272814   0.499
0.017174330918650907   0.4995
0.01717834241863471   0.5
0.0171798847452911   0.5005
0.017184244283107844   0.501
0.01718616547707301   0.5015
0.017188633234761067   0.502
0.017191491446427967   0.5025
0.01720303768530708   0.503
0.017203876775169935   0.5035
0.017204257354853328   0.504
0.017221632111059273   0.5045
0.01723423863723407   0.505
0.01723596732267918   0.5055
0.017239920031626346   0.506
0.017243102961657   0.5065
0.017245327749598985   0.507
0.017246705346825833   0.5075
0.017251975903095476   0.508
0.017254589956778713   0.5085
0.01725590196963274   0.509
0.017259684711884535   0.5095
0.01726100237771834   0.51
0.01726162746611866   0.5105
0.017273424095951798   0.511
0.017283125221636678   0.5115
0.017291664467071907   0.512
0.017299266026425744   0.5125
0.017311020958963183   0.513
0.017320681297438342   0.5135
0.017327468275636262   0.514
0.017343426820685945   0.5145
0.01737006943807258   0.515
0.01737923420817329   0.5155
0.01741413207387789   0.516
0.017415375695893923   0.5165
0.017435956718104065   0.517
0.01749776124182828   0.5175
0.017547831831281016   0.518
0.017547840405441828   0.5185
0.017561913965347578   0.519
0.017564149065365256   0.5195
0.01758687608311711   0.52
0.017588889887078865   0.5205
0.01761224591387557   0.521
0.017620929322051906   0.5215
0.017627832475601415   0.522
0.017655626958928264   0.5225
0.01765582161143038   0.523
0.017659772695940032   0.5235
0.017661182521211363   0.524
0.017670287281009014   0.5245
0.017683730278141255   0.525
0.017692860509707267   0.5255
0.017696006840469083   0.526
0.017696595149262875   0.5265
0.01770600270956131   0.527
0.017714978493881553   0.5275
0.017718216393352595   0.528
0.017730689400569613   0.5285
0.017733453447182163   0.529
0.017736716679878098   0.5295
0.017745346940143694   0.53
0.017771045158992485   0.5305
0.01777952846657653   0.531
0.01778016836401626   0.5315
0.017780538377682745   0.532
0.017788668876902627   0.5325
0.017796938941667964   0.533
0.017797351730423253   0.5335
0.01779938670912458   0.534
0.017799558787620032   0.5345
0.017803802169933616   0.535
0.01781516895740494   0.5355
0.017823327389777058   0.536
0.0178271790836443   0.5365
0.017829933347046814   0.537
0.01783011465125546   0.5375
0.017831674349484253   0.538
0.01783782098587257   0.5385
0.017838712482217092   0.539
0.017841146654819742   0.5395
0.01785080098687948   0.54
0.017862031890390997   0.5405
0.01786336237230597   0.541
0.017867463451805912   0.5415
0.017872536871461578   0.542
0.017872759944190533   0.5425
0.017873329298815535   0.543
0.017881723424321663   0.5435
0.01788258306790226   0.544
0.01788432730479779   0.5445
0.0178854412068042   0.545
0.017890930385549744   0.5455
0.017895390216098275   0.546
0.01789716142785104   0.5465
0.01789992947139081   0.547
0.017900724414396246   0.5475
0.017906910969878634   0.548
0.017916257589885423   0.5485
0.01791681526395507   0.549
0.017917498322305783   0.5495
0.017918247290626313   0.55
0.017922455116500105   0.5505
0.017923522221718183   0.551
0.017934288663058906   0.5515
0.0179393235865659   0.552
0.017941405197563348   0.5525
0.017943272301511992   0.553
0.017963117120672403   0.5535
0.017968542743777863   0.554
0.01797748282274607   0.5545
0.01801020756499877   0.555
0.018029525602846097   0.5555
0.01803018078177754   0.556
0.01803362110480472   0.5565
0.01803380107224828   0.557
0.018046691352228722   0.5575
0.01804855668676708   0.558
0.01805635716461973   0.5585
0.01806089095377572   0.559
0.018061153125314033   0.5595
0.01807315962425171   0.56
0.018074777559832722   0.5605
0.018081762295640014   0.561
0.018083982650793806   0.5615
0.01809083607634593   0.562
0.018092270330968496   0.5625
0.01809234281110428   0.563
0.018098415894814757   0.5635
0.018100048628125365   0.564
0.018101703059319893   0.5645
0.018102249054332845   0.565
0.018103400520672497   0.5655
0.01810903283957266   0.566
0.018110404506310185   0.5665
0.01811096970323861   0.567
0.018112962572107594   0.5675
0.018115050275291478   0.568
0.01811709928763716   0.5685
0.018122836144699006   0.569
0.018124782266947415   0.5695
0.01812597142111827   0.57
0.018127603767932765   0.5705
0.018131609310673757   0.571
0.018132406935745582   0.5715
0.018140108118378462   0.572
0.018140918553704977   0.5725
0.018142803714599212   0.573
0.01814897455626935   0.5735
0.018156763785664443   0.574
0.018158138863102025   0.5745
0.018162472110548777   0.575
0.018163830005034576   0.5755
0.01817228976588975   0.576
0.018174885859359738   0.5765
0.0181761590131706   0.577
0.018178658672344916   0.5775
0.018183953127960395   0.578
0.01818757876113164   0.5785
0.01819090248273908   0.579
0.01819902617574276   0.5795
0.018209888475805514   0.58
0.01821196715346013   0.5805
0.01821501065570519   0.581
0.018230815839329284   0.5815
0.018238201618772154   0.582
0.018239295249485754   0.5825
0.01824239743516351   0.583
0.018243215842317917   0.5835
0.018244885427261825   0.584
0.01824996476497842   0.5845
0.01827681120029856   0.585
0.018277317363664225   0.5855
0.01827859191314085   0.586
0.018311335496479786   0.5865
0.018330841082416116   0.587
0.01834535313385177   0.5875
0.018350687289187095   0.588
0.01835084096927808   0.5885
0.01835206911217957   0.589
0.018368697736170503   0.5895
0.018407799143649484   0.59
0.018448230835212256   0.5905
0.018448554504573167   0.591
0.01851295958725105   0.5915
0.01856785168275643   0.592
0.018577420676637216   0.5925
0.018582209967624566   0.593
0.018619593414129845   0.5935
0.01867677166999822   0.594
0.01870593608740262   0.5945
0.0187255881538987   0.595
0.018732885022887683   0.5955
0.0187377350171279   0.596
0.018748079935954245   0.5965
0.018749255803390083   0.597
0.018749627767129143   0.5975
0.018769211346376505   0.598
0.018790734484964725   0.5985
0.01880347991603344   0.599
0.01880951380891034   0.5995
0.018813158542881528   0.6
0.018813686543421707   0.6005
0.018824864206968564   0.601
0.018829018316050508   0.6015
0.01883831103564533   0.602
0.018848419333885882   0.6025
0.018850557056866793   0.603
0.01885134326843725   0.6035
0.018858930086460904   0.604
0.018859287199454025   0.6045
0.018861478495115505   0.605
0.018862433409717924   0.6055
0.018864868341161703   0.606
0.018867817440385223   0.6065
0.018872459509199788   0.607
0.018874890175450923   0.6075
0.01887876517036159   0.608
0.018879866975735807   0.6085
0.018891459867191998   0.609
0.018893528670393137   0.6095
0.018895644010541987   0.61
0.01889876395991981   0.6105
0.018904482747746434   0.611
0.018907723215113373   0.6115
0.018908475414093087   0.612
0.0189086168388216   0.6125
0.018914703425161064   0.613
0.01891883015933178   0.6135
0.018923247891871678   0.614
0.01892896696506903   0.6145
0.018929119941226327   0.615
0.018941918704102514   0.6155
0.018944701556295754   0.616
0.01894717078684567   0.6165
0.01895000986960678   0.617
0.018959533340849613   0.6175
0.01897937928378382   0.618
0.019005910360042066   0.6185
0.01901697446066808   0.619
0.019017770982698523   0.6195
0.01902002388062418   0.62
0.019029951842655157   0.6205
0.019044133047121006   0.621
0.019056736031264787   0.6215
0.01907166870748256   0.622
0.01907269601232675   0.6225
0.01908003064255706   0.623
0.019082731198659553   0.6235
0.019084713988269386   0.624
0.019091821480009166   0.6245
0.019094832025503217   0.625
0.019099328614987976   0.6255
0.01910296983000459   0.626
0.019103660085054153   0.6265
0.019111349401937372   0.627
0.019112376957395538   0.6275
0.019117087113399434   0.628
0.019118408479323765   0.6285
0.01912096425330123   0.629
0.019126166411144507   0.6295
0.019126569827468312   0.63
0.019134627811369806   0.6305
0.019136363736012185   0.631
0.019144782929755966   0.6315
0.019148432254703085   0.632
0.01915140275588459   0.6325
0.019163514398163217   0.633
0.019171408758780373   0.6335
0.01917864468475064   0.634
0.019182034514447846   0.6345
0.019185595256932975   0.635
0.019190714114125554   0.6355
0.01919675963156592   0.636
0.019205643994869057   0.6365
0.019208861391454862   0.637
0.01921256156030471   0.6375
0.01921372840403375   0.638
0.019215077495885746   0.6385
0.01921556990493778   0.639
0.019220942996638846   0.6395
0.01922131541256858   0.64
0.019235566383542624   0.6405
0.019240031456603843   0.641
0.01924190488844324   0.6415
0.019246960918497563   0.642
0.01925116909765945   0.6425
0.019253131897204498   0.643
0.019255571084116463   0.6435
0.019263895857536406   0.644
0.01926430917915492   0.6445
0.01927267772946656   0.645
0.019276946868745426   0.6455
0.019282064949200928   0.646
0.019295921324820747   0.6465
0.019297191311536066   0.647
0.019297556454491716   0.6475
0.019307934729320686   0.648
0.019308253184496027   0.6485
0.01931490509460332   0.649
0.01932405675848503   0.6495
0.019325939037180384   0.65
0.01934134582445693   0.6505
0.019342558897572276   0.651
0.019345461332697683   0.6515
0.019348346941643668   0.652
0.01935411114732115   0.6525
0.019356969524254475   0.653
0.01935855993774216   0.6535
0.01936119863170714   0.654
0.019370801175659702   0.6545
0.0193765907324166   0.655
0.01938926719916774   0.6555
0.019396092843606216   0.656
0.01941325570124297   0.6565
0.01941460870964029   0.657
0.01942425613190399   0.6575
0.019432780028943733   0.658
0.01944446095807041   0.6585
0.019452177511413482   0.659
0.019459980107347688   0.6595
0.019460725183416072   0.66
0.0194612253351365   0.6605
0.019466492071958497   0.661
0.0194730222069774   0.6615
0.019498089080762296   0.662
0.019524384980697154   0.6625
0.01954088915144192   0.663
0.019542049259671915   0.6635
0.019549795472874568   0.664
0.019551602240877   0.6645
0.019570463389206774   0.665
0.01959379073558673   0.6655
0.019646256793447406   0.666
0.019651780383574582   0.6665
0.019660368650855645   0.667
0.019662638996390716   0.6675
0.01975731796757825   0.668
0.019758558039149013   0.6685
0.019764311448593294   0.669
0.019770997184489936   0.6695
0.019779712243845296   0.67
0.019779874574613082   0.6705
0.01978108103155836   0.671
0.019786059336636158   0.6715
0.019789789184334564   0.672
0.01980758628553038   0.6725
0.019817309331375696   0.673
0.019841995291146344   0.6735
0.019842155384508245   0.674
0.019843884283601024   0.6745
0.019846612021752377   0.675
0.019846862078739494   0.6755
0.019871031420873667   0.676
0.019875253169631082   0.6765
0.01988347665261643   0.677
0.019887019707956102   0.6775
0.019887376436802676   0.678
0.01989328831804467   0.6785
0.019900910578123668   0.679
0.019901621117159873   0.6795
0.01990282058286673   0.68
0.01990426533244484   0.6805
0.019921885698275812   0.681
0.019927086368047145   0.6815
0.019930441373148658   0.682
0.019944222950551718   0.6825
0.019954891043775305   0.683
0.019959289745963768   0.6835
0.01996363723866841   0.684
0.019971215207487972   0.6845
0.019977560285514742   0.685
0.01998488636381747   0.6855
0.019990384921559537   0.686
0.02001133750631523   0.6865
0.02001394362748654   0.687
0.020014203213666162   0.6875
0.020031006094683668   0.688
0.020034544876993854   0.6885
0.020036461865947153   0.689
0.020036889385062373   0.6895
0.020053118193599395   0.69
0.02005436445043801   0.6905
0.020054935809408148   0.691
0.020056537704508215   0.6915
0.0200641230753123   0.692
0.02006614942855009   0.6925
0.020066183082238176   0.693
0.02006765726407511   0.6935
0.02006871496245899   0.694
0.020073028270883086   0.6945
0.020076781534190374   0.695
0.020078245945104142   0.6955
0.020078387739494025   0.696
0.02007910041802391   0.6965
0.020080192818526216   0.697
0.02008164840236068   0.6975
0.02008375613558011   0.698
0.020086710278149886   0.6985
0.020090094442782203   0.699
0.020098952148266958   0.6995
0.020100684328593243   0.7
0.02010990806822821   0.7005
0.02011673683046189   0.701
0.02011724291076572   0.7015
0.02012054539710406   0.702
0.020127456736347332   0.7025
0.02013112096794817   0.703
0.020134340009451496   0.7035
0.020135020314227536   0.704
0.020136742865143886   0.7045
0.02013852098369992   0.705
0.02013986966801684   0.7055
0.02014282202729939   0.706
0.020142882280872493   0.7065
0.020143576717294276   0.707
0.02014366215634933   0.7075
0.020152259800960803   0.708
0.020159885791958848   0.7085
0.020167175358522138   0.709
0.02016884507016148   0.7095
0.020169148004831605   0.71
0.02016953539390917   0.7105
0.02017456215041913   0.711
0.020174850861381724   0.7115
0.020175731044235867   0.712
0.020178219103582085   0.7125
0.020191268373101146   0.713
0.02020726605688372   0.7135
0.02020755172196212   0.714
0.02021326489919406   0.7145
0.02021830523746372   0.715
0.020218767426367967   0.7155
0.020219152330271495   0.716
0.02024283269649313   0.7165
0.020244703202009662   0.717
0.020268832765278133   0.7175
0.02028329306571608   0.718
0.020284750940894047   0.7185
0.02029126091930533   0.719
0.020293224999236248   0.7195
0.020297591805573778   0.72
0.020313708180776713   0.7205
0.02032244314703735   0.721
0.020330603666585456   0.7215
0.020350085840165538   0.722
0.020356510584628784   0.7225
0.020363113067577737   0.723
0.020364376614308066   0.7235
0.02040195145861534   0.724
0.020425968336166722   0.7245
0.020438181881672707   0.725
0.02046956727236815   0.7255
0.020535158733149095   0.726
0.020544787967757563   0.7265
0.02055280592087584   0.727
0.020560557513980962   0.7275
0.020569215291954823   0.728
0.020587618816405542   0.7285
0.020616823727739278   0.729
0.020620267859755306   0.7295
0.02062632975614183   0.73
0.020643604568860566   0.7305
0.020643812356927596   0.731
0.02064536815531641   0.7315
0.020651385932699398   0.732
0.020691638553482897   0.7325
0.020711304986472875   0.733
0.020727886588932695   0.7335
0.020746574877534188   0.734
0.02075072260535281   0.7345
0.02075657003129555   0.735
0.020757853095997827   0.7355
0.020761156474085787   0.736
0.020769770676723545   0.7365
0.020781860671368155   0.737
0.02078825932436519   0.7375
0.020788840863820948   0.738
0.020793656633086702   0.7385
0.02079675521923803   0.739
0.020797714886753443   0.7395
0.020799773479719688   0.74
0.020816416414528652   0.7405
0.020820653040366024   0.741
0.020821250845127273   0.7415
0.020834157959329927   0.742
0.02083603388313636   0.7425
0.02083660696519092   0.743
0.020841693529531538   0.7435
0.020844341689350523   0.744
0.020848965795473753   0.7445
0.020851647594671077   0.745
0.020856942200151954   0.7455
0.02085880685685655   0.746
0.020859754244558396   0.7465
0.02086586510675932   0.747
0.02087382825652269   0.7475
0.020890162256976333   0.748
0.020903573385856203   0.7485
0.02090538927364434   0.749
0.020906778944994445   0.7495
0.020907992256122068   0.75
0.020908513251223296   0.7505
0.02092337683940533   0.751
0.02092939079775337   0.7515
0.02093075869158785   0.752
0.02093903411575322   0.7525
0.020943289135402735   0.753
0.020946355752309312   0.7535
0.0209496789765143   0.754
0.020953162593739097   0.7545
0.020953889862615996   0.755
0.02095796985533656   0.7555
0.02096394896322025   0.756
0.020969905467593156   0.7565
0.020984846180648567   0.757
0.021008144741637258   0.7575
0.021015282511489097   0.758
0.021022092623709687   0.7585
0.021023934411142142   0.759
0.021035834493779326   0.7595
0.021040198546885797   0.76
0.021045122283287254   0.7605
0.021047072605043904   0.761
0.021048415386496253   0.7615
0.02105067139816924   0.762
0.021067489042721613   0.7625
0.021068615285826486   0.763
0.02107074345693441   0.7635
0.021073634727887147   0.764
0.021075374733338093   0.7645
0.02108126019633716   0.765
0.021089204657333993   0.7655
0.021090520375315003   0.766
0.02109128603353   0.7665
0.02109725846698919   0.767
0.021101233550084975   0.7675
0.021114185883967518   0.768
0.021120032467934008   0.7685
0.021121856017797647   0.769
0.021124808664256978   0.7695
0.02112872119416409   0.77
0.021137609028978765   0.7705
0.021142925501566046   0.771
0.021145434841383537   0.7715
0.021154242103781695   0.772
0.021157763368627847   0.7725
0.021159114088216913   0.773
0.021161986054123255   0.7735
0.021163812333382936   0.774
0.021174101663271966   0.7745
0.021174152443400207   0.775
0.021175009598014077   0.7755
0.021188804894468283   0.776
0.021190264349646215   0.7765
0.02119075426976498   0.777
0.021199280558127698   0.7775
0.021211156755475857   0.778
0.021216098066629593   0.7785
0.02121808457924279   0.779
0.02121865494311037   0.7795
0.021221394016553097   0.78
0.021224774389735468   0.7805
0.02122801419132203   0.781
0.02123692393283244   0.7815
0.021243798140631265   0.782
0.02124616639771809   0.7825
0.02124886495288769   0.783
0.021252382712122958   0.7835
0.021253120035755385   0.784
0.02125694647189097   0.7845
0.021258977011534716   0.785
0.021277447830427912   0.7855
0.021278666235094668   0.786
0.02128524604009352   0.7865
0.02129201153930671   0.787
0.02129320128281781   0.7875
0.021303271873079788   0.788
0.021309995979143848   0.7885
0.021330912033212135   0.789
0.021334403879557318   0.7895
0.021339338646480632   0.79
0.021350082334744266   0.7905
0.021383522181851328   0.791
0.021414479140125176   0.7915
0.021416509118262386   0.792
0.02143561862328358   0.7925
0.021459943015250074   0.793
0.02146736237816077   0.7935
0.021526550774722944   0.794
0.021591761020864852   0.7945
0.021632827735207985   0.795
0.021632989522812965   0.7955
0.021698961263286035   0.796
0.021714077533168966   0.7965
0.021744540129067194   0.797
0.021745011339730683   0.7975
0.02174960212015993   0.798
0.021754167604704708   0.7985
0.021791132118024484   0.799
0.021798852446720487   0.7995
0.021812131303845253   0.8
0.02182726650315564   0.8005
0.021831967445656866   0.801
0.021838751879104515   0.8015
0.021841344928920495   0.802
0.021841871811526817   0.8025
0.021846231886189796   0.803
0.02184746269926592   0.8035
0.021878738375283632   0.804
0.02188326825132321   0.8045
0.02188402065930113   0.805
0.02189556643313302   0.8055
0.021900945315697265   0.806
0.021915692444567328   0.8065
0.021923357699443605   0.807
0.02192347336865348   0.8075
0.02194618036774583   0.808
0.021949900629333288   0.8085
0.021958824639169608   0.809
0.02198361834755992   0.8095
0.021986686896322535   0.81
0.02198933408209887   0.8105
0.02202080407634066   0.811
0.022022214571055465   0.8115
0.022023294618207623   0.812
0.02202359460635439   0.8125
0.022023989727779414   0.813
0.022029891452522765   0.8135
0.022042501041070195   0.814
0.022043102089634004   0.8145
0.022043975529122406   0.815
0.022052137714214215   0.8155
0.022053118119665482   0.816
0.02206110935328165   0.8165
0.022061680335160094   0.817
0.02206197866117421   0.8175
0.02206389185510141   0.818
0.02206667994907452   0.8185
0.022072866183061438   0.819
0.022086075775726854   0.8195
0.022094309956603886   0.82
0.02209722965448757   0.8205
0.022099108804805923   0.821
0.022101472540949393   0.8215
0.022104383150802237   0.822
0.02210670275909077   0.8225
0.022111061467587095   0.823
0.022112764579412802   0.8235
0.022117623644454798   0.824
0.02212277258207121   0.8245
0.022127723536801147   0.825
0.022129598042322507   0.8255
0.022133825973623386   0.826
0.02213955054585079   0.8265
0.022145660669491307   0.827
0.022149257509838205   0.8275
0.022149871925027625   0.828
0.022157297923938668   0.8285
0.02216620895755872   0.829
0.022172506854555074   0.8295
0.02218532198589851   0.83
0.022199998096294582   0.8305
0.02220092678109059   0.831
0.022202719990812247   0.8315
0.022204493886736287   0.832
0.022207911316538875   0.8325
0.022215275855442737   0.833
0.022216018481547084   0.8335
0.02221745072237402   0.834
0.02222411608459568   0.8345
0.022224982797734577   0.835
0.022259523784424196   0.8355
0.022263955677471636   0.836
0.022270144013971926   0.8365
0.022272681431482144   0.837
0.022285800169232206   0.8375
0.022287385791739167   0.838
0.02229133478653844   0.8385
0.022291570880961897   0.839
0.022300587277101797   0.8395
0.022301502540722384   0.84
0.02230720025921526   0.8405
0.02232079605430634   0.841
0.022322571229622057   0.8415
0.022327624149539482   0.842
0.02233293915920065   0.8425
0.022343334667277115   0.843
0.022345424195069297   0.8435
0.02234932631240405   0.844
0.022349553055665605   0.8445
0.02240823620405019   0.845
0.022469271257315987   0.8455
0.022501818005845997   0.846
0.022587903311781787   0.8465
0.022600170418956803   0.847
0.022669805906285798   0.8475
0.02268573288875482   0.848
0.022694302616305964   0.8485
0.022696511239420833   0.849
0.02269926993675149   0.8495
0.022704230696540553   0.85
0.022727416263101888   0.8505
0.02275090459060637   0.851
0.022752947355924216   0.8515
0.022764914119844118   0.852
0.022778097950912013   0.8525
0.022778824506894238   0.853
0.02278397568767017   0.8535
0.02279143457239602   0.854
0.022800069119925354   0.8545
0.022812063927486984   0.855
0.022812368935571106   0.8555
0.02282128684170663   0.856
0.022832003546089677   0.8565
0.022835399048392005   0.857
0.022839728476681267   0.8575
0.022842772239434553   0.858
0.022848878580535484   0.8585
0.022853512378182075   0.859
0.022858880488928104   0.8595
0.022921980702267794   0.86
0.022939034999448646   0.8605
0.022942697534954218   0.861
0.022953083367012697   0.8615
0.0229650458065096   0.862
0.022968707181715384   0.8625
0.02297275373110215   0.863
0.022997423783246165   0.8635
0.023041299036211327   0.864
0.023055091403290706   0.8645
0.02306602860480439   0.865
0.023071359440761663   0.8655
0.0230862272354877   0.866
0.02311030999083552   0.8665
0.023115180556716464   0.867
0.02311874539937342   0.8675
0.02312344141680711   0.868
0.023125520073374428   0.8685
0.023128334906066583   0.869
0.023135480541613962   0.8695
0.02314653131029465   0.87
0.023148913098153368   0.8705
0.023149909525147283   0.871
0.023150810518171583   0.8715
0.023156910718539564   0.872
0.02315792996773869   0.8725
0.023161908387607566   0.873
0.023176939477988323   0.8735
0.023183497202558842   0.874
0.023183635330685348   0.8745
0.023186067233656307   0.875
0.023202147425669506   0.8755
0.02321065328149341   0.876
0.023215154568521523   0.8765
0.02323301385298071   0.877
0.023244910322598233   0.8775
0.023249880799984607   0.878
0.023254224347851626   0.8785
0.023294889384107814   0.879
0.023301582300141344   0.8795
0.02332700823164957   0.88
0.023332784271580587   0.8805
0.02337255236523439   0.881
0.023424983743649597   0.8815
0.023431368773597194   0.882
0.02344525279354155   0.8825
0.0234588286927655   0.883
0.023495674104924147   0.8835
0.02352276995941112   0.884
0.02354101848588598   0.8845
0.023564380208006552   0.885
0.02356778380713212   0.8855
0.023671929279113726   0.886
0.023682081304730596   0.8865
0.023701319634706966   0.887
0.023724739573594514   0.8875
0.023741864746277777   0.888
0.023743218940772387   0.8885
0.0237516534915458   0.889
0.02376474170899119   0.8895
0.023793258201624576   0.89
0.023804908712523845   0.8905
0.023822325018620985   0.891
0.02383527958424382   0.8915
0.023841795012468678   0.892
0.023852950142611587   0.8925
0.023858775694012194   0.893
0.023864581984139113   0.8935
0.02389157519743025   0.894
0.023925453714869357   0.8945
0.02393556332771625   0.895
0.023968022019501004   0.8955
0.02403399976442311   0.896
0.024036176898550032   0.8965
0.024048704375772334   0.897
0.024056691624164017   0.8975
0.024078170808750243   0.898
0.0240839644913593   0.8985
0.024105729789155317   0.899
0.02410992961083136   0.8995
0.024116249445134574   0.9
0.024125083218803356   0.9005
0.024132424295521843   0.901
0.02413911686604478   0.9015
0.024140552591603193   0.902
0.024155108646933265   0.9025
0.024156002231449314   0.903
0.02415820368254762   0.9035
0.024161492844487625   0.904
0.024188103086470902   0.9045
0.024193043806589043   0.905
0.024193928134834564   0.9055
0.024201843652918942   0.906
0.024202617698799833   0.9065
0.02420614864236248   0.907
0.024235752833508595   0.9075
0.02424436781194117   0.908
0.02427029417934068   0.9085
0.02427517751236606   0.909
0.024286546706603906   0.9095
0.024307749177182036   0.91
0.024314415449568583   0.9105
0.02432508591708249   0.911
0.024333155702010167   0.9115
0.024353729805817625   0.912
0.02444549150205899   0.9125
0.02445912363700753   0.913
0.024547176543760152   0.9135
0.02460509115639989   0.914
0.02468294149252688   0.9145
0.02468932481149709   0.915
0.024700464754196363   0.9155
0.02472205886568965   0.916
0.02479665273770877   0.9165
0.02480436618491487   0.917
0.024815147610480162   0.9175
0.024831481302221056   0.918
0.024838659995235005   0.9185
0.024845550809282177   0.919
0.02485944532033335   0.9195
0.024861666843015565   0.92
0.02486499023468687   0.9205
0.024869135280251267   0.921
0.024876997979528928   0.9215
0.024892082173206   0.922
0.024897835900353063   0.9225
0.02502264518060454   0.923
0.02502462897828539   0.9235
0.02502947949525791   0.924
0.02503364416933193   0.9245
0.02505530310339732   0.925
0.025085838574772007   0.9255
0.025091460439234048   0.926
0.025092304659709908   0.9265
0.025095363898344908   0.927
0.02509571217649846   0.9275
0.025100149258013182   0.928
0.02510307738375528   0.9285
0.025133897752330353   0.929
0.025156869700189294   0.9295
0.025179132311748204   0.93
0.02517934627389666   0.9305
0.025183157283737878   0.931
0.02519168249194348   0.9315
0.025202025683313783   0.932
0.02520924476065295   0.9325
0.02523023831455007   0.933
0.025232293731290267   0.9335
0.02525291243024891   0.934
0.02532880020580408   0.9345
0.02535207375179299   0.935
0.025367529897191765   0.9355
0.025380112273695438   0.936
0.02540369717238522   0.9365
0.025471965212372147   0.937
0.025657077843248832   0.9375
0.02570060519175328   0.938
0.025718694620537788   0.9385
0.02574359798646704   0.939
0.025764397689973836   0.9395
0.02577075658367224   0.94
0.02578138107697102   0.9405
0.02578692093489783   0.941
0.02582264536157837   0.9415
0.025845182147087656   0.942
0.025854230290933103   0.9425
0.025867309695449106   0.943
0.025888075495597754   0.9435
0.02592666838496334   0.944
0.025932005086288137   0.9445
0.02593436582914338   0.945
0.025939439368727737   0.9455
0.025961016586210042   0.946
0.02602922271795599   0.9465
0.026029736269957415   0.947
0.0260585690114411   0.9475
0.026094099944918403   0.948
0.026100018379135004   0.9485
0.02610180590311051   0.949
0.02610731142307121   0.9495
0.026122870706965742   0.95
0.02615102117660939   0.9505
0.026157748318985763   0.951
0.026157879361578096   0.9515
0.026173249526928122   0.952
0.02621680124651267   0.9525
0.026235652247341146   0.953
0.026288698673202937   0.9535
0.02629710927352591   0.954
0.026345170953176678   0.9545
0.026376089629978616   0.955
0.026645376820727387   0.9555
0.026815286185065526   0.956
0.0268549034778703   0.9565
0.026905654935145698   0.957
0.026909864719207963   0.9575
0.026935798685277915   0.958
0.0269548714995302   0.9585
0.027015511614103926   0.959
0.027023435689597197   0.9595
0.027032008698780294   0.96
0.02703407693945703   0.9605
0.02706291373468983   0.961
0.027128455375386107   0.9615
0.02714440738066251   0.962
0.02715285803908396   0.9625
0.0271872607461473   0.963
0.02720052066019829   0.9635
0.02721037310060964   0.964
0.02724354305812582   0.9645
0.027302286621609606   0.965
0.027357170240098927   0.9655
0.027406426615962348   0.966
0.0274341403881303   0.9665
0.027440855856025737   0.967
0.02746115275701977   0.9675
0.027734646721994285   0.968
0.027807897951688962   0.9685
0.027867941559694256   0.969
0.02788988701441654   0.9695
0.027909271195089527   0.97
0.028064282453880707   0.9705
0.02806782644430965   0.971
0.028071430436405143   0.9715
0.028098699998854726   0.972
0.028111848628972508   0.9725
0.028131515608335933   0.973
0.028207550361606062   0.9735
0.028279048395689357   0.974
0.02832414730025168   0.9745
0.028551583439507505   0.975
0.028562608486142893   0.9755
0.02876986939520261   0.976
0.02888631853276598   0.9765
0.02889723575552823   0.977
0.02912967318323323   0.9775
0.02917385458471411   0.978
0.02918379319999992   0.9785
0.02925407761051571   0.979
0.02925430401346152   0.9795
0.0292558636090543   0.98
0.029271767620589945   0.9805
0.02942834991083193   0.981
0.02962323761624447   0.9815
0.030083787100237236   0.982
0.03012212366797068   0.9825
0.030123575797049384   0.983
0.03013380482211747   0.9835
0.030159190173011496   0.984
0.03017175995864496   0.9845
0.030228686705628505   0.985
0.03023803714204898   0.9855
0.03026918929278412   0.986
0.030461926861495903   0.9865
0.03070504868385343   0.987
0.030824243947944696   0.9875
0.031047434755336556   0.988
0.03110922894668522   0.9885
0.03114692748860237   0.989
0.03118455416808663   0.9895
0.031187751989489976   0.99
0.03178052258566405   0.9905
0.031900537138369045   0.991
0.03207808676097079   0.9915
0.032085579310081824   0.992
0.03213757621185427   0.9925
0.032212943713367914   0.993
0.03227448679900902   0.9935
0.032802429481232645   0.994
0.033012706786258006   0.9945
0.03313307030170776   0.995
0.03323374286919201   0.9955
0.03402227449827494   0.996
0.03410131633428082   0.9965
0.03505151758568753   0.997
0.03512525684116878   0.9975
0.03546620134724826   0.998
0.03604734222960437   0.9985
0.03609236304100916   0.999
0.03724820487917113   0.9995
