0.0008017124232924449   0.0
0.0011305251071161073   0.0005
0.0017026494080881111   0.001
0.0017842209428333635   0.0015
0.0017856909669827167   0.002
0.0018554293016589817   0.0025
0.00196864425390677   0.003
0.0020172271362128387   0.0035
0.0020266095018213475   0.004
0.0021222065957996602   0.0045
0.0021636336151111954   0.005
0.0021991077721243758   0.0055
0.002256383863929215   0.006
0.0022700072055884743   0.0065
0.002349949754380665   0.007
0.0023926459805103974   0.0075
0.0024140158290735267   0.008
0.002426047603213911   0.0085
0.002470100409555245   0.009
0.0024709075972272044   0.0095
0.002478790527514919   0.01
0.0025083321361210396   0.0105
0.0025238576919835915   0.011
0.0025334235266761046   0.0115
0.0025472779958417174   0.012
0.0025593264368526185   0.0125
0.002595312313651747   0.013
0.0026134825533420834   0.0135
0.002627004710881628   0.014
0.002651880000594033   0.0145
0.00265221985496937   0.015
0.002662915334539577   0.0155
0.0026918020851557653   0.016
0.0026979607521284118   0.0165
0.0026988443114649143   0.017
0.002723896366811912   0.0175
0.0027308231636413963   0.018
0.0027436036175418977   0.0185
0.0027692593013213013   0.019
0.002775722120720739   0.0195
0.0027766350567629446   0.02
0.0028189660457005866   0.0205
0.0028324829879295675   0.021
0.002864625992133591   0.0215
0.0029224507680847577   0.022
0.002996529952453868   0.0225
0.00300189774464114   0.023
0.0030051137401767023   0.0235
0.0030061161384303888   0.024
0.003020927007843907   0.0245
0.0030293937230077886   0.025
0.003043502376539218   0.0255
0.0030611383376253627   0.026
0.0030814155863075786   0.0265
0.0031035244683998873   0.027
0.0031212936695569626   0.0275
0.003131542969317442   0.028
0.003149666637048137   0.0285
0.003187016445063374   0.029
0.003219221318620885   0.0295
0.003232821147738007   0.03
0.0032548096195518534   0.0305
0.0032725874871864205   0.031
0.003296291665834243   0.0315
0.0033431234443043866   0.032
0.0033493390189014613   0.0325
0.003366387739622451   0.033
0.003402960665522904   0.0335
0.0034152734304002544   0.034
0.0034200805662850434   0.0345
0.003454864785077011   0.035
0.003478665851691343   0.0355
0.003519040578070316   0.036
0.0035346116484440914   0.0365
0.003542882230951861   0.037
0.00354438339833112   0.0375
0.0035478415296727587   0.038
0.0035846148447857655   0.0385
0.0035871094200466717   0.039
0.003587842059868586   0.0395
0.003593189734181228   0.04
0.0036032787207230413   0.0405
0.0036145825821265513   0.041
0.0036294474865354435   0.0415
0.0036385674473426153   0.042
0.0036533945617880166   0.0425
0.0036886786457177414   0.043
0.0036905783904346884   0.0435
0.003707978483454892   0.044
0.0037129311828540744   0.0445
0.003750487822415771   0.045
0.0037513896103566133   0.0455
0.003764886809290091   0.046
0.0037814770855170675   0.0465
0.003781564498007178   0.047
0.0037938720593672236   0.0475
0.0038237705822434394   0.048
0.003841548182667656   0.0485
0.0038469571005812857   0.049
0.0038597396386604536   0.0495
0.003861804831403501   0.05
0.0038741301967249167   0.0505
0.003879080686660067   0.051
0.003894399189574643   0.0515
0.0038980285966601696   0.052
0.0039031099404225355   0.0525
0.003917588607616388   0.053
0.003918702618025915   0.0535
0.003932670250297997   0.054
0.003933314833841292   0.0545
0.003958292535794897   0.055
0.003960660051606325   0.0555
0.00396365848726529   0.056
0.003983311849691785   0.0565
0.003988178518152906   0.057
0.003996033361004274   0.0575
0.004018688887435255   0.058
0.004022674427482506   0.0585
0.004023724802487722   0.059
0.004033470498930349   0.0595
0.004053668211532839   0.06
0.004063884132478601   0.0605
0.00406963026405536   0.061
0.0040792212998383695   0.0615
0.00409956932531232   0.062
0.004106413200451845   0.0625
0.004117706717873992   0.063
0.004140770809234108   0.0635
0.004153645644280949   0.064
0.004179834958830373   0.0645
0.004180141523149648   0.065
0.004192168019244549   0.0655
0.004192827672859947   0.066
0.004198438590797417   0.0665
0.004208249896690604   0.067
0.004209197408205868   0.0675
0.004217449784792168   0.068
0.004225879071069237   0.0685
0.004240386021705699   0.069
0.004241067806583734   0.0695
0.004246762294662334   0.07
0.004264714245468019   0.0705
0.004266410258377619   0.071
0.004268006483561095   0.0715
0.004268908947484241   0.072
0.004269882483642153   0.0725
0.00428602760743711   0.073
0.004288712308045124   0.0735
0.004293011441552965   0.074
0.004295708361156018   0.0745
0.004303847136368865   0.075
0.004312093333155678   0.0755
0.004321499571536126   0.076
0.004323312725505541   0.0765
0.004343900347455418   0.077
0.004346228684147028   0.0775
0.004388877870159886   0.078
0.004393618319757578   0.0785
0.004398308779166429   0.079
0.004408018673075396   0.0795
0.004430109312196539   0.08
0.0044401976734309775   0.0805
0.004452917492888413   0.081
0.004461718968053105   0.0815
0.004465309439726098   0.082
0.004472730924847843   0.0825
0.0044792835493795684   0.083
0.004480614244283785   0.0835
0.004498242341430338   0.084
0.004501508602483365   0.0845
0.004506237607520138   0.085
0.004518769813938443   0.0855
0.004520793990695194   0.086
0.004530819349734009   0.0865
0.00455706202331369   0.087
0.0045649217277540545   0.0875
0.00456993659441786   0.088
0.004570952450225716   0.0885
0.004583898423921325   0.089
0.004584250262556185   0.0895
0.004611411265752276   0.09
0.004646104373252553   0.0905
0.004646145424327731   0.091
0.00464930600933349   0.0915
0.004664923955767413   0.092
0.004668855768723016   0.0925
0.00467414586121911   0.093
0.004685685300636341   0.0935
0.0046927000675201095   0.094
0.004706720403772967   0.0945
0.00471865185058317   0.095
0.004723409464844539   0.0955
0.004731886853387228   0.096
0.004733333840793892   0.0965
0.004739039360562375   0.097
0.004740111306811221   0.0975
0.004751785759846488   0.098
0.004758859631622408   0.0985
0.004760561882149031   0.099
0.00477417085938756   0.0995
0.00477863863931835   0.1
0.004782608682168484   0.1005
0.004794016179002287   0.101
0.0048068285217084325   0.1015
0.0048068789427920715   0.102
0.004816390442619093   0.1025
0.004821232545680826   0.103
0.004847924551674246   0.1035
0.0048572409868450975   0.104
0.00486838701310904   0.1045
0.004870261632087839   0.105
0.0048727118051723195   0.1055
0.004874614485713932   0.106
0.0048770429510356286   0.1065
0.004886738489614071   0.107
0.004899528744698598   0.1075
0.0049012329266287374   0.108
0.00491109514645781   0.1085
0.00491882916363339   0.109
0.004929198877481692   0.1095
0.004934550945834833   0.11
0.004937589530254573   0.1105
0.004940326020425434   0.111
0.004946930170262678   0.1115
0.004949391839590669   0.112
0.004953613214542432   0.1125
0.004962339400630069   0.113
0.004963381320566663   0.1135
0.0049851151029716816   0.114
0.004992720811216754   0.1145
0.0049936448203516315   0.115
0.004999993878200944   0.1155
0.00501021396583743   0.116
0.00501165109524568   0.1165
0.005012553055650713   0.117
0.005019120943414947   0.1175
0.005027853670238   0.118
0.005033308397675145   0.1185
0.005062116790202144   0.119
0.00506967644516098   0.1195
0.0050742716055978115   0.12
0.005078822924167714   0.1205
0.005082347017551314   0.121
0.005095579727687639   0.1215
0.00509815029981518   0.122
0.005098658025063171   0.1225
0.005101392381798938   0.123
0.005115418415200688   0.1235
0.005118394438989836   0.124
0.005126872391315829   0.1245
0.005128508521301785   0.125
0.00513687963211823   0.1255
0.005144033345624092   0.126
0.005152605464756474   0.1265
0.005174120988006054   0.127
0.00518149408672334   0.1275
0.005185003516985453   0.128
0.005186694478400161   0.1285
0.0052041557271090685   0.129
0.005204917808172644   0.1295
0.005208998381075357   0.13
0.005220570951400847   0.1305
0.005223031721117553   0.131
0.00523249893800078   0.1315
0.00523273684242765   0.132
0.005237739935601144   0.1325
0.0052402543384348155   0.133
0.005241279205042214   0.1335
0.005244008752453934   0.134
0.00524549594965908   0.1345
0.005257323876280018   0.135
0.0052597949086850004   0.1355
0.0052743522228559415   0.136
0.005291421954597899   0.1365
0.005294089123524713   0.137
0.005298321684071475   0.1375
0.0053009329631785816   0.138
0.005303132912761483   0.1385
0.005304047108531243   0.139
0.005323491490197667   0.1395
0.005328573684942312   0.14
0.005334943558529543   0.1405
0.0053351233187815105   0.141
0.005337903539335796   0.1415
0.0053451452743645544   0.142
0.005350202354059326   0.1425
0.00535295601795007   0.143
0.005356787774360279   0.1435
0.0053613649905266975   0.144
0.0053632608933727125   0.1445
0.005364954278604321   0.145
0.005377470178757229   0.1455
0.005381825255868529   0.146
0.005383416776224809   0.1465
0.005384121438448174   0.147
0.00540237112528159   0.1475
0.005404014891905822   0.148
0.005410733597736448   0.1485
0.005416319944378191   0.149
0.00541653581869831   0.1495
0.005427154499773744   0.15
0.00542773147054284   0.1505
0.005432228576263659   0.151
0.00543607242120115   0.1515
0.005439085672326144   0.152
0.00544334662425368   0.1525
0.005448390032562636   0.153
0.005455191442809184   0.1535
0.00546044768693906   0.154
0.005478474018714387   0.1545
0.0054858809538236   0.155
0.005492003501687391   0.1555
0.005500459860348878   0.156
0.005509453750041539   0.1565
0.005519501176325804   0.157
0.005521431590718383   0.1575
0.005532243005373749   0.158
0.005542168420624524   0.1585
0.00556165493492258   0.159
0.00557020393924255   0.1595
0.005574369077238242   0.16
0.005577204620362818   0.1605
0.005578511508825486   0.161
0.00558064752715742   0.1615
0.005588272250064173   0.162
0.005614984291550617   0.1625
0.0056194851075142115   0.163
0.005627306746450559   0.1635
0.005629254893383463   0.164
0.0056585568935151355   0.1645
0.005660733519340218   0.165
0.005664379696753683   0.1655
0.005671012563596505   0.166
0.005680151083294384   0.1665
0.005685517485587897   0.167
0.005694663084187247   0.1675
0.005702515549709046   0.168
0.005702582792925267   0.1685
0.0057113397061794875   0.169
0.005719192477837323   0.1695
0.00572034888783717   0.17
0.005748931581256905   0.1705
0.0057521343279746135   0.171
0.005755797812377738   0.1715
0.005766386177511225   0.172
0.005796854314988527   0.1725
0.005821873266326261   0.173
0.005823862743825282   0.1735
0.005832071339360957   0.174
0.005832078885251016   0.1745
0.005834006963950254   0.175
0.005837378189186986   0.1755
0.005839230280472313   0.176
0.005839657391805604   0.1765
0.005851749212269831   0.177
0.005886356873231757   0.1775
0.005887187590358584   0.178
0.005889800287658619   0.1785
0.005894791638634171   0.179
0.005901418554473536   0.1795
0.00590574377139984   0.18
0.005909670412394161   0.1805
0.005914600862046368   0.181
0.0059242007084575705   0.1815
0.0059265508729872685   0.182
0.00592870142466991   0.1825
0.005930701056908772   0.183
0.005956504842536817   0.1835
0.005964249189933246   0.184
0.005965130640075956   0.1845
0.005966080546252821   0.185
0.005974669968977385   0.1855
0.005982126532074891   0.186
0.005987136039185237   0.1865
0.005990566837803094   0.187
0.005997805296272003   0.1875
0.006008347657530459   0.188
0.006017034497328417   0.1885
0.006020014240468425   0.189
0.006022865116944225   0.1895
0.006027286121061406   0.19
0.006028507331149026   0.1905
0.006031250326925323   0.191
0.0060370296356788925   0.1915
0.006038005116040966   0.192
0.0060398945554904415   0.1925
0.0060401272838226175   0.193
0.006043606876357654   0.1935
0.006045591481457125   0.194
0.00605677031895718   0.1945
0.006075928714141856   0.195
0.006082798248798748   0.1955
0.00608769319741814   0.196
0.0060919143795313355   0.1965
0.006102418790868616   0.197
0.006125204863328685   0.1975
0.006128038096304258   0.198
0.00612981587396115   0.1985
0.006131432839677914   0.199
0.006132807716997604   0.1995
0.006133770926217555   0.2
0.006135714200887833   0.2005
0.006139719401897274   0.201
0.006142050769518663   0.2015
0.0061420546493131545   0.202
0.006143798367521439   0.2025
0.006144671158978857   0.203
0.0061460518803395404   0.2035
0.00615617391702173   0.204
0.006157852835742735   0.2045
0.006160617477576119   0.205
0.006160666014901879   0.2055
0.006170720714325043   0.206
0.006176446021676643   0.2065
0.006184561638672409   0.207
0.006190193329755557   0.2075
0.0061948297237015984   0.208
0.006195423170921505   0.2085
0.0062041652064167814   0.209
0.006207213248872989   0.2095
0.006220629376013972   0.21
0.006231143506543507   0.2105
0.006234842667120394   0.211
0.0062494621114034254   0.2115
0.0062494648020497   0.212
0.006249469707792601   0.2125
0.006252789530668913   0.213
0.006259203551525505   0.2135
0.00626616040979506   0.214
0.006267279858812   0.2145
0.006271005659469016   0.215
0.006271044515049417   0.2155
0.006272192948696415   0.216
0.006273500480744182   0.2165
0.0062867141433208045   0.217
0.006296442800376029   0.2175
0.006300042999587433   0.218
0.006307534374224567   0.2185
0.00631818078076252   0.219
0.0063207547865510305   0.2195
0.006323744034186507   0.22
0.0063358237143057135   0.2205
0.006349680037756434   0.221
0.006360149640390261   0.2215
0.006362055719334878   0.222
0.006368163525795233   0.2225
0.006379177063052046   0.223
0.006388172431307869   0.2235
0.006397473682311914   0.224
0.00639784713924899   0.2245
0.0064095451085111966   0.225
0.006410739737388689   0.2255
0.00641432363186594   0.226
0.006424956309620569   0.2265
0.006431508973928816   0.227
0.006444625972913987   0.2275
0.006445673837045474   0.228
0.006446197768608829   0.2285
0.006451037433945616   0.229
0.0064514640088918235   0.2295
0.006453706505623337   0.23
0.0064595076864621   0.2305
0.006462178379252848   0.231
0.00646866097759966   0.2315
0.006476465857336018   0.232
0.0064768395285252234   0.2325
0.0064818142254205   0.233
0.006485168329588557   0.2335
0.006491713170623626   0.234
0.006510305942567581   0.2345
0.006513994781557486   0.235
0.006527113445110594   0.2355
0.0065277787444874315   0.236
0.006529340645517743   0.2365
0.00653180728555201   0.237
0.006534238692769817   0.2375
0.006534480202846086   0.238
0.006540666599679857   0.2385
0.006540871710822076   0.239
0.0065444511996233   0.2395
0.006546546072697732   0.24
0.006558796326756841   0.2405
0.0065592509830077915   0.241
0.006562450592249948   0.2415
0.006562858349769623   0.242
0.0065755296212155236   0.2425
0.006581708653881533   0.243
0.0065898209636306125   0.2435
0.0065914893428062294   0.244
0.006592428302018486   0.2445
0.006601915120165918   0.245
0.006604285740717402   0.2455
0.006605602779724805   0.246
0.0066108793720489716   0.2465
0.006613060187224514   0.247
0.006613667799960551   0.2475
0.0066168332734442125   0.248
0.006619117595910647   0.2485
0.00661988225482194   0.249
0.006625151422253174   0.2495
0.006632518093998816   0.25
0.006638446515926235   0.2505
0.006639652361498013   0.251
0.006641330140544999   0.2515
0.0066428694834612554   0.252
0.00664663498495152   0.2525
0.006650214108048369   0.253
0.006651399322997028   0.2535
0.006653404613217592   0.254
0.006656581367181308   0.2545
0.0066638594952829555   0.255
0.0066750486418532245   0.2555
0.006677915088322385   0.256
0.006683726625427995   0.2565
0.006698176772073376   0.257
0.006701406044622129   0.2575
0.00670244037468158   0.258
0.006707770486916939   0.2585
0.006725454367024984   0.259
0.00673247530539591   0.2595
0.00673615304866755   0.26
0.006738018808614467   0.2605
0.006741918661389953   0.261
0.0067458651885608945   0.2615
0.0067526952445717174   0.262
0.006758092920576065   0.2625
0.0067585417709218444   0.263
0.006766929500350941   0.2635
0.0067687149543230575   0.264
0.006769206541210551   0.2645
0.006770567254906514   0.265
0.006779178211750396   0.2655
0.006779285911324294   0.266
0.006790892990839388   0.2665
0.006798301462804624   0.267
0.006801672027136686   0.2675
0.006808750621078489   0.268
0.0068094943743137225   0.2685
0.006810976827143576   0.269
0.006812786600646031   0.2695
0.006813310101246258   0.27
0.006818541775681907   0.2705
0.006830101051838013   0.271
0.006832218850090034   0.2715
0.006839471850883989   0.272
0.006839610121706844   0.2725
0.006847677211207045   0.273
0.006859128527790467   0.2735
0.006862556627269002   0.274
0.006879768123848554   0.2745
0.00689321001609456   0.275
0.00689341605899295   0.2755
0.006902375186033604   0.276
0.006902815346452338   0.2765
0.0069114373844255264   0.277
0.0069161243117445105   0.2775
0.006917732283805518   0.278
0.006933340021635166   0.2785
0.006933694649370839   0.279
0.006939374718602631   0.2795
0.0069457833225985924   0.28
0.006945940755542297   0.2805
0.0069466207008755014   0.281
0.006948257215075053   0.2815
0.006964203491810081   0.282
0.006969296325926584   0.2825
0.006977350931462197   0.283
0.0069820831174371035   0.2835
0.006983110008899529   0.284
0.006983613988599046   0.2845
0.006994755040523499   0.285
0.007004168521379284   0.2855
0.0070164096609775135   0.286
0.0070185538531553696   0.2865
0.00701922487620058   0.287
0.00702542015106369   0.2875
0.007026682492521982   0.288
0.007028813126723159   0.2885
0.00704151260130499   0.289
0.007045167416429261   0.2895
0.007046132969503391   0.29
0.007051398091398445   0.2905
0.007057071648464455   0.291
0.007062940200542818   0.2915
0.0070700453497466054   0.292
0.007080488000571446   0.2925
0.00708313909985151   0.293
0.007088415277660315   0.2935
0.007088522101893783   0.294
0.007092424193629205   0.2945
0.007094403769013676   0.295
0.0070972535124904455   0.2955
0.007120504816711339   0.296
0.007120567107214041   0.2965
0.007121835949109087   0.297
0.007123134838798168   0.2975
0.007127452057432058   0.298
0.007134711861416054   0.2985
0.00713503605022492   0.299
0.007137801381182883   0.2995
0.007145224476429966   0.3
0.00714662274595476   0.3005
0.007165489038279757   0.301
0.007170651784305026   0.3015
0.0071734483523076325   0.302
0.007176532124845   0.3025
0.007178821066468454   0.303
0.007185241954397663   0.3035
0.007190455944015242   0.304
0.00719074946475038   0.3045
0.007192238376508889   0.305
0.007192584312227067   0.3055
0.007193201715684519   0.306
0.007219459788322367   0.3065
0.007243900847664732   0.307
0.007254849827252404   0.3075
0.0072550358604946165   0.308
0.007260514431719647   0.3085
0.007260743922669711   0.309
0.007261488891314174   0.3095
0.0072620340000600645   0.31
0.0072641395866005435   0.3105
0.007267270740245796   0.311
0.0072712607151672595   0.3115
0.007275835059547253   0.312
0.007275969095680462   0.3125
0.007278223204210585   0.313
0.007284286925666506   0.3135
0.00728799792851691   0.314
0.007291506525066288   0.3145
0.007293973713130451   0.315
0.007300274179169184   0.3155
0.007310452885881256   0.316
0.007310750423518862   0.3165
0.007314346144672311   0.317
0.0073183186928249015   0.3175
0.007319402371141176   0.318
0.007323899011777367   0.3185
0.007324625290845574   0.319
0.007326793740628221   0.3195
0.00732835908070361   0.32
0.007349789589826377   0.3205
0.007356797352767275   0.321
0.007371878490060763   0.3215
0.007372580582553261   0.322
0.007384177588133211   0.3225
0.007384243969686104   0.323
0.00738474757888887   0.3235
0.0073848451889841436   0.324
0.007389161648988442   0.3245
0.007396548347123402   0.325
0.007409980675444608   0.3255
0.007411184482993467   0.326
0.0074114261482965925   0.3265
0.007413235082059555   0.327
0.007415154688991896   0.3275
0.007416244600038701   0.328
0.007424982358178962   0.3285
0.007425895116874717   0.329
0.007432593276359874   0.3295
0.007434972351186704   0.33
0.007436558648063495   0.3305
0.007438354530395086   0.331
0.007445591242422597   0.3315
0.007449410275240596   0.332
0.007451865232548924   0.3325
0.007471517268376911   0.333
0.007473972605043132   0.3335
0.007476988366624775   0.334
0.007486314889611805   0.3345
0.007488668051483884   0.335
0.0074941303176137555   0.3355
0.007516991067669421   0.336
0.007521318767348248   0.3365
0.007526821572184125   0.337
0.007530538229162879   0.3375
0.007540351102979377   0.338
0.007544631605400427   0.3385
0.00754910646386938   0.339
0.007579755608010714   0.3395
0.0075851900530072664   0.34
0.007590156168455615   0.3405
0.007597178121853157   0.341
0.007599234326051257   0.3415
0.007609243772213597   0.342
0.007610660220473586   0.3425
0.00761551965081636   0.343
0.007617167425245837   0.3435
0.0076217055955260255   0.344
0.007630088511010165   0.3445
0.007640012877601819   0.345
0.007646064219002248   0.3455
0.00765816277521512   0.346
0.007661783639187043   0.3465
0.007663570411185603   0.347
0.0076694218743700825   0.3475
0.007678121787935889   0.348
0.007679987976990951   0.3485
0.007683029066407487   0.349
0.007685885621271074   0.3495
0.0076895742633590215   0.35
0.007695602620114623   0.3505
0.007697693092828634   0.351
0.0076995390985405395   0.3515
0.00770155536104253   0.352
0.007703646893949912   0.3525
0.007707579095240048   0.353
0.007708723663711537   0.3535
0.007710223665503555   0.354
0.0077222369866616495   0.3545
0.007723947635033441   0.355
0.007737920721788496   0.3555
0.007742249029966201   0.356
0.007747395113172895   0.3565
0.007747920822154626   0.357
0.007750277651745954   0.3575
0.007756111637104947   0.358
0.007757394480505216   0.3585
0.007771384960311947   0.359
0.007778563599964038   0.3595
0.007779006532326965   0.36
0.007785057209152875   0.3605
0.007787980540904448   0.361
0.007795214247378427   0.3615
0.007795639161641959   0.362
0.007799170984180129   0.3625
0.00780119902282224   0.363
0.007817137472541345   0.3635
0.007827571452867076   0.364
0.007829510754665496   0.3645
0.00784146390640268   0.365
0.007845723076684769   0.3655
0.007868498893873201   0.366
0.00787211111095093   0.3665
0.0078726269564108   0.367
0.007883725273547868   0.3675
0.007885486868895543   0.368
0.007886192106664016   0.3685
0.007899797874457371   0.369
0.007907019756201327   0.3695
0.007907808896407605   0.37
0.007909662933297987   0.3705
0.007917084451415693   0.371
0.007933102305205712   0.3715
0.00794585324770292   0.372
0.007952525932872538   0.3725
0.007956892285977332   0.373
0.007963757066559099   0.3735
0.007978984496923667   0.374
0.007987407752595887   0.3745
0.007996989080216458   0.375
0.008006007881839956   0.3755
0.008007210028519934   0.376
0.008015506700033117   0.3765
0.008017734883823667   0.377
0.008018815879072584   0.3775
0.00802038582996512   0.378
0.008020832590591694   0.3785
0.00803077452619704   0.379
0.008034935682134424   0.3795
0.00803690020100698   0.38
0.008038114215011235   0.3805
0.00803892764628337   0.381
0.008042198107484659   0.3815
0.008042603890197562   0.382
0.008043840307558038   0.3825
0.008047568961350213   0.383
0.008049301106196201   0.3835
0.008054100324198725   0.384
0.00806516843826694   0.3845
0.008067607461793557   0.385
0.00806879391901739   0.3855
0.008070547198556488   0.386
0.008072833534193878   0.3865
0.008079223373469037   0.387
0.008079338287069986   0.3875
0.008090000172152093   0.388
0.008102591221777141   0.3885
0.008113576719336022   0.389
0.008118903512870144   0.3895
0.008124381688026596   0.39
0.008129876363648599   0.3905
0.008130831482852227   0.391
0.008132459312237437   0.3915
0.00814040009133946   0.392
0.008151256398161338   0.3925
0.008151903019502919   0.393
0.00815837077495088   0.3935
0.00815954570549954   0.394
0.008166126942787046   0.3945
0.008169900021405377   0.395
0.00817160891787337   0.3955
0.008181288388200309   0.396
0.008182510029211727   0.3965
0.008187252951187251   0.397
0.008189536641795683   0.3975
0.008196316037331196   0.398
0.008203964509978911   0.3985
0.008211995540431272   0.399
0.008219583442635254   0.3995
0.008220282909936913   0.4
0.008223415709220718   0.4005
0.008225766350445498   0.401
0.008228473889469845   0.4015
0.008237642454177675   0.402
0.008243514063120565   0.4025
0.008243745858933598   0.403
0.00825289043772943   0.4035
0.008253436897252431   0.404
0.008253852860357234   0.4045
0.008257325215501456   0.405
0.008261506019869792   0.4055
0.008268476101710031   0.406
0.00827123789725365   0.4065
0.008277662788873496   0.407
0.008278086569299632   0.4075
0.008281122434071062   0.408
0.008283546600408379   0.4085
0.008295801526371506   0.409
0.008303816071147892   0.4095
0.008307507117154065   0.41
0.008312411867178349   0.4105
0.00831642047002496   0.411
0.008323249955934423   0.4115
0.008327209409835275   0.412
0.008329513440234986   0.4125
0.008330672978204674   0.413
0.008331544869468337   0.4135
0.008349219547807894   0.414
0.008350598996604718   0.4145
0.008353600899942512   0.415
0.008365186012185805   0.4155
0.008365234491249547   0.416
0.008372656167716219   0.4165
0.0083869580486259   0.417
0.008388470382339187   0.4175
0.008390936634941466   0.418
0.008391143256924244   0.4185
0.008391184889801374   0.419
0.008431469605250552   0.4195
0.008432781065410545   0.42
0.008433527759805914   0.4205
0.008436312681352   0.421
0.00843637663120202   0.4215
0.00844572283239603   0.422
0.008451121367141285   0.4225
0.008454957792409085   0.423
0.008474290562371619   0.4235
0.008488569800637688   0.424
0.00849571226931692   0.4245
0.008503641728639957   0.425
0.008506176249224569   0.4255
0.008507924210984206   0.426
0.00850859239916466   0.4265
0.00850990541426577   0.427
0.008511040756600148   0.4275
0.008517888392624087   0.428
0.008527478252356455   0.4285
0.008530728349088516   0.429
0.00853425637930991   0.4295
0.008534577903580365   0.43
0.008536477153554427   0.4305
0.008537281837501801   0.431
0.0085404837607455   0.4315
0.008548997957655124   0.432
0.008584060186141825   0.4325
0.008586836956307414   0.433
0.008588275216314148   0.4335
0.008592179725401014   0.434
0.008602852606283268   0.4345
0.008606342413972035   0.435
0.008608661223845824   0.4355
0.008610411230355412   0.436
0.008612233657901317   0.4365
0.00861917708455805   0.437
0.00862502508290822   0.4375
0.008633898985978564   0.438
0.008635358518864633   0.4385
0.008637951823021173   0.439
0.008648728380017198   0.4395
0.008655709636656319   0.44
0.008658450525236602   0.4405
0.008660878393866409   0.441
0.008663477029187659   0.4415
0.008672418876937286   0.442
0.0086776901336192   0.4425
0.008687832726224547   0.443
0.008696707566266917   0.4435
0.008698479227585282   0.444
0.00870266410371985   0.4445
0.00871146514647459   0.445
0.00871267671460485   0.4455
0.008716436197709726   0.446
0.008724388882796152   0.4465
0.008728343964804115   0.447
0.008734482781645427   0.4475
0.008735523826197567   0.448
0.008738437347464453   0.4485
0.008739745504903768   0.449
0.008746747038765363   0.4495
0.008750264094497383   0.45
0.008750827433764515   0.4505
0.008751436283501038   0.451
0.008763387244361634   0.4515
0.00876552497201418   0.452
0.008777690664086285   0.4525
0.008781833993184303   0.453
0.008785098896712053   0.4535
0.008790363381886815   0.454
0.008797363220926514   0.4545
0.008802012482620867   0.455
0.00880320784256818   0.4555
0.008809110723447266   0.456
0.008838493756703026   0.4565
0.008840143631018944   0.457
0.008841225750665224   0.4575
0.00884318064064948   0.458
0.008848323339300988   0.4585
0.008851026694864476   0.459
0.008858930847017811   0.4595
0.008867784790176613   0.46
0.00886990988717624   0.4605
0.008873239692457029   0.461
0.008874829780304261   0.4615
0.008878214144602452   0.462
0.008882012142198416   0.4625
0.008885579450863023   0.463
0.008887574477648414   0.4635
0.008900745703304186   0.464
0.008903924811573222   0.4645
0.008906874532596507   0.465
0.008908073163653727   0.4655
0.008909322911911755   0.466
0.008927062598826647   0.4665
0.008929526806775417   0.467
0.00892975743787086   0.4675
0.008931715946076162   0.468
0.008936706027070094   0.4685
0.008939436863095838   0.469
0.008940078627550373   0.4695
0.008959843983194786   0.47
0.008960488478722316   0.4705
0.008962888517413227   0.471
0.008970798698123169   0.4715
0.008973691878010065   0.472
0.008973882427628055   0.4725
0.008978668384175874   0.473
0.008985933510923388   0.4735
0.008989782168098901   0.474
0.008991340986910045   0.4745
0.00899363281401088   0.475
0.008994806196671964   0.4755
0.008998943760039957   0.476
0.0090088047381431   0.4765
0.009010465608521407   0.477
0.009015793644124732   0.4775
0.009021966786071423   0.478
0.009025422145735566   0.4785
0.00902899698186219   0.479
0.009034432895233422   0.4795
0.009035780352170984   0.48
0.00903918684746901   0.4805
0.009040305420346976   0.481
0.009054429964332637   0.4815
0.009056909220798425   0.482
0.009057535992956915   0.4825
0.009057790302555081   0.483
0.0090852956323891   0.4835
0.009085659533616265   0.484
0.009094778963947482   0.4845
0.009102995098470457   0.485
0.009117908784733456   0.4855
0.009118372073983009   0.486
0.009119900834056796   0.4865
0.009120305881347381   0.487
0.009130854763122502   0.4875
0.009132984673834034   0.488
0.009136384297707974   0.4885
0.00914076421736984   0.489
0.009142026456921037   0.4895
0.009148386831281758   0.49
0.009152229305266968   0.4905
0.009161546248026542   0.491
0.009175567867958678   0.4915
0.009177743986271324   0.492
0.009212997365002168   0.4925
0.009216049433472564   0.493
0.009218503599441118   0.4935
0.009218711012589887   0.494
0.00922481214497261   0.4945
0.009226661189595815   0.495
0.009233557252521105   0.4955
0.009235832834905382   0.496
0.009251618054221904   0.4965
0.009254297233726949   0.497
0.009257203887691997   0.4975
0.00925813191361364   0.498
0.00927257911040304   0.4985
0.009274759069351355   0.499
0.009281739959624228   0.4995
0.009285863590948717   0.5
0.009285905246591489   0.5005
0.009293182937238407   0.501
0.009298939413656998   0.5015
0.009301647260951859   0.502
0.009312589957397125   0.5025
0.009315460549475352   0.503
0.009330381757057549   0.5035
0.00934082334234794   0.504
0.009347593543104734   0.5045
0.009349043847199262   0.505
0.00936848739836781   0.5055
0.009372842914572311   0.506
0.009377387098535559   0.5065
0.00938123787947871   0.507
0.009382124373666237   0.5075
0.009383334937391755   0.508
0.009395334614792344   0.5085
0.009397723756764566   0.509
0.009401001759666327   0.5095
0.009406523508515879   0.51
0.009417066996686884   0.5105
0.009425471623699097   0.511
0.009430282621092075   0.5115
0.009434646968200525   0.512
0.009436019296633527   0.5125
0.00945135017521383   0.513
0.00946048666170733   0.5135
0.009461302073586576   0.514
0.009468973753208142   0.5145
0.009472201689052762   0.515
0.009486084431409697   0.5155
0.0094874326798813   0.516
0.009497063035904573   0.5165
0.00950040033510702   0.517
0.009506900492864631   0.5175
0.00951742794642874   0.518
0.009519481647701345   0.5185
0.009521834730156333   0.519
0.009522106228867896   0.5195
0.009522851206863043   0.52
0.009525661120340784   0.5205
0.009526640625468378   0.521
0.009528648639101061   0.5215
0.009530042183318042   0.522
0.009536345733954739   0.5225
0.009537569907753037   0.523
0.009538965528647475   0.5235
0.00954337889292771   0.524
0.00954481770935465   0.5245
0.009546188411255036   0.525
0.009559668607371652   0.5255
0.009563810346687676   0.526
0.009573687914251375   0.5265
0.009581600140133898   0.527
0.009582649827780081   0.5275
0.009586924138095403   0.528
0.009594435957607924   0.5285
0.009596928003906815   0.529
0.009600165561567705   0.5295
0.009602807666068445   0.53
0.009607384658633925   0.5305
0.009608847476840439   0.531
0.009611736338217583   0.5315
0.009635790792124682   0.532
0.00963602264610427   0.5325
0.009636960226545407   0.533
0.009644940512855278   0.5335
0.009645303235205372   0.534
0.00965006372430317   0.5345
0.009650221322509516   0.535
0.009651393437465936   0.5355
0.009656472272590932   0.536
0.009661487916732991   0.5365
0.009663671938818924   0.537
0.00966467709843477   0.5375
0.00966523410424659   0.538
0.009668581167804889   0.5385
0.009678536200245355   0.539
0.009682440282853817   0.5395
0.009696161192592676   0.54
0.009697751525733603   0.5405
0.009699897137330658   0.541
0.009701285224559134   0.5415
0.009708916314426497   0.542
0.009713879630266204   0.5425
0.009717856542955821   0.543
0.009718456683443828   0.5435
0.009728479188756776   0.544
0.00973600342289963   0.5445
0.00973974431608319   0.545
0.009742887167134487   0.5455
0.009747060854987364   0.546
0.009747110747510616   0.5465
0.009749857096965195   0.547
0.009751880055775965   0.5475
0.009754395314077546   0.548
0.009755589864316724   0.5485
0.009756184934872342   0.549
0.009760569107389263   0.5495
0.009766976094636597   0.55
0.009772179174882791   0.5505
0.009782957780945532   0.551
0.00978727349691928   0.5515
0.00981630224543386   0.552
0.009828917898965112   0.5525
0.009830030818879298   0.553
0.009844533866137987   0.5535
0.009845607014742307   0.554
0.009845617630301598   0.5545
0.009845950007791902   0.555
0.00984664691780688   0.5555
0.009847510543161924   0.556
0.009849208249332211   0.5565
0.009865643086702363   0.557
0.00987527686424583   0.5575
0.00987634995813563   0.558
0.009877346912766748   0.5585
0.009878965210408541   0.559
0.009889771482494527   0.5595
0.00990723229418616   0.56
0.0099224808875072   0.5605
0.009923749993659836   0.561
0.00992593863434527   0.5615
0.00993971030730351   0.562
0.009960479692576964   0.5625
0.009968731822258693   0.563
0.009972524450562705   0.5635
0.009973684354106761   0.564
0.009975597379809204   0.5645
0.00998224526017072   0.565
0.009988671581594558   0.5655
0.00998911925807009   0.566
0.00999045868049753   0.5665
0.010009547200559469   0.567
0.010021193127724884   0.5675
0.01003275342916357   0.568
0.010045009508000028   0.5685
0.010046808733919756   0.569
0.01004863504260266   0.5695
0.01006572734019095   0.57
0.01008051046860752   0.5705
0.010135945965520157   0.571
0.010143774866168898   0.5715
0.010146334623234844   0.572
0.010157678787309546   0.5725
0.010162642258533848   0.573
0.010165516723645098   0.5735
0.010166706742490981   0.574
0.010167166022876938   0.5745
0.010170740757765343   0.575
0.010174675621183729   0.5755
0.010174967720923914   0.576
0.010175049243522605   0.5765
0.010201856802212243   0.577
0.010215464431223491   0.5775
0.010222253211690733   0.578
0.01023409788050945   0.5785
0.010237016187428954   0.579
0.010248257219337878   0.5795
0.010252836824307532   0.58
0.010269646227726257   0.5805
0.010271813203386982   0.581
0.010273139767431971   0.5815
0.010275839106632953   0.582
0.010278732484117488   0.5825
0.010283567338295286   0.583
0.01028458448671524   0.5835
0.010288322763748473   0.584
0.010290270355810809   0.5845
0.010299757357096952   0.585
0.010301438301564212   0.5855
0.01030174065033598   0.586
0.010302541180880182   0.5865
0.010305857271254968   0.587
0.010306769645863528   0.5875
0.010311192416365259   0.588
0.010343527893895735   0.5885
0.01035849094673747   0.589
0.010377207404954273   0.5895
0.010382873008672126   0.59
0.010384565090088053   0.5905
0.010390419355294495   0.591
0.010394663398100957   0.5915
0.010412140700672982   0.592
0.010412471993637169   0.5925
0.010413318452859798   0.593
0.010425103164883615   0.5935
0.010426654616757031   0.594
0.010431665510669921   0.5945
0.010431677733721802   0.595
0.010440007957990799   0.5955
0.010445448743356282   0.596
0.010446122058134331   0.5965
0.010449494581017795   0.597
0.010462283499176401   0.5975
0.010462831534432756   0.598
0.010470973035323768   0.5985
0.010477489567166137   0.599
0.01048215570062045   0.5995
0.01049378987027444   0.6
0.01049513824117246   0.6005
0.010502979018371494   0.601
0.010513933430466338   0.6015
0.010525511255951695   0.602
0.010526785996650197   0.6025
0.010530711415696604   0.603
0.01054390868266586   0.6035
0.010547030883970266   0.604
0.010557719738430985   0.6045
0.010561091166269562   0.605
0.010570972683732376   0.6055
0.010577056070399478   0.606
0.010581242018323247   0.6065
0.01059770834085992   0.607
0.010609293066478953   0.6075
0.010614234051475267   0.608
0.0106216136862539   0.6085
0.010630036905238983   0.609
0.01063108176497471   0.6095
0.010635028361407865   0.61
0.010636610487312643   0.6105
0.01064152572566276   0.611
0.010644972336865333   0.6115
0.010649640083307418   0.612
0.010653096482523787   0.6125
0.010661915880768272   0.613
0.010673941459299799   0.6135
0.010674872999887838   0.614
0.010677009036989305   0.6145
0.010694641244172564   0.615
0.010708901723106677   0.6155
0.01071257743429828   0.616
0.010719381460501618   0.6165
0.010731102010514342   0.617
0.01073382579915142   0.6175
0.010745983958909876   0.618
0.010750081466230283   0.6185
0.010760101843621613   0.619
0.010764467969794475   0.6195
0.010766919101353401   0.62
0.010770918052738684   0.6205
0.010775140603117494   0.621
0.010778519528341118   0.6215
0.010792151454937338   0.622
0.010792169467031721   0.6225
0.010797858374779047   0.623
0.010806426336115126   0.6235
0.010823333405348986   0.624
0.010836965341823017   0.6245
0.010841358984611152   0.625
0.010844951997001166   0.6255
0.01087120879218868   0.626
0.010872182205280734   0.6265
0.010883214054619037   0.627
0.010890509085658957   0.6275
0.010895646893901472   0.628
0.010905762177692822   0.6285
0.010908791985410084   0.629
0.010910737569720774   0.6295
0.01092227219469976   0.63
0.010927790391812168   0.6305
0.010934497556288636   0.631
0.010946030537998452   0.6315
0.01096084850041099   0.632
0.010961372291215122   0.6325
0.010961964849013966   0.633
0.010971414274630397   0.6335
0.01097341416436552   0.634
0.01097968262765674   0.6345
0.010988957094462074   0.635
0.010989907396476702   0.6355
0.01099196644487267   0.636
0.010993955708603594   0.6365
0.011010174971785287   0.637
0.011015461645426177   0.6375
0.011019725385183778   0.638
0.011030608982279482   0.6385
0.011062490918931986   0.639
0.01106311914701545   0.6395
0.011068151316644407   0.64
0.01107662082736074   0.6405
0.011080121573642156   0.641
0.011087973708437187   0.6415
0.011090449546521827   0.642
0.011091095107774847   0.6425
0.011095998909115952   0.643
0.011098090049496233   0.6435
0.01110752567789478   0.644
0.011114963303864222   0.6445
0.01112033051076066   0.645
0.011126086539533817   0.6455
0.011146948319868184   0.646
0.011169658932445216   0.6465
0.011182286877360531   0.647
0.011183760928611616   0.6475
0.01120418111218975   0.648
0.0112046286258691   0.6485
0.011215490261612646   0.649
0.011217971744918103   0.6495
0.011218972803087052   0.65
0.011222546049567586   0.6505
0.011233666690073153   0.651
0.011241259216694357   0.6515
0.011243677466066037   0.652
0.01126831170087621   0.6525
0.011269128108894954   0.653
0.01128790873474272   0.6535
0.011288983356744458   0.654
0.01129500141843144   0.6545
0.01129538741695602   0.655
0.011309364214844596   0.6555
0.011310311346137856   0.656
0.011311944833889037   0.6565
0.011312447163810182   0.657
0.011320369340163089   0.6575
0.01132344180653316   0.658
0.0113298811653045   0.6585
0.011331459548381967   0.659
0.011336266967379754   0.6595
0.011348535067332348   0.66
0.01135138199713653   0.6605
0.01136674518588792   0.661
0.011376234186573892   0.6615
0.011391094720649779   0.662
0.011397685016666617   0.6625
0.011403736280992097   0.663
0.011407408828750685   0.6635
0.011417431966682772   0.664
0.011419914006175076   0.6645
0.011420626985146204   0.665
0.011421222108802708   0.6655
0.011449629912562865   0.666
0.011453517594862838   0.6665
0.011471121672471815   0.667
0.01148054555248557   0.6675
0.01148272314987315   0.668
0.01148493047650398   0.6685
0.011485961121300304   0.669
0.011487431939187952   0.6695
0.011491013905455084   0.67
0.011491707718006686   0.6705
0.011495483193120312   0.671
0.011495854908117003   0.6715
0.011501567505684073   0.672
0.011538331169321403   0.6725
0.011549393373400434   0.673
0.011552981114039662   0.6735
0.011556548018136218   0.674
0.011557273963140083   0.6745
0.011573919180064073   0.675
0.011578596877962356   0.6755
0.01158390987935363   0.676
0.011586754724844254   0.6765
0.01160153149840258   0.677
0.011611498572493734   0.6775
0.011614669957999608   0.678
0.011620283965904225   0.6785
0.011622147726568543   0.679
0.011638224232614583   0.6795
0.011642416680918631   0.68
0.011657309174949058   0.6805
0.011697835757084126   0.681
0.011699134417576869   0.6815
0.011703102328833533   0.682
0.011708930115764021   0.6825
0.01171267310264481   0.683
0.01171439851639412   0.6835
0.011718766679784253   0.684
0.011724581859608703   0.6845
0.011735610056008955   0.685
0.011736070272660038   0.6855
0.011738107216765336   0.686
0.011743852213032402   0.6865
0.011748829938730342   0.687
0.011750675692185708   0.6875
0.011765078476918697   0.688
0.011779529686930324   0.6885
0.011798058166096501   0.689
0.01181248022997224   0.6895
0.01182067775398218   0.69
0.011843057292589547   0.6905
0.011848356853743098   0.691
0.011850398871766855   0.6915
0.011853283351780618   0.692
0.011862154846269008   0.6925
0.011867402092336742   0.693
0.011869562007562508   0.6935
0.011873855174969706   0.694
0.011881762937459708   0.6945
0.011884764909569391   0.695
0.011906172319539384   0.6955
0.011930057339550269   0.696
0.01193078150450911   0.6965
0.011933076214960099   0.697
0.011934160286240518   0.6975
0.01193703106693775   0.698
0.011940228993068938   0.6985
0.011954177204765156   0.699
0.01199504769688413   0.6995
0.011997368576190832   0.7
0.011998722038604803   0.7005
0.012008957388225487   0.701
0.012029278984814321   0.7015
0.012030121416029629   0.702
0.01203661636070602   0.7025
0.012057564182418174   0.703
0.012063431508031703   0.7035
0.012064724390118482   0.704
0.0120648577382002   0.7045
0.01206718578947951   0.705
0.01207562331052735   0.7055
0.012099186335403892   0.706
0.012111045570258286   0.7065
0.012115949417606799   0.707
0.01212902362802764   0.7075
0.012133872292975915   0.708
0.012138017874351667   0.7085
0.012161539562267535   0.709
0.012162489535871457   0.7095
0.012162534704162705   0.71
0.012170513458295888   0.7105
0.012179953788949052   0.711
0.012194037187468346   0.7115
0.012200031557169698   0.712
0.012213385266599278   0.7125
0.012219950423991719   0.713
0.012221230305145818   0.7135
0.012229163712621992   0.714
0.012243903312804349   0.7145
0.012252865963007047   0.715
0.012265782029390652   0.7155
0.0122693517403952   0.716
0.01228278769146619   0.7165
0.012295279115492013   0.717
0.012298179928201428   0.7175
0.012303211783680396   0.718
0.012303348998352233   0.7185
0.012319705731577608   0.719
0.012321321331201611   0.7195
0.012321753888533741   0.72
0.012326553537889345   0.7205
0.012327286262469568   0.721
0.01233042163264385   0.7215
0.01234165425349308   0.722
0.012371348111745785   0.7225
0.01237717927675952   0.723
0.012392752227084136   0.7235
0.012402655193112034   0.724
0.012407690040799758   0.7245
0.012409976180786052   0.725
0.012412480904310467   0.7255
0.012424015226460743   0.726
0.012427767018275247   0.7265
0.012476236253217591   0.727
0.012488123294409589   0.7275
0.012509805843994828   0.728
0.012519773045614743   0.7285
0.012529708420133935   0.729
0.012554081890550942   0.7295
0.012556040453108253   0.73
0.012570735223108203   0.7305
0.012575290137547298   0.731
0.012579132626605158   0.7315
0.012579196003301128   0.732
0.01258759877533757   0.7325
0.012588228150116738   0.733
0.012588896522575702   0.7335
0.0125953892965934   0.734
0.012596761978490516   0.7345
0.0126058190651307   0.735
0.012607431934663758   0.7355
0.012621558134491766   0.736
0.012625816913174652   0.7365
0.012627446349576136   0.737
0.012629622570379443   0.7375
0.012636281014107034   0.738
0.01263628461881037   0.7385
0.012675378525901287   0.739
0.012700261184161298   0.7395
0.012706641923334218   0.74
0.012712927297283164   0.7405
0.012715569511146519   0.741
0.012719196460740727   0.7415
0.012719773071179517   0.742
0.012719979147593234   0.7425
0.012725390054797926   0.743
0.012740231094126753   0.7435
0.012740287213881298   0.744
0.01274071663890329   0.7445
0.012768538542280713   0.745
0.012779923204363166   0.7455
0.012780003186130207   0.746
0.012789384385122882   0.7465
0.012790345436781968   0.747
0.012808769729040619   0.7475
0.012811743416115117   0.748
0.012833055511117382   0.7485
0.012837659885066443   0.749
0.012847904490172306   0.7495
0.012851320864585243   0.75
0.012854131493350992   0.7505
0.012864453770357782   0.751
0.01286566472795831   0.7515
0.012871602018868361   0.752
0.012881851975761707   0.7525
0.012905630983137264   0.753
0.012932775357662804   0.7535
0.012941659621640428   0.754
0.012947807400804753   0.7545
0.012954488184482717   0.755
0.012964812218643677   0.7555
0.012965748528053482   0.756
0.0129837516976149   0.7565
0.012984307265800863   0.757
0.012988053541036867   0.7575
0.013009855699345606   0.758
0.013013305600581565   0.7585
0.013022469482072163   0.759
0.013036103570727875   0.7595
0.01306480741650008   0.76
0.013075982115630932   0.7605
0.013076842053322699   0.761
0.01307751029086134   0.7615
0.013080840578890689   0.762
0.013098614478735187   0.7625
0.013127367751655308   0.763
0.01313028497551447   0.7635
0.013135856948315292   0.764
0.013137032972351673   0.7645
0.013153494726589453   0.765
0.01315911865405391   0.7655
0.013175533724468978   0.766
0.01317757793224348   0.7665
0.013236128214604839   0.767
0.013242829013439022   0.7675
0.013245048411247748   0.768
0.013248969772618477   0.7685
0.013251774180797607   0.769
0.013260905908367952   0.7695
0.01331838290990866   0.77
0.013341477189245032   0.7705
0.0133597780869893   0.771
0.013375968649428558   0.7715
0.013382400306461444   0.772
0.013395500231046045   0.7725
0.013411532259124392   0.773
0.013411763323194433   0.7735
0.013424438803381367   0.774
0.013433813991324562   0.7745
0.013435945086100229   0.775
0.013438095655405267   0.7755
0.013457792608672513   0.776
0.013468987869332242   0.7765
0.013485345163457726   0.777
0.013485912486783286   0.7775
0.01348812515125006   0.778
0.013493169979994155   0.7785
0.013510223229475834   0.779
0.013510995839528587   0.7795
0.01351434952809587   0.78
0.013526967871607896   0.7805
0.013529086876652094   0.781
0.013544318462255855   0.7815
0.013551421921893226   0.782
0.013553163784499727   0.7825
0.01355497307554995   0.783
0.01355930001250841   0.7835
0.013565274433429881   0.784
0.013567717881432467   0.7845
0.013572931002103265   0.785
0.013574340454691908   0.7855
0.013587879481626396   0.786
0.013601618771801067   0.7865
0.013623361045878227   0.787
0.013634746775366677   0.7875
0.013645060007991703   0.788
0.013656805389080082   0.7885
0.013661212890774394   0.789
0.013682988815622892   0.7895
0.013702742294853071   0.79
0.013705102493248876   0.7905
0.013724718715737877   0.791
0.01373049776964994   0.7915
0.013742236849262157   0.792
0.013767082803603403   0.7925
0.01378528257600428   0.793
0.013790695968539164   0.7935
0.01379934491379956   0.794
0.013809101224242268   0.7945
0.013816999626009347   0.795
0.013822343677626407   0.7955
0.013831212367749925   0.796
0.01383231197523276   0.7965
0.013837650724893135   0.797
0.013845094922084187   0.7975
0.013855562688739952   0.798
0.013869390579626436   0.7985
0.013936310982778442   0.799
0.013937230640767692   0.7995
0.013979454664175803   0.8
0.013986352824444699   0.8005
0.014002803552993555   0.801
0.014018794474101344   0.8015
0.014022467684626963   0.802
0.01402512314316289   0.8025
0.014062372260689645   0.803
0.014082211931612652   0.8035
0.01409003196354233   0.804
0.014092786596390907   0.8045
0.014107484985367418   0.805
0.014144956358390632   0.8055
0.014159349978322881   0.806
0.014163143837504348   0.8065
0.014165846096677287   0.807
0.014188527397569295   0.8075
0.014189020611738441   0.808
0.014210922781020078   0.8085
0.014211058223781669   0.809
0.014217260046766688   0.8095
0.014226088949329257   0.81
0.014228211068023655   0.8105
0.014231407359401559   0.811
0.014245368832981567   0.8115
0.014246357190434888   0.812
0.014246684994246812   0.8125
0.014252977683551578   0.813
0.014255979998644804   0.8135
0.014258445136726017   0.814
0.014273177370954748   0.8145
0.01427436015161836   0.815
0.014296780189359953   0.8155
0.014306678746307392   0.816
0.014323992270818927   0.8165
0.014330282477541015   0.817
0.014337198861281524   0.8175
0.014353246539620149   0.818
0.014376239606441608   0.8185
0.014378425885681253   0.819
0.014379321144232038   0.8195
0.014384583568548699   0.82
0.014388571832744078   0.8205
0.014391949971916536   0.821
0.014395674544537935   0.8215
0.014399756527862646   0.822
0.014436051370328341   0.8225
0.014436722871558571   0.823
0.014497808415724038   0.8235
0.014512269242592227   0.824
0.014515709826238761   0.8245
0.014549967437165695   0.825
0.014553969305810906   0.8255
0.014574375765075365   0.826
0.014599066079208634   0.8265
0.014604483573091919   0.827
0.014612594151011807   0.8275
0.014618891414836624   0.828
0.014631515564484658   0.8285
0.014663221086776963   0.829
0.014663274646957701   0.8295
0.014665419272516024   0.83
0.014672442562990383   0.8305
0.014675945016865751   0.831
0.01467765848924503   0.8315
0.014679947158386606   0.832
0.014690772160027152   0.8325
0.014694327516041628   0.833
0.014700693714760486   0.8335
0.01471519733178969   0.834
0.014727505567430904   0.8345
0.014746564172140793   0.835
0.014755598658812498   0.8355
0.014774825066168248   0.836
0.014788894474907464   0.8365
0.014790573067886885   0.837
0.01480116705099763   0.8375
0.014818029843898068   0.838
0.01485603362991156   0.8385
0.014863444568199238   0.839
0.014880647323235772   0.8395
0.014899093771031924   0.84
0.014902940785222786   0.8405
0.014906682360029875   0.841
0.014913749981385196   0.8415
0.014923255343127889   0.842
0.014929209826466512   0.8425
0.01493077614863507   0.843
0.014942063145895428   0.8435
0.01497698544187537   0.844
0.014978175747755023   0.8445
0.015005315080089402   0.845
0.015005591828245965   0.8455
0.015021736312163804   0.846
0.015022603657871824   0.8465
0.015027172874797417   0.847
0.015038774385222295   0.8475
0.015041586267452726   0.848
0.015053713651320726   0.8485
0.015063811152002645   0.849
0.015070213253891455   0.8495
0.015090712424495688   0.85
0.015103090095731155   0.8505
0.015107586210565786   0.851
0.015109145717916564   0.8515
0.015110134029895918   0.852
0.015124850970004187   0.8525
0.015134868778845713   0.853
0.015135438238124164   0.8535
0.015157414395553239   0.854
0.015166566476042129   0.8545
0.015167383187573559   0.855
0.015202012299390335   0.8555
0.015207712654842189   0.856
0.015217277367328585   0.8565
0.015231748948323538   0.857
0.015238956199791667   0.8575
0.015254745229103032   0.858
0.015285667712796583   0.8585
0.015302718452446906   0.859
0.015305192158330642   0.8595
0.015310150310319372   0.86
0.015332159299265484   0.8605
0.015376446081440846   0.861
0.015388816354618902   0.8615
0.015397606132708404   0.862
0.015402613945125314   0.8625
0.015429187388770116   0.863
0.01546760103549855   0.8635
0.01548076181589595   0.864
0.01551879481700683   0.8645
0.015531420490654856   0.865
0.015542547944367286   0.8655
0.015548710340873434   0.866
0.015551550448701414   0.8665
0.015556352640725376   0.867
0.015570261149265659   0.8675
0.015577428720447026   0.868
0.015581067396778286   0.8685
0.015601316460194897   0.869
0.015602158152247312   0.8695
0.015603369086152112   0.87
0.015612656674665692   0.8705
0.015615741163369114   0.871
0.015620067274255306   0.8715
0.01562183642756875   0.872
0.01562617640610613   0.8725
0.01563002285418917   0.873
0.01564532525434483   0.8735
0.01566228826384293   0.874
0.015689408752620652   0.8745
0.015760344950239955   0.875
0.01578468486422951   0.8755
0.015823996227551353   0.876
0.015862403674466   0.8765
0.015868226102860414   0.877
0.015915229727873608   0.8775
0.01591793502960086   0.878
0.01593872055225107   0.8785
0.015941503145123267   0.879
0.01598699941222055   0.8795
0.016007858849918195   0.88
0.01601462799676632   0.8805
0.016068697883470796   0.881
0.016071375725066773   0.8815
0.016079278225427856   0.882
0.01608461078702341   0.8825
0.016116663774864814   0.883
0.016121209404921163   0.8835
0.016209468890764307   0.884
0.016210290737287202   0.8845
0.016223859346765585   0.885
0.016232351396951016   0.8855
0.016244964620213923   0.886
0.0162766665452153   0.8865
0.01630277504817838   0.887
0.0163087773619368   0.8875
0.01631508186551371   0.888
0.016326899320865933   0.8885
0.01633628895165149   0.889
0.01633832237536135   0.8895
0.01635480955608936   0.89
0.016365226605454416   0.8905
0.016388150906777605   0.891
0.0163950881309136   0.8915
0.01640291134389067   0.892
0.01640549629065898   0.8925
0.01644939604450696   0.893
0.01646025955662775   0.8935
0.016512157213785097   0.894
0.0165300839699357   0.8945
0.01656003069804463   0.895
0.016564569563586786   0.8955
0.01657292006089425   0.896
0.016587340033652934   0.8965
0.016642479596261896   0.897
0.016661329866172244   0.8975
0.016745160204175807   0.898
0.01677477336707285   0.8985
0.016807375382571328   0.899
0.016816996690692577   0.8995
0.016828171150968005   0.9
0.01683109994033591   0.9005
0.01683980652614395   0.901
0.016846525518112276   0.9015
0.016861113691424137   0.902
0.016869222593548363   0.9025
0.016872670693008216   0.903
0.016906554302959922   0.9035
0.016912822316463114   0.904
0.016925383961241353   0.9045
0.01692761906738059   0.905
0.016938701935209247   0.9055
0.01695904599944774   0.906
0.016979873272417817   0.9065
0.016992618927265692   0.907
0.01703979856352032   0.9075
0.017054598929507066   0.908
0.017058385497397077   0.9085
0.017125483968027662   0.909
0.017153736685451167   0.9095
0.017171922298407562   0.91
0.01722680956185567   0.9105
0.01724903079151613   0.911
0.017253683718219073   0.9115
0.017267068738349156   0.912
0.017281241880545375   0.9125
0.017285552883913462   0.913
0.01728913081494025   0.9135
0.017301682157269106   0.914
0.017346894567770648   0.9145
0.017350067921966583   0.915
0.017361585252594822   0.9155
0.017388510658233977   0.916
0.017394825637078882   0.9165
0.01744820953845257   0.917
0.01746935966206017   0.9175
0.01754308140456473   0.918
0.017550158842334167   0.9185
0.017564707925878286   0.919
0.01757797013155585   0.9195
0.017649721531815103   0.92
0.01765097704565111   0.9205
0.017653334984380854   0.921
0.017655574484807875   0.9215
0.017656922567657007   0.922
0.017666698133435077   0.9225
0.017689867061112807   0.923
0.017690209070515574   0.9235
0.01771438875034756   0.924
0.017747502977695107   0.9245
0.01776972635052186   0.925
0.017808537980533442   0.9255
0.017830751880481128   0.926
0.017847488255961608   0.9265
0.017958249692222393   0.927
0.018040649704846628   0.9275
0.018083304935635505   0.928
0.01810369410527274   0.9285
0.0181060349008479   0.929
0.01816336292178562   0.9295
0.01819597424573325   0.93
0.018214853658587105   0.9305
0.018221009854324257   0.931
0.018239027433388802   0.9315
0.01825999945551045   0.932
0.01829758102527802   0.9325
0.01831145605074214   0.933
0.01833145162762324   0.9335
0.01839215159105895   0.934
0.01843485520612796   0.9345
0.018506143148466315   0.935
0.018509310938141257   0.9355
0.01851040696209565   0.936
0.018551495914845766   0.9365
0.01856545478839293   0.937
0.018629463256887687   0.9375
0.018811744553988655   0.938
0.018899648221385117   0.9385
0.018919530185357306   0.939
0.019020902318449877   0.9395
0.0190818423843953   0.94
0.019090178354425297   0.9405
0.019094671250444548   0.941
0.019106796793362014   0.9415
0.019109362175264027   0.942
0.019133035967753148   0.9425
0.01913686849522267   0.943
0.019142355183977427   0.9435
0.01914334955271146   0.944
0.01915136630129406   0.9445
0.019162857613858896   0.945
0.019199696603054848   0.9455
0.019213708460038958   0.946
0.01923890857007181   0.9465
0.019240512381535436   0.947
0.019277642320185494   0.9475
0.01931631065231587   0.948
0.01933216290861893   0.9485
0.019352150401974397   0.949
0.019371612547547674   0.9495
0.01937682160435723   0.95
0.019387205632879833   0.9505
0.019418625170444483   0.951
0.019472620765062426   0.9515
0.019504518317271395   0.952
0.01952946524150825   0.9525
0.019648392431210363   0.953
0.019651095104465093   0.9535
0.019685308064448195   0.954
0.01970839158643311   0.9545
0.019710823565411928   0.955
0.019737323899878853   0.9555
0.01978487193876282   0.956
0.019847125820322983   0.9565
0.019919268145763686   0.957
0.019956185785376352   0.9575
0.019974441030643816   0.958
0.019994211819469646   0.9585
0.020077686054113447   0.959
0.020090163308211045   0.9595
0.02012510469340317   0.96
0.02014355718174715   0.9605
0.02019329886849138   0.961
0.020198419516607117   0.9615
0.020214612961403235   0.962
0.020287965709330842   0.9625
0.02029528774686793   0.963
0.020407791243930752   0.9635
0.020466761588357467   0.964
0.020534265287808322   0.9645
0.020598429690298552   0.965
0.02060034336421541   0.9655
0.02069384123229687   0.966
0.020785439641785107   0.9665
0.020802711422801504   0.967
0.02088291141610963   0.9675
0.020891358724989977   0.968
0.020919823084655856   0.9685
0.020930717207310528   0.969
0.020998338069858746   0.9695
0.021098214259783733   0.97
0.02119688026389096   0.9705
0.02122649015959102   0.971
0.021289349717376477   0.9715
0.02129742145754067   0.972
0.021379671883858434   0.9725
0.021387313204020555   0.973
0.021416380665149018   0.9735
0.02141791247333232   0.974
0.02159359992300749   0.9745
0.021713005248105145   0.975
0.02174498256965866   0.9755
0.02181910078997576   0.976
0.021820300790484186   0.9765
0.021828178672869205   0.977
0.021982679997855116   0.9775
0.02206935755706463   0.978
0.022390343382492597   0.9785
0.02257998849384038   0.979
0.022648500186591463   0.9795
0.022650228830769347   0.98
0.022657294682293744   0.9805
0.0227062034922342   0.981
0.022734999245035272   0.9815
0.022923578043767146   0.982
0.02297136809025776   0.9825
0.022972232255049088   0.983
0.023044438927881612   0.9835
0.02309954418584375   0.984
0.02323450399010247   0.9845
0.023239328778796288   0.985
0.02348638716471018   0.9855
0.023495140770717512   0.986
0.023833678739827325   0.9865
0.023868219468420077   0.987
0.023990442970642102   0.9875
0.02424734138605437   0.988
0.024384064181765246   0.9885
0.024419623917956865   0.989
0.024483283431203273   0.9895
0.024503024660232388   0.99
0.024665539354140627   0.9905
0.02479257413613792   0.991
0.024860063127718657   0.9915
0.024874952824835393   0.992
0.025379757793857354   0.9925
0.026145635765380267   0.993
0.026868317888876257   0.9935
0.026932931130520678   0.994
0.02698846853145287   0.9945
0.02710979211319251   0.995
0.027462473514742295   0.9955
0.027797928177398634   0.996
0.02809574709369716   0.9965
0.028908708225592723   0.997
0.029470407927793214   0.9975
0.02955226775848922   0.998
0.03055545872594042   0.9985
0.03550815289498993   0.999
0.045452645648787114   0.9995
