    -0.34955
    +0.83754
    -0.63629
    +0.71161
    +0.63445
    -1.24905
    +0.58401
    +0.33878
    +1.35137
    +0.17367
    -1.45141
    +0.14605
    +0.81870
    +0.29779
    -1.23890
    -0.42643
    +2.76988
    +1.40634
    -0.39654
    -0.68420
    +1.27970
    -1.68497
    +0.13525
    -0.25547
    +2.94736
    +0.02416
    -0.77701
    +2.30043
    -0.75960
    -1.15770
    -0.48371
    +0.49410
    -0.30075
    +0.27587
    +0.77622
    -0.82949
    +0.14222
    +1.08184
    -0.79981
    -0.60442
    -1.13360
    +0.07579
    +0.10271
    -0.62948
    -0.65118
    -0.99869
    -0.31140
    -0.40367
    +0.47281
    -0.43199
    +0.24477
    -0.18535
    +2.28372
    +0.16247
    +0.83704
    -0.08941
    +0.04190
    -1.20889
    +0.64116
    +1.13895
    -0.76849
    -0.23298
    -1.57507
    -0.11571
    -0.80710
    +0.49246
    +1.20565
    -1.95844
    +1.15027
    +0.31835
    -0.84227
    +0.54022
    +0.46995
    -0.43227
    -2.04613
    +0.22943
    -0.91408
    -0.02919
    -0.65164
    -0.40119
    -1.18090
    +0.45981
    -0.97784
    -0.09662
    -0.58758
    +1.37185
    -1.20742
    -1.10981
    -0.51779
    +0.32025
    +0.47941
    +0.23199
    +1.65198
    +0.94314
    -0.10643
    +0.68278
    -0.82686
    -1.60324
    -0.98684
    +0.31419
    -0.00493
    -0.31256
    +0.37906
    -0.37268
    -1.59992
    -0.50281
    +0.98167
    -1.64966
    +2.32133
    +1.42077
    -1.24737
    +0.66231
    +1.38296
    -1.02799
    -1.07109
    -0.62664
    -0.06818
    +0.09971
    -0.82722
    +0.53197
    -0.63492
    -0.44754
    -0.24941
    -0.05039
    +0.14867
    -0.62206
    +1.18461
    +1.18946
    -0.17388
    +0.98821
    +1.87008
    -2.28038
    +1.08842
    -0.13529
    -2.61684
    -0.73170
    +0.02977
    +0.33584
    -2.70750
    -1.04317
    +0.62771
    +1.02647
    -0.48256
    +0.38910
    -0.15216
    +2.09810
    +1.23044
    +0.78556
    -0.73709
    +0.30076
    +1.01959
    +0.89181
    +0.78165
    +0.76692
    -0.14854
    -0.40892
    -0.78022
    +1.00865
    -0.27093
    -0.44351
    -0.93669
    -1.58819
    -0.53971
    +0.74101
    -1.37324
    +0.49991
    -0.14405
    -0.13656
    +0.27421
    +0.34979
    +1.10985
    -1.57133
    +0.35483
    -0.22671
    -1.05017
    -0.57662
    +0.86709
    -0.52789
    +1.00397
    +1.70927
    -0.02874
    +0.26983
    +1.08930
    -1.98203
    -1.22414
    -0.06576
    -0.39732
    -0.70279
    -1.68493
    -1.22098
    +1.26537
    +0.62184
    -0.57401
    +0.05957
    -0.81790
    +0.12509
    -0.30970
    -2.12963
    +0.28243
    -0.71736
    -0.57140
    -0.15651
    +0.91231
    -0.68125
    +0.72656
    -0.44312
    -0.27217
    -1.08083
    +0.36568
    -1.57666
    -1.39423
    +0.31383
    +0.88397
    +0.64438
    -0.57140
    -0.96688
    -1.78944
    +1.10363
    +0.35774
    +0.23162
    +0.21753
    +0.85407
    -1.15760
    -0.45282
    +0.27245
    +0.43333
    -0.67902
    +0.44160
    -0.02619
    -1.54877
    +0.53904
    +0.05477
    +1.10348
    -2.79277
    -1.32049
    +0.54489
    -0.52785
    +0.88643
    +0.42747
    -0.47472
    -1.61837
    +0.97431
    +0.37539
    +0.53378
    -0.54843
    -0.36008
    +0.35644
    +0.28596
    +0.60450
    -0.43655
    -0.85811
    -0.20595
    +0.76746
    -0.81845
    +1.56786
    -0.81218
    -1.09370
    -0.32445
    -0.24987
    -0.31310
    +0.16290
    -0.19058
    -1.59662
    +0.45482
    -0.45091
    -1.20602
    +1.11213
    -0.20233
    +0.44869
    -0.43690
    -0.65797
    +0.14346
    -1.00480
    +0.52195
    -1.82863
    +0.28572
    +0.61802
    -1.69455
    +1.09543
    +0.42260
    -1.04981
    +0.51512
    +0.19107
    -0.31568
    +1.41794
    +0.86161
    -1.80816
    +0.31651
    -1.61063
    -1.08119
    -0.74277
    +0.35557
    -0.67775
    -0.42105
    -0.84729
    -0.80903
    -1.28579
    +0.71652
    -1.26573
    -1.30585
    +0.85257
    +0.07465
    +0.81421
    -1.24419
    -0.58609
    +1.69298
    -0.48321
    +0.00711
    +1.27502
    +0.15507
    -1.01436
    -0.03644
    -0.06181
    -0.61750
    -0.91216
    +0.10634
    +0.62714
    +1.60215
    -0.02179
    +2.11533
    -0.54350
    -0.05205
    +1.13609
    -0.32237
    -0.88403
    +0.50877
    -0.42947
    +1.03262
    -0.02800
    +0.08461
    -2.29028
    +0.14521
    +0.29414
    +0.10507
    -1.42740
    +0.65328
    +0.85276
    -0.70607
    -0.73950
    +0.90852
    +1.45366
    +0.37733
    -0.02731
    +1.77901
    +0.82826
    +0.63843
    -1.19965
    +0.20760
    +1.60134
    -0.46204
    -0.66288
    -1.06899
    +0.03927
    -0.14436
    +0.59238
    -0.10619
    -0.06333
    +0.13676
    -0.99157
    -2.31942
    -0.27236
    -1.27127
    -0.60296
    +1.65298
    +0.91097
    -0.87287
    +0.68132
    +2.44497
    +0.42393
    -0.50260
    -0.33541
    -0.41472
    -0.65056
    +0.31668
    -0.76167
    -2.85344
    -1.27170
    +0.31444
    +1.15389
    -1.67576
    -1.60645
    +0.37270
    -0.15337
    -0.36588
    -0.56608
    +0.41141
    +1.60999
    -0.25819
    +0.81078
    -0.19243
    +0.41122
    +0.36670
    +1.26932
    +0.79823
    -0.78983
    -1.58592
    -0.14373
    +0.02561
    -0.77695
    +0.13923
    +1.43252
    +0.05755
    +2.04770
    +0.95213
    +2.70479
    +0.71585
    +0.38927
    -0.93644
    +0.18791
    -0.89855
    +0.66322
    +0.13234
    +3.49893
    +0.14506
    +1.28395
    -0.32769
    -0.11998
    -1.37995
    -0.03532
    +1.55909
    +2.82144
    -1.18923
    -1.43850
    +0.12455
    -0.19200
    -0.51424
    +1.03895
    -0.95267
    +0.32672
    +1.41363
    -0.54911
    +0.52129
    +0.14394
    -0.72398
    -0.86229
    -1.24671
    +0.07471
    -0.71540
    -0.91061
    -1.21325
    -0.83165
    -1.21613
    -0.02989
    +0.21619
    +0.10811
    +0.02903
    +0.02678
    -0.71816
    -0.49946
    +0.10687
    -0.97493
    +0.61056
    -0.70319
    -0.75266
    +1.02236
    -0.78691
    -2.37457
    -0.39931
    +0.34954
    -0.84578
    +0.53140
    -0.36308
    +1.26398
    -0.46459
    -0.46687
    -0.02699
    -1.00670
    -0.34517
    -0.75727
    +0.31854
    +1.58987
    +0.79592
    +0.61795
    +0.38786
    +1.35374
    +0.30330
    +0.92275
    +0.49635
    -1.27078
    +0.03157
    +1.15801
    +0.50748
    -1.07585
    +0.69303
    +0.27648
    -1.29716
    -0.90707
    -0.85188
    +1.64678
    -1.20824
    +0.07867
    +0.41604
    -0.67916
    -0.06817
    -0.85295
    -0.24972
    -3.29374
    -0.74967
    +0.75613
    -0.60841
    -0.61661
    -0.29870
    +1.47656
    +0.70723
    +0.18492
    +0.34266
    -0.87204
    -1.83410
    +1.22583
    +1.42043
    -1.02175
    +1.12792
    +0.46676
    -0.78450
    +0.88938
    +0.03565
    -1.15586
    +0.26597
    -0.64296
    +0.14018
    +0.39611
    +0.67548
    -0.35228
    -0.78835
    +0.62715
    -1.61827
    +0.40973
    +0.78990
    -0.91412
    +1.24449
    +0.56483
    -0.04677
    -0.18036
    -1.62357
    -1.10407
    -1.68488
    +0.71560
    +0.86159
    +2.60847
    +0.00756
    -1.01751
    +1.68784
    +2.11155
    -0.77657
    -0.24896
    -1.12205
    +0.84258
    +0.34069
    -1.24578
    +1.34716
    -0.71168
    +0.16482
    +1.18682
    +1.21726
    +0.55087
    +0.69450
    -0.50036
    -0.73033
    +0.63922
    -0.72402
    -1.05418
    +0.13677
    +0.49341
    +0.83681
    -0.50952
    +0.31368
    +1.13664
    -0.07704
    +0.19907
    +0.46365
    +0.48150
    -1.90581
    -0.62705
    +1.19348
    -1.49012
    +1.59231
    +0.53983
    +1.10755
    -0.91192
    -2.68255
    -0.00443
    -0.49827
    +0.74211
    +0.49861
    -1.67739
    +2.30169
    +0.84251
    +0.53685
    +1.33929
    -0.33526
    +1.26031
    -0.46628
    +0.59853
    -1.53382
    -0.85699
    +0.84658
    +0.57585
    -1.54728
    -0.57061
    +1.60239
    -0.25256
    +0.41608
    +1.02749
    -0.87078
    -0.05240
    -2.20153
    +0.28912
    -1.47974
    +0.92941
    +0.58295
    -1.60914
    -1.40542
    +0.28370
    +0.24407
    -1.50432
    +3.04978
    +0.53863
    +0.83193
    -0.22003
    -0.15621
    +0.18188
    -0.89234
    +0.24481
    +0.52591
    -1.05145
    -1.00513
    -0.40649
    +0.38365
    -0.08177
    +0.62848
    +0.45982
    -1.23519
    -0.84867
    +0.26274
    -0.37647
    +1.57417
    +0.03881
    +0.81316
    +0.13323
    -0.43004
    -0.31048
    -0.48446
    -1.05685
    +0.23286
    +0.23847
    +0.30014
    -0.89839
    +1.10556
    -0.00253
    -2.35031
    +1.84113
    -0.02178
    -0.76384
    +0.92764
    +0.68839
    -1.36746
    -0.88997
    +1.07843
    -0.26872
    -1.61848
    +1.20245
    +0.28805
    -0.48343
    +1.47799
    +0.91365
    -0.49437
    +1.31446
    -1.36117
    -0.36827
    +0.17772
    -1.43670
    +0.72617
    +0.43791
    -0.61615
    -0.03941
    -1.53140
    -0.29869
    -0.85344
    +0.68111
    -1.35556
    +1.59608
    -1.12920
    -0.63063
    +0.93728
    +0.39197
    +0.05623
    +0.69391
    -0.16157
    +0.83829
    -0.79751
    +0.74868
    +0.57479
    +0.10963
    -1.38369
    -0.31040
    +1.63735
    -1.38053
    -1.72798
    +0.91636
    -1.27992
    -0.08674
    +0.56918
    -0.23886
    +0.37352
    -0.70604
    -1.10796
    +0.02100
    +1.62017
    +0.58122
    +0.23861
    -0.38656
    -0.20413
    +0.80494
    +0.55478
    +0.29181
    +0.64761
    +2.03159
    -0.66252
    +0.95886
    +0.95388
    -1.08585
    +0.26473
    -1.78511
    -0.66279
    -0.23990
    -0.45933
    +0.12103
    -0.40548
    -0.30610
    -0.60807
    +0.08826
    -0.90918
    -0.09994
    +2.30840
    +1.94385
    +2.42876
    +0.71160
    +1.17933
    -0.25827
    +0.16123
    +0.27394
    +0.39019
    -0.55783
    -2.12964
    +0.90449
    +0.87545
    -0.02388
    -0.59288
    -1.61294
    +0.90316
    -0.19358
    -1.81800
    -0.54963
    -0.05572
    -0.15673
    -0.58430
    -0.26511
    +0.78978
    -0.04614
    -0.10930
    -0.97640
    +0.99571
    +1.37371
    -1.02055
    +0.56179
    +0.77253
    -0.40672
    -0.44321
    -1.56322
    -0.95712
    +0.51616
    -0.11405
    -0.07662
    -1.60901
    -1.52097
    +1.19898
    -0.30822
    +0.11743
    -0.73997
    +2.31748
    +2.18689
    +2.43279
    +0.83829
    +0.06273
    +0.22728
    -0.80575
    -0.45188
    -0.79994
    -0.21437
    -0.27757
    -0.63658
    -1.00205
    -0.51738
    +0.85448
    -0.42483
    +1.10507
    -0.75581
    +1.30730
    -1.51217
    -0.05444
    +0.96600
    -0.56537
    -0.85403
    +0.60515
    -0.80640
    +0.29965
    -1.23806
    +0.45502
    -0.31240
    +0.08838
    +0.47520
    +1.18479
    -0.80080
    -1.41945
    -0.45203
    -0.64079
    +2.22129
    +0.77270
    +1.98725
    -1.68384
    +0.22116
    +0.96026
    +1.21830
    +0.30351
    -0.19065
    +1.56271
    +1.00679
    +0.30151
    -1.58704
    +0.37147
    +0.53525
    -0.05371
    -0.70386
    +0.86364
    -0.42873
    +0.03933
    -0.59447
    +0.43003
    +0.88419
    +0.62262
    -1.92693
    -0.96965
    -0.11071
    -1.41326
    +1.65938
    +0.21945
    -1.59986
    -1.05550
    +0.06141
    -0.03456
    +1.37755
    -0.87106
    -0.82759
    -0.72850
    +0.75670
    -0.70367
    +1.26118
    -1.27198
    +0.30746
    -0.34925
    -0.58936
    -1.51325
    -0.24219
    -1.04533
    -0.18360
    -0.90593
    -0.39031
    +0.54250
    +0.26657
    +0.00775
    -0.35400
    -0.76112
    -0.60115
    +2.55672
    -0.93292
    +0.73887
    +1.00463
    +0.19143
    +0.12760
    +0.79455
    -0.66389
    +1.30037
    +1.31680
    -0.78374
    +1.19430
    -0.58522
    +1.01278
    +0.15180
    +1.14752
    -0.50888
    -1.64111
    -0.69906
    +2.12764
    -0.36972
    -0.11609
    +0.11002
    +1.18675
    +0.99512
    +0.00052
    -0.23871
    -0.60887
    -1.41518
    -0.03165
    -0.64908
    +1.35893
    -0.24425
    -1.12965
    +0.36050
    -0.11308
    -0.23848
    -0.78387
    +0.74777
    -0.78462
    +0.18994
    -0.29089
    +0.02968
    -0.96071
    -1.50216
    -1.15008
    -1.69266
    +0.57855
    -0.00417
    +1.43624
    -0.75560
    -0.49403
    -0.30096
    +0.43719
    -0.43395
    +0.73149
    -0.70131
    -1.24062
    -0.87961
    +0.54060
    -0.79259
    +1.40459
    +0.71282
    +0.42474
    +1.90268
    -0.73507
    +1.74386
    +1.12569
    +0.19204
    -0.26437
    -1.02788
    +0.27203
    +0.52356
    -0.23859
    -0.89392
    -0.40224
    -0.24578
    +0.27958
    +1.87915
    -0.82169
    +0.15823
    +1.06617
    -0.64347
    +0.57699
    +0.83864
    -1.86265
    +0.41156
    -0.78091
    +1.39711
    +0.24630
    -0.05925
    +0.01858
    +0.72656
    +0.17499
    -0.95070
    +1.93538
    +0.29282
    +0.17942
    +1.26017
    -0.96563
    +1.98311
    +0.91891
    +0.21179
    +0.52680
    -1.10991
    +0.08627
    -1.01929
    +1.37252
    +2.40728
    -0.30304
    -1.50904
    +1.06794
    +0.54093
    -0.16279
    +0.51005
    -0.79240
    -0.36769
    +0.56377
    -1.15016
    -1.06313
    -0.08663
    -0.72762
    +0.28833
    +0.92236
    +0.16590
    +1.29267
    +1.51987
    -1.97367
    -0.79874
    -0.65423
    +1.83195
    +0.96760
    +2.06087
    +0.13709
    +0.76069
    -1.14474
    +0.00192
    +1.04423
    -0.87322
    +0.64445
    +0.14374
    -2.28091
    -1.35625
    -0.10192
    -1.61430
    -2.85298
    +0.99958
    -0.77453
    -0.62465
    +0.11511
  +999.99000
    -0.54533
    +0.26452
    -0.98300
    -2.18119
    -1.52400
    +0.25086
    +1.25009
    +1.55925
    -2.55658
    +0.01190
    +1.93796
    -0.11664
    +0.85455
    +1.86895
    -0.63844
    -1.35220
    +1.03973
    +1.35320
    +2.75632
    +0.73739
    +0.62834
    -0.44145
    +0.07761
    -0.26883
    +0.14609
    -0.81906
    -0.14202
    +0.40299
    -1.02219
    -0.38186
    -1.19686
    -1.67864
    -0.23172
    -1.57659
    -0.35997
    +0.10141
    +1.05181
    -1.66418
    +0.01630
    -0.26140
    -1.18496
    -0.77104
    +0.36284
    +0.57696
    +0.94261
    -0.30468
    -0.59228
    +0.13641
    -0.17296
    +0.99959
    +0.04682
    -0.83711
    +0.49373
    -1.58041
    -0.54591
    -0.31074
    -0.79352
    -0.01794
    -0.70333
    -0.43998
    -1.56775
    +0.48468
    +0.60162
    -0.86998
    +1.03095
    -0.40757
    +1.00032
    +1.17613
    -0.04053
    -1.15274
    +0.33770
    +0.98474
    -0.73829
    -1.46548
    +1.47445
    +0.12294
    -1.09359
    -1.44643
    -0.20973
    -0.90369
    +0.31175
    -1.06125
    +0.53889
    -1.09738
    -1.66879
    +1.95162
    +0.01109
    -0.16017
    -0.20511
    +1.54809
    +0.66823
    +0.65380
    +1.60805
    +0.77933
    +0.78168
    -2.06613
    +1.87876
    +0.23279
    -0.03271
    +1.25119
    +0.05330
    -0.39353
    -1.76983
    +1.06907
    -0.34070
    -0.39276
    +0.31655
    +0.20076
    +0.42391
    -0.07409
    +0.25084
    +0.78690
    -1.08751
    -0.56006
    +0.19001
    -0.95290
    +0.79028
    +0.01495
    +0.23372
    -0.57010
    -0.31621
    -0.47064
    -0.51224
    +0.01389
    +1.10355
    +1.63703
    +0.10462
    +0.61882
    +0.23699
    -0.67424
    -0.65369
    +1.15577
    +0.31625
    +0.01113
    +0.28702
    +0.43668
    -1.93511
    +2.17894
    -0.61947
    +0.27225
    +0.08316
    +0.73599
    +0.83744
    +0.63972
    +2.97929
    -0.02366
    +1.56422
    -0.62563
    +0.39122
    +0.52447
    +0.02505
    -0.09166
    +1.96983
    -0.49789
    -1.70460
    +1.93109
    -0.35221
    -0.50787
    -0.83778
    -0.23640
    -0.22122
    -1.80735
    -0.55710
    -0.90843
    +0.39515
    -0.73253
    -0.37250
    -0.63925
    +0.36266
    +0.54162
    +2.58278
    +0.27268
    +0.01641
    -1.52626
    -0.45845
    +0.19360
    -1.14551
    -0.01295
    +0.09439
    -1.44156
    +0.85774
    -1.37169
    -1.03693
    +1.66498
    +0.34346
    +0.53301
    +0.02094
    -1.21845
    +0.33898
    +0.46319
    +0.37808
    -1.03512
    +0.79772
    -1.19427
    +1.19109
    +2.64087
    +1.47494
    -0.54380
    -1.76824
    -0.83068
    +0.22773
    -0.71696
    -0.04462
    -0.46159
    +1.10711
    -1.13790
    -1.85281
    +0.12145
    -0.26141
    -0.49078
    +0.51596
    -1.12981
    -1.40200
    +1.66564
    -0.22929
    +0.40558
    +0.44805
    +1.07202
    -0.43622
    +0.02755
    -0.79852
    -0.27837
    +0.09135
    -1.42712
    -1.97517
    -0.95170
    +0.69802
    -0.84761
    -0.35671
    -1.85911
    +0.55624
    -0.53663
    +0.19414
    +1.20085
    -0.68941
    +0.42781
    +0.33361
    +1.83265
    +1.37687
    -0.83579
    -1.86598
    -0.74834
    +0.47448
    -0.10361
    -0.42609
    +0.32830
    -0.20705
    -2.50607
    -1.22478
    +0.28316
    +0.62392
    +0.28009
    +2.09220
    -1.32981
    -1.33062
    -2.20323
    -1.87885
    +1.40198
    +0.96660
    +0.14348
    +1.56442
    -0.45463
    -0.89473
    -1.69729
    -1.72143
    +1.07023
    -1.17228
    -0.97686
    -0.83315
    -0.72142
    -0.51850
    +1.03910
    -0.28785
    +0.79748
    -1.23165
    -0.83828
    +1.61356
    -0.01475
    -0.58396
    -0.98648
    -0.62429
    +0.04256
    -0.60503
    -1.02596
    +0.60516
    -1.44636
    +0.71716
    +0.17860
    -0.57541
    +2.68952
    -1.33527
    +0.96540
    +0.03704
    +0.65831
    +0.92827
    +0.95638
    +1.50062
    +0.03613
    +0.45139
    +1.27574
    +1.23465
    +0.97723
    -1.49577
    +1.08269
    -0.47321
    +1.49603
    +0.68488
    -0.69339
    +0.64723
    +1.18557
    -0.43350
    +0.73158
    -0.29946
    +0.59251
    +1.55592
    +0.01195
    -0.17001
    -1.03966
    -1.44468
    -1.87484
    -2.13670
    -0.30730
    -1.92232
    -1.07627
    -0.45136
    -1.05592
    +0.49786
    +0.85830
    +0.29775
    -2.58097
    -2.66817
    -0.72790
    +0.67639
    -0.73626
    +0.16855
    +1.48122
    -0.00233
    +2.04622
    -0.42692
    -0.25764
    +1.31999
    -0.51534
    +0.40215
    -1.02231
    -1.10976
    -0.71148
    -0.37193
    -0.61151
    +1.21040
    +0.97525
    -0.12619
    -0.61058
    +1.07716
    +0.94924
    -0.20948
    -0.46695
    -0.24141
    +0.84135
    -0.75958
    -1.79532
    -0.99039
    +0.32109
    +0.43243
    +3.32827
    -0.25465
    -0.75813
    -0.95639
    +1.52479
    +0.27221
    +1.72013
    +0.77528
    +1.49933
    +0.04927
    +0.44689
    +0.37709
    +1.62938
    -0.48037
    +0.88629
    -0.53260
    +1.18428
    -0.57912
    +1.51988
    -0.58348
    -1.29681
    +1.12949
    +1.37985
    +1.00838
    -1.08486
    -0.21216
    -0.46407
    +0.30513
    -1.21762
    +0.58912
    +1.57808
    +0.59950
    -0.54741
    -0.73078
    +1.61397
    +0.20653
    +1.42270
    +0.94311
    +0.54500
    -0.46084
    -1.10756
    +0.60920
    -0.75000
    -0.75407
    -0.96217
    -0.34293
    +0.08779
    -0.48333
    -0.01500
    +0.24895
    +0.15672
    +0.54934
    -1.04018
    -0.51651
    +0.30051
    -1.07914
    +1.00186
    -0.20443
    -0.70661
    -0.19377
    -1.74217
    +2.95512
    -0.35159
    +0.08836
    -0.05627
    +0.77917
    -0.38479
    +0.13188
    -0.99550
    +2.61321
    -0.47621
    +0.49253
    +1.11079
    +1.54578
    -1.18870
    -1.07851
    +0.99952
    -0.50546
    -0.45391
    -0.95741
    +0.62984
    +0.13275
    +3.03176
    -0.09409
    -0.68372
    -0.42875
    -0.87463
    +0.18260
    -1.49518
    -1.69062
    -0.53385
    -1.14236
    +0.04324
    -1.35994
    +0.13603
    +1.06828
    -0.90843
    +0.86383
    -0.32787
    -0.61131
    -0.43979
    +0.14763
    +1.59514
    +0.25096
    +0.31812
    +0.14814
    +0.65089
    -0.23897
    -0.94612
    +1.79618
    +0.52066
    +0.18219
    +1.08878
    -1.15022
    -0.57543
    +1.69962
    -0.05457
    -1.03282
    -0.18737
    +1.08441
    +2.39238
    +0.01980
    +0.15723
    +0.70760
    -0.89765
    +0.45073
    -1.20719
    +0.12498
    +0.33783
    -0.66045
    +0.20666
    -0.24697
    -0.30282
    +0.40621
    +0.72804
    +0.23116
    +0.82198
    -0.56195
    +0.29529
    +0.22770
    -0.19751
    +0.44013
    -1.52144
    +2.01418
    -0.55699
    -0.08193
    -1.44171
    +0.25803
    +0.07587
    +0.66337
    -1.40905
    +0.42063
    +0.12239
    +2.49843
    -0.16298
    +0.13975
    -1.52615
    -1.45668
    +0.78242
    +0.60636
    -0.59784
    -1.43597
    +3.36072
    +0.34280
    -0.09720
    -0.94212
    -1.59219
    -1.13317
    -0.56216
    -1.45971
    -0.29450
    +0.87936
    -0.86499
    +0.20171
    -2.05497
    +0.11025
    -1.69369
    +1.07113
    -1.30555
    +1.66693
    -0.82687
    -0.62175
    +1.24819
    -0.29483
    -0.80701
    -2.35834
    -0.35490
    +0.81251
    +1.15090
    -0.43747
    +0.30991
    -0.03250
    -0.05526
    -0.78268
    +0.68214
    -0.28440
    -1.27154
    +0.66378
    +2.00587
    -0.80709
    +0.47595
    +1.02421
    -0.94971
    -0.22518
    -2.21225
    +0.17676
    -0.32170
    -2.43973
    +0.79203
    -0.13801
    -0.77809
    +0.33218
    +0.49577
    -1.23823
    -0.43444
    -0.17539
    -0.46234
    -0.30402
    +0.64098
    +0.24798
    -1.04791
    +1.11222
    +0.75426
    +2.35365
    +0.65145
    +0.93968
    -1.54917
    -0.96692
    +0.22295
    -0.82640
    -2.24034
    -1.52917
    +0.34323
    +1.41778
    -1.07317
    -0.61769
    +1.38128
    +1.26616
    -0.19822
    -2.13048
    -1.54674
    -1.59288
    +1.30061
    -0.13487
    +1.97391
    +0.05744
    +0.48758
    -0.13287
    -0.54618
    +1.93244
    +1.58869
    +1.76494
    +0.23227
    -0.13950
    -2.12504
    +1.91497
    +0.52320
    -1.28147
    -1.92761
    +0.86922
    +0.85275
    +0.91597
    +0.53052
    -0.77373
    -1.16095
    -1.40151
    +0.18894
    +0.61750
    +0.04008
    -1.45436
    +0.45553
    -1.17962
    +1.90594
    -0.86091
    -0.40823
    -1.76536
    -0.35726
    +1.18761
    +0.19692
    +0.03208
    -0.76428
    +0.54485
    +1.25927
    -0.40729
    +0.12280
    -0.32777
    -2.04080
    -1.61028
    +0.21784
    +0.33958
    -0.94611
    +1.14554
    -0.10619
    -0.59725
    +0.25926
    -0.77743
    +0.97901
    +1.44119
    -1.06875
    -0.99003
    -1.48942
    +0.35450
    -0.30082
    -1.04708
    -0.40751
    +0.05809
    -0.49154
    -1.52966
    -0.27857
    +0.78462
    +0.74846
    +0.08847
    +0.55264
    -0.91312
    +0.73357
    -1.14504
    -1.31183
    +0.63277
    -0.89050
    +0.43900
    +1.09204
    +1.01276
    +1.66220
    -0.29359
    +1.32815
    +0.91825
    +0.13551
    -1.12713
    -0.06227
    -0.38217
    +0.70480
    -0.42198
    +1.89098
    +0.60722
    -0.01501
    +0.61108
    +0.80610
    -0.28627
    -0.68426
    -1.79796
    -2.36372
    -1.06172
    +0.53542
    +0.46579
    +0.65183
    -0.25811
    +1.15238
    -0.04158
    -1.49556
    -0.30061
    -0.43032
    +0.91821
    +1.13191
    +0.05651
    +0.71701
    -1.39745
    -0.37206
    -1.02032
    +0.22989
    +0.08552
    -1.04113
    +0.32658
    +0.27441
    -0.37809
    -0.23416
    +0.07789
    +1.32544
    +1.54928
    -0.55961
    +0.45036
    -2.12032
    -0.38825
    -1.93230
    +2.18121
    -0.04387
    +2.31635
    +0.77055
    +0.88642
    +0.69272
    +0.46600
    -0.35160
    +0.65542
    +1.62727
    +0.42059
    +0.14959
    +1.33719
    +0.11273
    +0.47088
    -0.85254
    +0.25801
    +2.44072
    -0.35692
    +0.97762
    -0.58577
    -0.97398
    +0.28595
    +0.82882
    +2.40265
    +0.22420
    -0.35933
    +0.80903
    +0.11396
    -0.39361
    -0.25635
    +1.89169
    -0.22682
    -0.18546
    -1.72501
    -0.56341
    +0.99282
    -1.54789
    -1.79036
    +0.76941
    -1.61964
    -0.68117
    +0.32646
    -0.88067
    +0.21437
    -1.20273
    -0.88315
    +0.01934
    -0.90332
    +1.12300
    -0.52974
    -1.08954
    +0.13548
    -0.27999
    -1.73456
    +0.22190
    +0.22398
    -0.17052
    -0.08320
    +0.73355
    -0.35453
    -0.05912
    -0.12765
    -1.05057
    -1.90527
    -0.49927
    +1.81830
    -0.82002
    +0.42536
    +0.20325
    -0.65154
    +0.76590
    -0.53842
    +1.14942
    +1.66698
    +0.97572
    -1.76041
    -1.37432
    -0.46727
    +2.86214
    +0.90212
    -0.11918
    -0.99584
    +1.97018
    -0.65336
    +2.11702
    +0.11756
    +0.50894
    -0.45186
    -0.01496
    +0.27408
    +0.39211
    -0.32750
    +1.49847
    -0.23443
    +0.52946
    +1.03810
    -0.94165
    -0.77175
    +0.60145
    -0.54292
    -2.36138
    +0.81923
    -0.42824
    -0.52928
    -0.32887
    +0.50915
    -0.04037
    +0.74451
    +1.48310
    -1.45969
    +1.76385
    +0.78178
    -2.20634
    -1.36842
    +0.27953
    -0.96390
    +0.23925
    +0.78420
    +0.98776
    -0.38302
    -0.36290
    +0.84233
    -1.46295
    -0.08742
    -0.83714
    -0.18861
    -0.07089
    +0.84056
    -0.78418
    -0.43939
    +1.37653
    +1.89394
    -0.83831
    +0.92625
    -0.31301
    +2.02024
    +0.16811
    -1.14176
    +0.35728
    +0.43510
    -0.40276
    -0.81093
    +1.23736
    -0.44397
    -0.18838
    -0.30637
    +0.36781
    +0.29568
    +1.06912
    -0.20684
    +0.92086
    -0.66692
    +0.54761
    +0.67110
    +0.02971
    +1.05724
    +1.11936
    -0.67754
    -0.86531
    -1.01466
    -0.26755
    +0.34223
    +0.12609
    +0.38254
    -0.11717
    +0.43880
    +2.08352
    +1.00380
    +0.11433
    -0.00651
    +1.24199
    +1.56697
    +1.69400
    +2.01385
    +1.43983
    +0.71689
    +0.77642
    +0.54699
    -0.61260
    -0.27954
    +2.40913
    +0.46713
    +0.24047
    +0.34442
    +0.72932
    -0.34641
    +0.63948
    -0.68639
    -0.99741
    -0.19356
    +1.86468
    -0.48703
    +1.87072
    -0.68109
    -0.56366
    -1.43941
    -0.21816
    -0.64479
    +1.81399
    +1.35113
    +0.42572
    +1.04114
    +1.32385
    -0.89145
    +0.14631
    +0.58414
    +0.49125
    +1.55779
    +1.17058
    -0.05990
    -0.19916
    +1.83072
    +1.10446
    +0.51112
    -0.23276
    -0.16795
    +1.58630
    +0.13274
    -2.01280
    +1.16155
    +0.55074
    -0.65050
    +0.80617
    -1.09095
    -0.82457
    +0.57935
    -1.35081
    +0.06930
    +0.49652
    -0.83658
    +0.92176
    -0.48212
    -0.12754
    +1.47997
    +0.57304
    -0.06743
    -0.05272
    +0.49051
    -0.47336
    +2.55969
    +0.28373
    +0.33625
    +0.03422
    +0.77987
    -1.42467
    -1.60913
    +1.34847
    +1.38104
    +1.72725
    +0.74469
    +0.59515
    +1.18110
    +0.11034
    -0.91965
    +0.60508
    +0.19334
    -0.13145
    -1.09591
    -0.45006
    +0.10920
    -0.85603
    +0.95300
    -1.18689
    +0.07956
    -0.35054
    +1.01853
    +0.81000
    -1.95788
    +0.24208
    -0.71443
    -0.30562
    -0.07234
    +0.22742
    +0.52791
    -0.72731
    +0.43124
    +0.27533
    -1.28658
    +0.08793
    +1.30976
    +0.73348
    +0.33625
    +0.47926
    -0.81318
    -0.69006
    -0.76138
    -0.36605
    +0.05135
    +1.72510
    +0.05258
    -1.53079
    -0.59341
    +1.76752
    -1.06033
    +0.18406
    -2.46047
    +0.32729
    -1.00653
    -0.61775
    -1.44392
    -0.41768
    +1.19359
    +1.38340
    -0.15626
    -0.07445
    +0.28593
    +0.96285
    +2.69545
    +1.17257
    -0.78618
    +0.76816
    -1.61892
    +1.22924
    -0.40419
    -0.44378
    -0.86214
    +0.05014
    -1.72306
    -0.78534
    -0.45617
    +1.19442
    +0.01452
    -0.97427
    +0.56140
    +1.43253
    -1.20594
    +1.30046
    -2.24863
    -1.46830
    -0.75158
    -0.52776
    +0.47967
    -0.72305
    -0.27132
    +0.23793
    +1.43979
    -0.41042
    -1.37030
    -0.48965
    +0.15809
    +0.06892
    +2.40159
    +0.20381
    +0.59177
    +0.77929
    -1.93319
    +0.18745
    -1.70849
    +0.20623
    -0.44831
    -0.08413
    -0.64213
    -1.41357
    +0.88249
    -0.67732
    -1.70910
    +0.59452
    +1.87180
    +2.52799
    +1.31267
    -1.56248
    +0.17880
    +0.92926
    +0.54756
    -0.83717
    -0.28664
    -2.19390
    +0.61246
    -0.91319
    -1.56215
    -0.83310
    -0.11320
    +0.49826
    +1.13678
    +0.08872
    -0.37296
    -0.20454
    -1.15668
    -1.15252
    +0.17305
    +0.06068
    +1.65642
    +0.12508
    -0.24809
    +0.67780
    +1.17052
    -0.42861
    -1.29348
    -0.01297
    -0.09160
    +0.51326
    +0.60422
    -1.52617
    -0.19727
    -0.84485
    -1.03219
    -0.42602
    +0.76776
    -0.00255
    -0.68250
    -2.11998
    +0.64067
    +1.10657
    +0.27606
    +0.64922
    -1.85455
    +0.57864
    +0.16020
    +1.08350
    -0.57327
    -0.03100
    -0.37705
    +0.37698
    +1.51668
    -1.30763
    -1.28169
    +0.56421
    +0.02883
    -0.30098
    -0.29448
    +0.16672
    -1.23469
    +1.18738
    -0.70755
    +0.03202
    +0.14687
    -0.38863
    +2.05254
    -0.79047
    -1.56060
    -1.86981
    -2.06149
    +0.59580
    -0.59773
    +1.32278
    +0.43371
    -0.83982
    -0.86812
    +0.22277
    -2.18084
    -0.46333
    +1.11925
    -1.81714
    -1.39669
    +0.14029
    -0.14048
    +0.62586
    -0.72921
    +0.57020
    -0.89578
    +1.19339
    +0.97187
    -0.07635
    -0.36152
    +0.70152
    +0.26159
    -0.16960
    -1.02414
    +1.22457
    -0.79903
    -0.42961
    +0.07670
    -0.22290
    -0.90789
    +1.63859
    +1.70668
    -0.72645
    +0.82273
    -0.57803
    +1.34773
    -0.25174
    +2.42756
    +0.01088
    +1.71248
    -0.24701
    +0.29363
    -0.44629
    -2.13302
    -0.47838
    +0.37438
    -1.16744
    +0.39237
    -0.07409
    +2.49233
    -2.10871
    -2.40978
    +0.25362
    +0.52391
    +0.10971
    -0.48367
    -0.61197
    +0.42854
    +1.18005
    +1.09511
    +2.02695
    -0.19744
    -0.94696
    -0.18022
    -1.25188
    -1.43567
    +1.40038
    -1.05845
    -1.69473
    -0.31945
    +1.06922
    +0.08421
    -0.25736
    -0.76436
    +2.05468
    -1.88543
    -2.40619
    -1.56641
    +0.09977
    -1.53613
    +1.15039
    -1.24733
    +0.84578
    +0.66550
    +0.34989
    -0.00200
    -0.74052
    +0.50777
    +1.40801
    -0.19087
    -0.47476
    +0.18795
    -0.66669
    +1.43253
    +0.93571
    +1.77103
    +1.93062
    +1.52005
    +1.10956
    +0.03698
    +0.24980
    +0.49433
    +0.04535
    +0.04144
    -0.20381
    +0.67040
    +0.83804
    -2.25614
    -1.52136
    +1.44962
    +1.38787
    -0.00149
    -1.05528
    +0.75430
    -0.12213
    -0.10913
    +0.49666
    +1.47086
    +2.92138
    -0.40789
    +0.82892
    -1.17510
    +0.04475
    +0.46875
    +0.11870
    -0.32396
    +1.96311
    +0.22661
    -2.27906
    +1.46116
    -1.38229
    -1.42293
    -0.21897
    +0.82318
    +0.10957
    -0.13978
    +0.66931
    +0.95908
    -0.33317
    +0.92702
    +0.19504
    +1.61798
    -0.13054
    -1.24318
    -0.70833
    -0.19505
    +0.48653
    +0.95287
    +0.59724
    -0.44501
    -0.60015
    -0.03803
    +0.06598
    -0.59026
    +1.62021
    +0.85549
    +1.18822
    +2.12370
    +0.08222
    +0.86965
    +0.41659
    -1.20451
    -0.20658
    -0.86770
    +0.23960
    +1.07884
    +1.16650
    -0.40338
    +0.84089
    -0.13162
    +1.31463
    -0.58613
    -1.39995
    -1.16587
    -0.37408
    -1.53280
    -1.19171
    -1.33548
    -0.33733
    +0.06829
    +0.43639
    -0.37318
    -0.31584
    +1.01044
    -0.23894
    +1.64788
    -1.46538
    -2.11325
    -0.27382
    -1.44729
    -0.29323
    +0.12156
    -0.14560
    -0.86107
    +1.22543
    +0.66876
    +0.83856
    -0.37577
    -0.66213
    -1.05686
    +0.50043
    -1.16611
    +0.34351
    -0.58914
    -0.09989
    +1.46889
    -0.04175
    -0.39124
    -1.16412
    -1.54997
    -0.07685
    +1.79017
    -0.44116
    -0.84674
    +0.47104
    -0.79075
    +1.36078
    -0.98457
    +0.01774
    +0.90929
    -1.32411
    -0.41050
    +0.09169
    -0.07940
    +0.01292
    +1.24650
    +1.64218
    -1.30451
    -1.21069
    +0.64751
    +1.77132
    +0.18838
    -0.01886
    +0.80191
    +0.30318
    +0.08580
    +0.21762
    -0.34444
    +2.19065
    -0.44947
    +1.64564
    -0.73583
    -0.54728
    +1.28590
    +0.90567
    +0.03288
    -0.14330
    -0.14224
    +1.93166
    +1.12172
    -1.73465
    +0.05932
    +0.33649
    -1.17308
    -0.17594
    -1.09777
    -1.23015
    -0.18627
    -0.67001
    +1.63067
    -0.47553
    +0.15551
    +0.03747
    +2.55773
    +0.34498
    -1.35269
    -0.03507
    -0.99310
    +0.42695
    +0.49555
    -0.12273
    +1.50415
    -1.38299
    -0.45172
    +1.84455
    -0.62654
    -0.23120
    +0.67769
    +0.61045
    -1.73872
    -1.98465
    -0.54031
    -0.29291
    +0.72380
    +0.29728
    -0.37769
    -2.69045
    -0.25440
    -0.27632
    +0.80422
    +1.03471
    -0.54036
    +0.49209
    +1.10349
    -1.24213
    +1.02121
    +0.44139
    -1.92957
    -0.96086
    -1.04022
    +0.19101
    -2.38641
    -0.00925
    +1.09941
    +0.32405
    -0.34943
    +0.14634
    +1.16391
    +0.26627
    +1.64790
    -0.15152
    -0.34350
    -0.16246
    -0.86404
    +0.26988
    -1.52528
    -1.59017
    +0.05445
    -0.49325
    -2.17312
    +0.41904
    -1.98618
    -0.03204
    +0.96685
    +1.06026
    -0.08185
    +0.69580
    -0.23993
    -0.16268
    -1.46510
    -0.90907
    +0.85833
    +0.36303
    +1.78025
    +0.40344
    -0.72498
    -1.71859
    -0.58289
    +0.83109
    +0.45577
    -0.89896
    +0.32802
    -0.16850
    +0.00440
    -0.84653
    -1.00446
    +0.34551
    +0.43229
    +0.33320
    +0.10885
    -1.22613
    +1.07012
    -0.50751
    -0.69461
    -0.08281
    +0.59969
    +1.02885
    -1.10920
    -0.11524
    -0.97694
    +0.21219
    +0.00618
    -0.40589
    +0.14233
    -0.05110
    +0.67653
    -1.86623
    +0.60910
    -1.00006
    +0.01250
    -0.21070
    -0.43305
    -1.49672
    +0.43109
    -1.36686
    -1.32504
    -1.05633
    -0.31548
    +2.30505
    -1.29561
    +0.61132
    -0.66499
    -0.24740
    -0.33105
    -0.33690
    +1.02380
    -1.32068
    +1.37512
    -0.77176
    +1.07465
    -0.11204
    -0.82604
    +1.47957
    +0.58878
    +0.67343
    -1.42146
    +1.74007
    +0.80276
    -2.31217
    +0.19847
    -0.02838
    -0.40701
    +0.21716
    -1.97661
    -1.22536
    -0.51405
    -0.91115
    -1.46732
    +0.01821
    -1.22724
    +1.02400
    +0.91585
    -1.46248
    -0.70235
    -1.50906
    +0.37326
    +0.51577
    +0.69631
    -0.79673
    -0.57061
    -1.56602
    +1.70688
    -0.86600
    -1.68952
    +1.22308
    +0.20943
    -0.77130
    -0.00528
    -0.33777
    +0.24556
    +0.50230
    -0.32799
    +1.91308
    +0.76945
    -1.04568
    -1.21548
    +1.37914
    -0.42996
    +1.43440
    +0.09514
    +1.02465
    +2.14065
    -0.06465
    -0.21188
    +0.72605
    +0.84699
    +0.00894
    -0.04797
    +0.11219
    +0.05787
    +0.61435
    -1.90933
    -0.85871
    -0.82003
    -1.09707
    +0.00868
    +0.41603
    +0.21349
    -0.06811
    +0.91695
    +0.73402
    -0.88530
    +0.70989
    +2.02438
    -0.07399
    +0.41723
    -0.26437
    -0.47049
    -0.02584
    +0.61953
    -0.11176
    +1.36945
    +1.21550
    +0.69562
    -0.32652
    +0.46297
    -0.56091
    +0.30373
    +0.10292
    +0.80118
    -0.23070
    -1.02931
    +0.13038
    +0.88157
    +0.22473
    +0.08092
    +0.98247
    -1.40011
    +1.12826
    +1.60987
    +0.25086
    +0.16718
    -0.63389
    -0.14158
    -0.07694
    +0.08688
    +0.92865
    -0.92462
    +2.10820
    -1.41960
    +1.49984
    +0.35564
    -0.14843
    +0.50805
    -1.13047
    +2.26114
    -0.99937
    +0.18972
    +0.95046
    +1.15906
    +0.14964
    +0.51475
    -0.40852
    -0.62207
    +0.70009
    +1.21609
    -0.00466
    +0.38618
    +1.96393
    +0.27402
    -0.51659
    +0.53094
    +1.72176
    +0.64765
    +0.07534
    -0.91841
    +0.11305
    -1.42512
    -2.74200
    +0.06366
    -1.04038
    -0.26926
    -2.22447
    -0.09181
    +0.57882
    -0.93004
    -0.00507
    +0.22305
    +2.38751
    +0.43096
    +0.54737
    +0.04532
    +1.18546
    -0.81509
    +0.39841
    -0.91855
    -0.61131
    -0.50306
    -0.80607
    +0.29449
    -0.00938
    +0.63387
    -0.07292
    +0.90072
    +1.69633
    -0.12377
    +1.05006
    -0.96336
    +0.85013
    -1.52300
    +1.08387
    -0.23000
    +1.28948
    +1.12153
    -0.63814
    -0.64951
    +3.22996
    -0.59305
    -0.95346
    -1.32463
    -0.03047
    +0.24657
    +0.41070
    -0.14063
    -1.86444
    +0.60226
    +0.76976
    -0.25429
    +1.01463
    -1.17458
    -0.80775
    -0.07190
    +0.61482
    -0.44198
    -0.47615
    -1.10258
    +0.90302
    -0.37178
    -1.38225
    -1.50136
    -1.05060
    +0.58424
    +0.04228
    -0.29351
    -1.10667
    +1.44166
    -0.83725
    +2.29467
    -2.06051
    -0.35125
    +0.82580
    +1.45513
    -0.66993
    +0.22265
    -0.53216
    -1.11217
    +0.67748
    +1.40495
    -1.49913
    -0.44989
    -0.76240
    +0.01863
    +0.78500
    -0.06466
    +0.23634
    -0.33676
    -0.89214
    -0.13214
    +1.57425
    -1.20252
    +3.71943
    +0.09140
    +0.60537
    -0.48694
    +0.42866
    +2.08725
    -1.45313
    -1.67542
    +0.97820
    -0.68788
    +1.28930
    +1.23697
    -0.74689
    -1.43777
    +0.20510
    +2.17257
    -1.76395
    -0.18055
    +0.07217
    +1.83276
    +1.36460
    -1.23322
    +1.65694
    -1.28570
    +0.16573
    -0.21624
    -0.50423
    +0.34052
    -1.23069
    -0.54641
    +1.52959
    -0.22475
    +0.10742
    +0.73709
    +0.35740
    -0.53724
    +0.02912
    -0.14770
    -0.95160
    +0.46586
    -2.37896
    -0.36477
    -0.29671
    +1.34958
    +1.64571
    -0.64776
    +0.07022
    -0.00462
    -0.52666
    +0.67068
    -0.19820
    -0.03292
    +0.42829
    +1.24972
    +0.67025
    +1.46352
    -0.51567
    -0.19560
    -0.49327
    -0.15023
    -0.54996
    -1.07399
    -1.10742
    +0.53497
    -0.65000
    -0.01467
    +2.09453
    +0.12443
    +0.95737
    -1.78804
    +0.85694
    +0.74472
    +2.05302
    -1.91325
    +0.37494
    +0.29383
    +0.77155
    +0.40069
    -0.09813
    -0.85170
    +0.75244
    +0.91682
    -0.18762
    +1.38588
    +2.04631
    -0.24762
    +0.03636
    +1.35324
    -1.19267
    -0.15849
    +2.27697
    -0.09600
    -0.76362
    -1.13015
    -1.26166
    -0.06776
    +0.56236
    -0.40577
    -0.44439
    +1.41257
    +2.07598
    -0.19113
    +0.93706
    -0.14400
    +0.29184
    +0.98706
    +1.00336
    -1.33446
    -0.78105
    +0.85819
    -0.30310
    +0.02153
    -0.27581
    -0.64793
    -0.86029
    -0.23464
    -0.76687
    +0.37629
    +0.89869
    -0.12259
    +0.66831
    -3.09106
    -0.20228
    -1.81005
    -0.39814
    -1.68490
    +0.09650
    -1.00593
    -1.27279
    -0.07808
    +0.34569
    -2.54510
    +1.04359
    +1.14892
    +0.06179
    +0.34624
    +0.57580
    -1.02741
    +0.62538
    -0.59715
    -0.67015
    +0.02163
    +0.65304
    +0.82840
    -0.31207
    +0.41346
    +0.94212
    -1.55321
    -2.54054
    -0.33637
    -0.37336
    +0.33050
    -1.57684
    +0.82611
    +0.98494
    -0.37223
    -0.36656
    -0.47905
    -0.02552
    +0.97088
    +1.11519
    -0.48235
    -0.90388
    -0.36194
    +0.78494
    +1.77396
    -1.52050
    -0.41183
    +1.29019
    +0.89956
    -0.39727
    +1.71171
    -0.07322
    -0.53777
    +0.13719
    -0.35821
    +1.20072
    -1.43884
    -0.15175
    +0.07010
    -0.68153
    -1.10199
    +0.51557
    +0.88959
    +0.78074
    +0.09658
    +1.51732
    +0.28335
    -0.89930
    +1.06099
    -0.36808
    +1.29327
    +0.71935
    -0.85665
    +0.32983
    -0.75244
    -1.24927
    -1.02812
    -0.87630
    -0.83143
    +2.06686
    -1.65669
    -1.34331
    +0.97989
    -0.84177
    -0.54927
    -0.22386
    +0.96838
    +1.08283
    +0.74819
    +1.21446
    +0.25658
    +0.03144
    -0.14074
    +2.80832
    -0.27750
    -1.02695
    +0.55322
    -1.00418
    +0.60711
    -0.18651
    -0.27238
    -1.05570
    -1.07649
    -0.19486
    +0.57422
    +0.82568
    -2.27061
    -0.65804
    -1.71194
    -0.17951
    +0.24450
    -1.15596
    -0.26741
    -0.19823
    -0.40129
    +1.50808
    -1.19214
    -1.22461
    +1.50784
    -2.29702
    -1.99712
    +0.90052
    +0.83398
    +0.42459
    +0.00062
    +0.40743
    -0.39811
    +0.13210
    +1.12767
    +0.26151
    +1.14594
    +0.77659
    +0.30815
    +0.67619
    -0.48067
    +0.06071
