+9.77372161E-01
+7.67785527E+00
+3.61510578E+00
+3.90931529E-01
+7.50340296E-01
+1.50111415E+00
+6.11030951E-01
+3.83249859E-01
+4.01486471E+00
+1.47510829E-01
+3.27024266E+00
+6.32577420E-02
+1.90694837E+00
+3.10994081E-01
+1.31812521E+00
+4.72529068E-01
+2.76728245E+01
+5.50567971E+00
+6.15562982E-01
+2.27360775E+00
+1.09669578E+00
+5.30965327E+01
+1.05010984E-01
+5.77946439E-01
+1.50447621E+02
+5.99093825E-01
+3.99156016E+00
+1.63069007E+00
+1.78156143E+01
+6.58401448E-01
+4.85550918E-01
+7.43013513E-01
+6.57220410E+00
+1.53258494E-01
+1.05036990E+00
+9.79476643E-01
+7.26759052E-01
+5.77579614E-01
+1.33678440E+00
+1.57766016E+01
+8.04239923E-01
+3.98574621E-01
+2.89018265E-01
+4.67827268E+00
+6.84463918E-01
+6.21716727E-01
+6.54798344E-01
+1.43336801E+00
+2.24286367E+00
+2.93968657E-01
+9.84484095E+01
+2.92074673E+00
+5.83480390E+00
+7.77414672E-02
+1.04886499E+00
+8.68445838E-02
+2.57354314E-02
+3.34861141E+00
+2.33293382E-01
+1.80271607E+00
+7.76431586E-01
+3.55160929E-01
+1.04044548E+00
+1.94591905E-01
+1.93107894E+00
+9.40942543E-01
+5.85971444E-01
+2.35732203E+01
+3.20742634E+00
+1.16727540E-01
+6.50895623E+00
+6.90718519E-01
+9.62590738E-01
+3.59463307E-01
+1.50289887E+00
+1.89415456E-01
+1.52183889E+00
+6.75069984E-02
+4.76606213E-01
+1.13943310E+00
+4.20457974E+00
+2.28468871E-01
+8.08592855E-01
+7.64315964E+00
+7.11668775E-01
+2.03690136E+00
+1.24248208E+00
+1.54902030E+00
+1.77946334E+00
+1.19054376E-01
+7.91286878E+00
+3.14242966E-01
+1.95789720E+00
+1.37757191E+00
+5.83478151E-01
+1.41267477E+01
+9.81210860E-01
+4.88346436E+01
+8.18802204E-01
+2.76097486E+00
+1.11888401E-02
+5.68642521E-01
+3.10179465E-01
+2.53145712E-01
+4.73494898E+01
+5.25749719E-01
+7.71315339E-01
+7.34434139E+00
+1.55618166E+00
+1.02198667E+01
+6.74093988E-01
+5.22172978E-01
+5.39700260E+00
+1.05563100E+00
+3.57793335E-01
+2.57372058E-01
+5.65426935E-02
+1.17810481E-01
+5.05910902E+01
+3.28516782E-01
+1.37626271E+00
+2.17186728E+00
+2.28193500E-01
+3.39391878E-02
+1.53547094E-01
+6.13411922E-01
+1.87967486E+00
+6.36178025E+00
+4.82734627E+00
+1.09763026E+00
+9.85256665E+00
+5.43891146E+00
+1.08716813E+01
+2.01435522E+00
+3.13371233E+00
+1.44641511E+00
+1.34356762E-01
+4.64012757E-01
+6.53566624E+01
+7.45361702E+00
+8.45133314E-01
+4.00314849E-01
+1.05810414E+00
+6.43328948E-01
+6.79409118E-02
+6.79003679E+01
+6.53941200E+00
+3.05641463E-01
+6.35528369E-01
+2.51561455E-01
+4.79688723E-01
+6.25549648E-01
+2.37565499E+00
+9.69609578E+00
+1.51238389E-01
+2.49445131E+00
+1.37614079E+00
+4.96061669E+00
+1.64592326E-01
+1.12102593E+00
+1.47833420E+00
+8.49828852E-01
+1.69296167E-01
+4.37563513E-01
+2.68642755E+00
+1.53485252E+00
+8.26144363E-02
+6.19588683E-02
+4.63731942E-01
+2.26020818E-01
+1.41621960E+01
+1.29683768E+00
+6.63996052E-01
+1.60878193E-01
+2.17976284E+00
+6.16463187E-01
+1.16842816E+00
+5.82007039E-01
+2.72430729E+00
+2.09747861E+00
+1.95060934E-02
+2.62609723E+00
+2.22208554E+00
+1.80831515E+00
+3.29997995E+00
+7.84373250E-02
+7.70796214E-01
+1.21599228E+00
+2.07917398E+01
+4.46462047E-01
+8.46825215E-01
+3.12379305E-01
+2.02724904E+00
+1.40271484E-01
+4.78363439E+00
+2.16389269E-01
+1.62295400E+00
+1.73155062E+00
+4.72696838E-01
+7.53637621E-01
+4.83511846E-01
+6.03809984E-01
+6.17928373E+00
+1.27583999E+00
+1.32394525E+00
+2.67035092E+00
+4.47091341E-01
+8.35082422E+00
+4.71652305E-01
+5.56252954E+00
+1.09824798E+00
+1.39283230E-01
+5.18725714E-01
+3.70687569E-01
+7.46778038E-01
+5.76505532E+01
+6.49960956E+00
+1.89137291E+00
+2.09624676E-01
+6.39970913E-01
+3.14933075E-01
+1.25192208E+00
+1.74420329E+00
+1.47780779E+00
+9.60542912E-02
+5.27957821E-01
+3.47791423E-01
+1.49073478E-01
+1.49017179E-02
+7.53790335E-01
+1.09344452E+00
+6.42645371E-01
+5.10327654E+00
+1.18120992E+01
+4.68588442E-01
+8.37440983E-01
+1.82157472E+01
+5.17927662E+00
+4.27035141E+01
+3.19933462E-01
+1.77323759E+02
+7.02154176E+01
+1.80044800E-01
+1.54458164E-01
+1.34520716E+00
+1.39437649E+00
+2.03759190E-01
+2.04420920E+02
+4.75959461E-01
+6.89260481E-01
+5.27982643E-01
+1.21600421E-01
+6.57835350E+00
+7.06191763E-01
+1.66386103E+00
+1.98656563E+00
+1.27613744E+01
+5.13128113E-01
+2.80163933E-01
+8.77925649E-02
+6.93645795E-02
+5.00630228E-01
+1.06569474E+00
+1.51925248E-01
+1.46245319E+00
+9.36031969E-01
+1.22309108E+00
+2.06053722E+00
+4.95296942E-01
+6.28412579E+00
+5.68716712E-01
+6.09237417E-01
+1.59279658E+00
+7.70006462E-01
+5.77047011E-01
+3.98365732E-01
+4.52605946E-01
+8.42485256E-01
+6.04223553E+00
+2.27646244E-01
+5.63998307E-01
+4.83926405E-01
+1.70364906E-01
+1.09269117E+00
+7.32126494E+00
+9.21812061E-01
+6.76913385E+01
+1.11768386E+00
+1.65201698E+00
+3.11983649E-01
+5.93619713E-01
+5.74469318E+00
+3.95947782E+00
+2.53374898E+00
+2.32932826E+00
+3.60321075E+00
+7.94011604E-01
+1.76909564E+00
+5.30923267E+00
+1.19659197E+00
+7.89150695E-01
+1.88516454E-01
+1.14487096E+00
+9.96091176E-01
+4.09135387E-01
+2.67905042E+01
+1.14543495E+00
+1.24163013E-02
+4.25911750E+01
+1.83019705E-01
+7.83731306E-01
+5.08658549E-01
+6.42728214E-02
+7.64149970E-01
+5.37441438E-01
+9.80783439E-02
+1.50399939E+00
+2.54098590E+02
+5.79696523E-02
+7.95779074E+00
+6.95885321E-01
+1.15438760E-01
+1.32508386E+01
+3.95804930E-01
+4.88354842E-01
+2.32378856E+00
+4.55610924E-01
+2.97985849E+00
+7.70486601E-01
+8.12791970E-02
+2.50639028E+00
+1.40188358E+00
+3.67543847E-01
+7.29822398E-02
+1.81987217E+01
+3.71424913E-01
+3.65940704E+00
+1.15297673E+00
+1.88952862E+00
+9.19597633E-01
+1.03358352E+00
+1.58660787E-01
+8.40405263E-02
+5.41401271E+00
+1.07626177E+00
+6.45097470E-01
+8.30555651E-01
+2.75745290E+00
+5.87193170E-01
+1.69218812E+01
+1.45122217E+00
+5.48070818E-01
+1.70467604E-02
+2.88668362E-01
+4.68526181E+00
+3.18469394E-01
+1.04946883E-01
+3.30012829E+00
+5.73690151E+00
+3.88897756E+00
+2.54254803E-01
+3.82027071E+00
+1.61115627E+00
+1.00935180E+00
+6.34104519E+01
+1.75648996E+00
+1.45540331E+00
+1.97325097E+01
+3.63408690E-01
+5.19971370E+00
+7.44320683E-01
+1.86905912E-01
+2.80283934E+00
+5.52660442E-01
+3.31827308E+00
+5.08295035E+00
+4.73810659E+00
+2.98851527E-01
+5.52419804E-01
+5.22285827E-01
+5.73457475E+00
+3.74439047E+00
+7.59256669E-02
+2.02766587E-01
+4.57415152E-01
+1.71299955E+00
+1.19102795E+00
+3.14622196E-01
+5.05396679E-01
+9.33549398E-01
+4.83714695E-01
+3.87718331E-01
+2.12604716E+01
+2.04947747E+00
+1.81106674E+00
+1.68450226E+00
+1.15742080E-01
+8.28448455E-02
+4.39031222E-01
+2.89862215E-01
+1.08451254E+00
+1.24795968E-01
+2.67720168E+00
+6.27249506E+00
+1.75193254E+00
+3.65675606E+00
+7.57002432E-01
+1.20368350E+01
+3.41500946E-01
+4.97056741E+00
+7.13423639E-01
+3.89843992E-01
+2.29056927E+00
+1.39132485E-01
+6.46613017E+00
+6.25491173E-01
+5.39665279E-02
+9.72816109E-01
+2.56579797E-02
+8.53962778E-01
+3.71927833E+00
+1.56898178E+00
+7.68458143E-01
+1.21723904E-01
+5.67488711E-01
+2.69719364E-01
+8.51499742E-01
+6.39783133E+00
+3.84043452E-01
+9.50634347E-01
+6.02088131E-01
+4.26003636E-01
+9.46099299E-01
+4.90879572E-01
+1.18063631E+00
+5.65327482E-01
+6.98153785E-02
+3.06977515E+00
+5.76254071E-01
+5.60635970E+00
+2.44244149E+00
+1.65633532E+00
+1.31949248E-02
+4.78379835E-01
+2.42713781E-01
+5.09933674E+00
+9.19300162E-02
+5.47934030E+00
+4.22574044E-01
+6.24758583E-02
+8.10588710E-01
+6.54985976E-01
+4.29729475E-01
+7.88167019E+00
+8.86285393E-01
+1.41465128E+00
+1.54535493E+00
+1.16472553E+00
+4.59044278E-01
+5.37477541E-01
+2.87698225E+00
+4.00994184E-01
+1.69152070E+00
+1.31077674E+01
+2.41012774E+00
+7.19552336E-02
+7.80503085E-01
+6.24472393E-01
+3.32066658E-01
+1.40525216E+00
+1.29235696E+00
+4.30993354E-01
+2.47289572E-01
+1.33270346E+00
+1.87098470E+00
+6.79767542E-01
+6.24580026E+00
+4.82552724E+00
+2.11332410E+00
+2.48764581E-02
+1.61993977E+00
+3.15906187E-01
+5.17690205E-01
+6.21934515E-01
+3.50835697E-01
+6.70311528E+00
+3.37229293E+00
+6.54650217E+00
+7.14484627E+00
+8.88267739E-01
+1.04185968E-01
+4.70890090E-01
+3.13560235E+01
+4.07396614E-01
+4.11938589E+00
+5.92623186E-01
+1.61072367E+01
+7.22199178E+00
+6.32503033E-01
+1.11689205E+01
+1.67160627E+00
+5.24630246E-01
+4.12121529E+00
+3.14438035E+00
+3.22316357E-01
+5.52770050E-01
+1.22659985E+00
+1.80823997E+01
+1.18834794E+00
+8.47651892E+00
+5.19618318E+00
+1.82859233E+01
+2.93267892E-01
+4.71128129E-01
+1.84460993E+00
+2.13773045E-01
+9.40755148E+00
+3.61771376E-01
+1.66821178E+00
+3.03347760E-02
+7.70495130E-01
+3.31223127E-01
+2.07644693E-01
+1.26574020E+00
+4.73549273E-01
+2.19795059E+00
+9.48354442E-01
+9.92705174E+02
+7.73329410E-01
+6.13725210E-01
+4.17064831E-01
+2.55430847E-01
+3.97889867E+00
+7.80774849E+01
+1.80091187E+00
+3.25533706E+01
+7.99055714E-01
+2.42965494E+00
+1.88607258E+01
+6.79016174E-02
+1.90002061E+00
+1.75555369E+02
+1.56290935E+00
+2.35891797E+00
+2.69649408E+00
+1.77982229E+00
+1.72661017E+00
+3.49255755E+01
+6.23220385E+00
+4.03664120E+01
+4.29684052E-01
+2.91488935E-01
+9.15955485E+00
+6.20023157E-01
+6.86959970E-01
+1.82332357E+00
+1.87862952E-01
+4.99160844E-01
+1.03660404E+00
+5.72978680E-01
+1.82588060E+01
+7.54407722E-02
+4.37242384E-01
+1.49108190E+00
+8.76309197E-01
+2.23262452E+00
+2.19523803E+00
+5.05278638E-02
+1.74122262E-01
+9.69814487E-01
+2.47138885E-01
+9.29339787E-01
+4.80798136E-01
+6.33786974E+00
+6.78109287E-01
+2.77137343E+01
+9.89633370E-01
+1.71611285E+00
+6.32570951E+00
+5.22982413E+00
+4.75760085E-03
+1.43335851E+00
+1.89390174E-01
+1.82295865E-01
+7.17697215E+01
+2.56276057E+00
+3.25922070E-01
+1.83146481E+00
+6.56696294E+01
+1.47066993E-01
+2.28870709E+00
+1.55733345E+00
+2.01835389E+00
+1.58308651E+00
+4.26333240E+00
+3.48400165E+00
+3.06170757E+01
+1.26864309E+01
+1.34988323E+00
+1.34168868E+00
+1.15960503E+00
+1.23720659E+01
+1.05547950E+00
+7.21583143E-01
+1.15089977E-01
+3.21684562E+00
+1.38959634E-01
+9.62270018E-01
+1.97615985E+00
+7.22151452E+00
+2.82884217E+00
+1.07349003E+00
+6.85367805E-01
+3.40697811E-01
+1.59895130E+00
+1.69405345E+00
+2.52617133E-01
+6.87256068E+00
+2.14190691E-01
+9.06087877E-02
+7.18672990E-01
+7.50258264E-01
+3.46905593E-01
+4.02676884E-01
+2.77935955E+00
+1.70506558E+00
+6.02780956E+00
+1.05965122E+00
+5.19673907E-02
+1.41778554E+00
+1.32800588E+00
+2.80908928E+00
+2.23677907E+00
+7.91096981E-01
+4.15228150E-01
+5.39705486E+00
+2.85229114E-02
+3.82726349E-01
+3.54279989E-01
+4.05876494E-01
+2.91444681E-01
+3.61828550E-01
+7.74178595E-01
+1.88630738E-01
+2.76218078E-01
+3.32448420E-01
+4.30157115E+00
+4.48258145E+00
+5.47724717E-03
+8.54898504E+00
+5.02997439E+00
+5.22822356E-02
+3.30652052E-01
+3.64791264E+00
+1.02096846E+00
+3.73002427E+00
+3.11867870E+00
+1.23525775E+00
+2.26653616E-01
+1.56212579E+01
+1.30681991E+00
+3.36440104E-01
+1.77421734E-01
+4.09818084E+00
+9.45982793E+00
+4.36692387E-01
+6.00334309E-01
+9.62469037E+00
+3.04279425E-01
+1.06598184E-01
+3.43508166E+00
+2.35500854E+00
+7.02903837E+00
+1.07412351E+01
+3.54243335E-02
+4.73292655E+00
+1.18059632E+00
+8.01657651E-01
+4.09287619E+00
+1.39053198E+00
+9.57211216E-01
+4.90246151E+00
+2.33210763E+00
+3.17816985E+00
+3.72631784E+00
+7.47144183E-02
+3.79282060E-01
+1.04270922E+00
+5.71470153E+00
+2.45466799E+00
+6.17637294E+00
+3.33455037E+00
+6.31587879E-02
+9.22193035E-01
+1.18568991E+00
+7.60030325E+00
+7.48150293E-01
+1.01123275E+01
+2.86221600E+01
+2.12975254E+00
+1.13073687E-01
+7.90453972E-01
+5.15780215E-01
+2.57657605E-01
+2.58769819E-01
+7.04114164E-01
+1.32454827E-02
+1.06151119E+00
+8.74223927E-01
+2.43057009E-01
+9.82647444E+00
+1.78190271E+01
+5.40581301E-01
+2.87648265E-01
+2.33784046E-01
+1.16247281E+00
+1.20536896E+01
+1.15987998E+00
+3.87385766E-01
+1.16356417E+00
+8.94447586E-01
+3.98181682E-01
+3.53036683E+00
+5.63649438E+00
+7.09567009E-01
+2.22126912E-01
+3.63647074E+00
+1.42616374E-01
+3.14299288E-01
+4.36884813E-01
+7.28369670E-02
+5.63768769E-01
+1.93320253E-01
+1.45117905E+00
+7.82267889E-01
+1.33878928E+01
+5.28460272E-01
+1.83110935E+01
+3.16894729E-01
+3.01374807E-01
+2.08793186E-01
+1.75922775E-01
+9.80794979E+00
+8.31893175E+00
+1.02679189E+00
+2.35373755E+00
+1.44913764E-01
+2.40267388E+02
+4.56602848E+00
+2.54475320E+00
+3.18874931E-01
+2.51097437E+00
+1.78754670E+00
+5.92493442E-02
+6.60058512E-02
+1.08177138E+00
+9.93680240E-02
+4.50884599E-01
+3.20074582E-02
+6.09002404E-02
+4.34206679E+01
+1.76434944E+00
+1.07113213E+00
+2.64299992E+00
+2.62997481E-01
+4.12477467E-01
+1.07688368E-01
+2.89285381E-01
+1.98729219E+00
+5.20017722E+01
+3.55798680E+00
+6.07281825E-02
+6.46956228E-02
+3.98491107E+00
+3.12854002E+01
+4.39477742E-01
+5.19541893E-01
+2.16084095E-01
+5.63763285E-01
+1.43438704E+00
+1.85752010E+00
+5.42922371E+00
+3.24894917E+00
+2.07178527E-01
+4.54726981E-01
+6.27906112E+00
+1.07557157E+00
+8.25314285E-01
+2.22150443E+01
+1.58229849E+00
+1.64573142E+00
+1.32426333E+00
+2.15266402E-01
+2.37895262E+00
+4.17228359E+00
+7.43086730E-01
+9.75798019E-01
+1.32330499E+01
+4.85358083E+00
+6.56758204E-02
+6.09922923E-01
+6.19816577E-01
+6.55470232E+00
+4.02531053E-01
+3.18258057E+00
+2.00305831E-01
+4.44807958E-01
+3.99687336E-01
+3.11704981E-01
+6.02545466E-01
+4.21796051E-01
+8.60125178E-01
+2.39273358E+00
+3.90174577E+00
+4.86335271E-01
+4.16104072E-01
+1.68526262E+00
+1.19878679E+00
+1.94534983E+00
+1.43724202E+00
+1.96014372E-01
+2.08780749E-01
+1.91576494E+00
+6.33800297E-01
+3.69163299E-01
+2.51830658E+00
+2.04731843E+00
+3.51204744E-01
+6.45637138E+00
+3.18939604E-01
+7.52424395E-01
+6.00663763E-02
+8.02213187E+00
+1.91682956E+00
+2.62168705E-01
+1.25637613E-01
+3.86263783E-01
+3.59711674E+01
+2.53328277E+00
+1.23483629E+00
+2.66900903E+01
+3.45960368E+00
+1.44554855E-01
+1.05832982E+00
+1.56307412E+00
+2.44081910E-01
+9.83188709E+02
+3.78968238E+00
+1.01233085E-01
+2.21110946E-02
+4.02594065E+00
+8.21641733E-01
+1.13792240E+00
+2.27581502E+00
+3.98011361E-01
+3.26332453E+00
+8.52869711E-01
+5.47704271E-01
+1.40982682E-01
+2.03611428E-01
+4.78283028E-01
+2.05561618E+00
+5.12589239E-01
+6.00979553E-01
+4.81867410E-01
+1.10321181E+01
+2.34673427E+00
+8.22106612E-01
+2.84433797E-01
+5.02150025E-03
+1.13016184E+00
+1.37438356E+00
+3.64303438E-01
+7.80829351E+00
+6.90429988E-01
+5.56048369E-01
+5.59353795E-01
+2.51012615E-01
+3.38808534E-01
+6.79698586E-01
+1.52237056E+00
+5.96139527E-01
+1.97448089E+00
+1.04945438E+00
+2.09290261E+01
+5.02891581E-01
+2.60374326E+00
+3.24471697E-01
+3.66389167E+00
+1.60407990E+00
+8.98232823E+00
+1.18134465E+00
+1.44331274E+00
+9.99881755E-01
+1.05386546E+00
+1.91162520E-01
+1.55629272E+00
+1.00570476E+00
+6.44398251E-04
+3.57874410E+00
+4.43306744E-01
+7.32902271E-01
+1.98069452E-01
+9.62503707E-01
+9.04920049E+00
+1.68751763E-01
+3.08564214E+01
+2.11347412E-01
+6.39562495E-01
+8.24795361E-01
+1.51738351E+00
+4.38579462E-01
+4.64086614E-01
+1.13531043E+00
+2.72080301E+00
+4.14427707E-02
+1.17457724E+00
+1.61211710E+00
+7.62139115E-01
+4.86649547E+00
+1.11321163E+01
+2.46992745E-03
+5.04305536E+01
+5.01488783E-01
+2.03244443E-01
+5.24286547E+00
+5.32705833E-01
+4.21003465E-01
+1.32062649E+00
+1.16610092E+00
+2.79684395E+00
+1.35949838E+00
+8.38309254E-01
+3.35614991E-01
+6.39820608E-01
+8.16716746E+00
+2.39113902E-01
+1.37436115E+00
+3.96977283E-01
+1.16628073E+00
+1.80071770E+00
+1.07889821E-01
+2.28096936E-01
+5.99328157E-01
+6.06550035E+00
+5.95888314E-01
+5.51349046E-01
+7.09553597E-01
+2.40685161E+00
+2.34021575E-01
+6.99238743E+00
+1.75359946E+00
+5.68922360E-01
+2.09001488E-01
+5.55711032E-01
+3.88061191E-01
+1.08135673E+00
+4.34575735E+00
+2.06990561E+01
+2.74176747E+00
+3.89847938E+00
+4.89221127E+00
+7.58570741E-01
+9.70819497E-02
+1.08740179E-01
+1.17414150E+00
+2.20739303E-01
+1.55215262E+00
+2.70452815E+00
+1.88585654E+00
+1.09884543E-01
+2.18756647E+01
+6.54666829E-01
+8.67633249E+00
+2.16774860E+00
+5.78634104E-01
+1.21985765E+01
+2.48994323E+01
+3.49860290E-01
+5.24536942E-01
+7.31524468E+00
+1.52932615E+00
+8.72171252E-01
+6.49138672E-01
+4.22608944E-01
+7.11467650E+00
+1.42225373E+00
+2.63486891E-01
+6.38883885E-01
+3.27202899E-01
+4.98974235E-01
+8.38845105E-01
+8.47278664E-01
+9.58476816E-02
+1.14030400E+01
+6.61897530E-01
+5.18560796E-01
+1.23050719E-01
+5.13329248E-01
+3.87777464E+00
+2.52105959E+01
+9.02181409E-01
+3.04470794E-01
+1.13950780E+01
+7.00264056E+00
+1.66112439E+00
+3.10679335E-01
+6.28914009E+00
+2.53040281E+00
+2.08356599E-03
+3.35994654E+00
+1.03052565E+00
+3.05512454E-01
+1.98295843E+00
+3.09575815E+02
+1.07994795E+00
+1.58272838E-01
+7.83595261E-01
+1.66771338E+00
+5.90092645E-01
+1.96793736E+00
+2.47445922E+02
+6.55565768E-02
+2.80756331E+01
+3.79638509E+00
+1.24066871E-01
+1.01006634E+00
+5.82448552E-01
+7.56738131E-01
+1.38549563E+00
+1.45561820E+00
+7.46274048E+00
+9.24153205E-01
+4.59371035E-02
+1.45068209E+00
+1.53616038E-01
+7.77515015E-01
+3.80091135E+00
+2.65618621E+00
+7.32848237E+00
+4.78281784E+00
+1.85259639E+00
+1.44299940E+01
+1.54697521E+00
+7.40279647E-01
+5.55417807E+00
+8.50041563E-02
+4.52632823E-01
+2.04464890E-01
+2.15266328E+00
+6.85069676E-01
+7.74962773E-01
+1.03846383E+00
+4.36598883E+00
+2.99344976E+00
+5.74745133E+00
+2.37772153E+01
+4.09271234E+00
+1.78344606E+02
+2.41701792E-01
+2.34833586E+00
+8.16548854E+00
+1.61325652E+00
+4.83194619E-01
+2.03840351E+00
+2.76469930E-01
+4.33858014E-01
+3.85543396E+00
+4.54483386E+01
+1.34929919E+00
+3.80610254E-01
+2.32427044E-01
+1.74720708E+00
+4.89295691E-01
+5.48398540E-02
+2.49948722E+00
+2.95618751E+00
+6.64681746E-01
+2.91755607E-01
+7.03093428E-01
+2.58588968E+00
+1.25336205E-02
+2.31965538E+02
+2.34170972E-01
+3.98514245E+00
+3.79060921E+00
+1.71670540E+01
+6.02441248E+00
+1.15046788E+01
+2.82784682E+00
+2.47070610E+00
+5.49650876E-01
+3.91413840E-02
+7.02214287E+00
+4.87943140E+00
+3.59938411E+00
+1.82371192E+00
+8.13421745E-01
+5.25673283E+00
+3.83554422E-02
+9.39290365E+00
+1.64190778E+01
+2.83724776E-01
+1.47517339E+00
+3.14325825E-01
+1.08058644E+00
+9.80489873E-02
+1.16225309E+00
+1.43941199E+00
+1.05755233E+01
+4.02849009E-03
+1.52602308E-01
+2.32009681E+00
+1.34333094E+01
+6.19281847E-01
+4.09307219E-01
+8.47087054E-01
+3.80230167E+00
+7.55615997E-01
+4.11492858E+00
+1.36373777E+01
+1.15961533E+00
+4.31704210E-02
+1.22321384E+00
+3.61394952E-01
+6.55606843E-01
+8.64037944E-01
+4.02140003E+01
+1.28466117E-01
+3.02569448E-01
+5.59664734E-01
+4.40956192E-01
+2.00592214E+01
+1.52635523E-01
+4.34881827E-01
+5.58803591E+00
+1.12356895E+01
+9.81550000E-01
+2.18385457E-01
+6.80500133E-01
+5.07269469E-01
+1.36916418E-01
+5.14206141E-01
+4.35019584E-01
+2.75560835E-01
+6.34109181E-01
+1.09771835E+00
+9.64269455E-03
+1.94730047E+00
+1.08829606E+00
+5.69799057E-02
+2.28706838E+00
+2.63162319E-01
+6.45293682E-01
+1.18505146E+00
+4.57316119E-01
+1.40410255E+00
+3.79447579E-02
+1.43274102E+00
+7.92880344E-01
+1.01317765E+01
+1.50207228E+01
+1.40486662E+01
+9.04191584E-01
+8.44216847E-02
+5.55746724E-01
+1.48082897E+00
+6.15640268E-01
+7.75855054E-01
+2.25344964E-02
+3.28689341E+00
+2.13734709E+00
+2.15725036E+00
+1.16798670E+00
+2.81984533E-02
+2.58480341E+00
+1.70440516E+01
+1.56085926E+00
+1.96716405E+00
+3.32963946E+00
+2.88360340E+00
+6.22525568E-01
+4.39978056E-01
+1.89084401E-01
+2.33062714E-01
+8.46214419E-01
+4.10163548E+00
+4.66580082E-01
+1.23436542E+00
+1.08714780E+00
+4.94412825E-01
+3.98069627E+00
+6.60957227E-01
+2.54864765E-01
+1.09252235E+00
+2.23098511E-01
+1.61186187E-01
+1.44768322E+00
+4.05104513E+01
+1.62009869E+00
+1.18820407E+00
+5.17839490E-03
+2.75491054E+00
+4.65734822E+00
+7.06925755E-01
+1.78944102E+00
+1.30585394E+00
+9.49324254E+00
+4.04946481E+00
+2.63378254E+00
+3.10048569E-02
+1.46873624E+01
+2.55988974E-01
+3.34688821E-01
+4.79324607E-01
+1.77491918E+00
+1.40142364E+00
+1.26080708E+00
+1.19306501E+00
+5.05176022E+00
+7.76311756E-01
+5.50799311E-01
+1.20384268E+00
+8.38620095E-01
+1.52320166E+00
+7.42202745E+01
+1.61369090E-02
+6.08447748E+00
+1.99797938E+00
+7.33144402E+00
+1.29700063E+00
+9.02444848E-02
+5.39921674E-01
+1.37670548E+00
+1.10714634E+01
+2.16603536E+00
+2.06653104E+00
+6.99198448E+00
+1.00626000E-01
+1.70070545E-01
+5.22608794E-01
+4.02407002E+00
+2.72614501E-01
+1.98102411E-02
+7.04679829E+00
+7.17476125E-01
+2.07379605E-01
+3.07121138E+00
+6.35074373E-01
+8.63973441E+00
+2.78817373E+00
+2.11834002E+00
+2.97123081E-01
+1.34807649E+00
+4.42220630E-01
+2.10003598E+00
+4.75424083E-01
+4.96371876E+00
+6.28338923E+00
+1.97004663E+00
+1.12838770E+00
+5.54374337E+00
+1.96412544E+00
+1.17084721E+00
+9.56858627E-01
+2.27777432E+00
+8.39648932E-01
+8.01424887E-02
+2.37572841E-01
+4.14223742E-01
+4.33164732E+00
+9.48792799E-01
+6.21046622E-01
+9.66032879E-01
+6.80571027E-01
+2.41665991E-01
+5.76982868E+00
+2.20241373E+02
+3.61174058E-01
+1.62460409E+00
+2.54324816E+01
+3.43156387E+00
+7.30786403E+02
+1.56467836E-01
+3.30860754E+00
+1.51932728E+00
+1.11537062E+00
+1.40182604E+02
+7.40287328E+00
+1.06728161E+00
+8.85199072E-01
+1.30843451E+01
+7.26944668E-01
+9.35516567E+00
+1.97237350E+00
+1.74395440E+01
+7.76567892E-01
+7.10651181E-01
+4.65606447E+00
+6.23042529E+00
+9.30732724E-01
+9.86783362E-02
+1.44643386E+00
+1.32555686E+00
+2.35765995E+01
+2.18650376E-02
+9.02347323E-01
+5.53937170E-01
+2.31802647E+00
+2.31949826E+00
+9.44523736E-01
+1.50499715E-01
+6.56245802E-01
+8.16077816E+00
+8.03200707E-01
+2.22037544E+00
+3.98609930E-02
+1.61534700E+00
+3.10331051E-01
+2.39347566E+00
+4.43980067E-01
+1.18079068E-01
+2.19844434E-01
+1.15828604E+00
+2.40548302E+00
+2.42345768E+01
+7.37415899E+00
+5.80474323E-01
+5.30808897E-01
+1.35613087E+01
+6.19021483E-01
+1.57005945E+00
+7.91570562E-01
+2.95277393E-01
+2.98798640E-01
+3.69065350E+00
+3.27999774E-01
+1.07285245E+01
+1.18447310E+00
+1.57588877E-01
+1.76081935E+00
+4.78602039E-01
+5.73267505E+00
+1.37630346E+00
+1.32352303E+00
+1.31116773E+00
+1.46774947E+00
+2.75264898E+00
+1.26739267E+01
+1.08522337E+00
+4.91600652E-01
+3.87744765E-01
+3.38535834E-01
+1.21356849E+01
+5.97645635E+00
+1.20140630E+00
+2.89999910E+00
+4.37892754E-01
+9.45870245E-02
+9.07514169E+00
+7.03687660E-03
+4.04032082E+00
+1.01832085E+00
+4.14737774E+01
+8.30140335E+00
+7.25313176E+00
+2.76706627E+00
+1.79553062E+00
+3.04906597E+01
+3.77365526E+00
+1.07889266E+00
+8.89081167E-01
+2.91006748E+01
+6.67551220E-01
+1.39744401E-01
+8.56366638E-01
+7.58898149E-01
+6.75693992E-01
+1.00400319E+02
+1.82239808E+00
+1.16033236E-01
+1.82801657E+00
+3.13590021E+00
+1.28816844E+00
+3.01926372E-01
+1.35763245E-01
+5.26104008E-01
+1.78548141E+00
+2.26460486E-01
+4.38317763E-01
+3.45338026E+00
+5.98273248E-01
+1.63824007E-01
+6.93103062E+02
+4.48364100E-01
+1.24326187E+00
+6.22076092E-02
+3.41210065E-01
+6.21150378E-01
+2.92924491E+01
+1.74623778E-01
+1.26905844E+00
+3.74505372E-01
+7.49695895E+00
+3.53461182E-01
+1.08231233E+00
+1.25718352E+00
+8.55139131E+00
+1.94432257E+00
+2.25317916E+00
+1.10736349E+01
+3.04473493E+00
+4.46203272E-01
+3.96887096E-01
+9.16600174E-01
+1.18621059E+00
+5.34255633E-01
+4.46369781E+00
+8.81276376E+00
+5.48246355E-01
+6.54119193E-01
+1.25532428E+00
+2.98334077E+00
+7.53297223E-01
+3.88627495E+00
+2.08803881E-01
+2.08271271E-01
+1.35843463E+00
+2.71109193E+00
+3.21973562E+00
+1.92116365E+01
+3.30787955E+00
+1.99475688E-01
+3.54942484E-01
+6.94512971E-01
+8.32037642E-03
+1.61869006E-01
+8.31554886E-01
+3.44207034E-01
+2.28353230E+02
+7.88536243E-01
+1.47774943E+00
+2.16885527E+01
+3.30527858E+00
+1.84635668E-01
+5.08003688E+00
+2.90875439E-01
+3.63789257E+00
+1.23967640E+02
+1.04974669E+00
+1.89928148E-01
+1.12769284E-01
+1.78230429E+00
+6.77198185E-01
+1.64658723E+00
+4.35380158E-01
+4.77879050E+00
+5.15156491E-01
+4.33448536E+00
+2.50314206E+01
+6.91568223E+00
+3.86882648E+00
+1.32051433E+00
+1.31566523E+00
+1.20484981E+00
+2.57122718E-01
+1.67777840E+01
+5.75736187E+00
+3.08834780E-01
+3.34171156E+01
+1.45086621E-01
+4.03287872E+00
+8.21889268E+00
+3.33337614E-01
+1.47588254E-01
+1.52048405E+00
+5.42317178E+00
+2.72437583E-01
+2.00678531E+00
+3.40496218E-02
+7.38028890E-01
+3.31857441E+00
+2.09050906E+00
+6.45774426E+02
+1.89394724E+02
+1.35184605E+00
+6.77187878E-01
+2.68570168E+00
+7.91491658E-01
+1.96815171E+00
+1.41966395E-01
+2.27226148E-01
+1.84077234E-01
+5.58272492E-01
+9.85510919E-02
+5.37785404E-01
+1.46123940E+00
+5.79552752E+00
+2.38861298E-01
+8.77904889E-01
+2.01852754E+00
+6.20595709E-01
+1.51469212E+01
+3.07532390E-02
+2.53060855E+00
+9.26203610E-01
+2.24958843E+00
+5.42004621E+00
+1.27707260E-02
+1.28180629E-01
+7.34740678E+00
+8.68030979E-01
+6.14554910E-01
+1.37799797E+00
+8.90932469E-02
+4.37005599E+00
+9.88883058E-01
+1.16608237E-01
+1.30231414E-01
+1.89775031E-01
+1.21669058E+01
+3.29013859E+00
+1.88388660E-01
+1.61233390E+00
+2.59997601E-01
+1.33283476E-01
+5.27365520E-01
+6.62675064E-01
+1.58504353E+00
+2.45999933E+00
+5.99565873E+00
+1.48081674E+01
+7.02894534E-02
+1.29714775E+00
+3.17099397E+00
+2.47021840E-02
+9.54088691E-01
+4.34311282E+01
+1.87763382E+00
+2.73382076E-01
+1.57288865E+00
+7.72968395E+00
+1.51554397E-01
+2.06887300E+00
+1.64829696E+00
+4.20613241E-01
+1.52684166E+00
+2.00838275E-01
+1.43540173E+00
+2.53752953E+00
+2.41571393E-01
+1.85139593E-01
+2.30234373E+01
+1.06416700E+00
+2.03733448E+00
+4.18270581E+00
+2.51309679E+00
+5.58495247E-01
+9.90330755E+02
+8.19451550E-01
+2.22438297E-01
+1.40684749E+00
+1.81394124E+00
+1.09156278E+00
+7.67806887E+00
+1.38331823E+00
+2.65757213E+01
+6.58776466E+01
+1.57926506E+00
+3.22046782E+01
+1.55845497E+00
+1.90976604E+01
+2.32064657E+00
+2.21855716E+00
+1.63818284E+00
+9.52094574E-01
+1.89803616E+00
+3.15223050E-01
+2.82920281E-01
+4.97821817E-02
+4.44160823E-01
+5.88609371E-01
+5.96158367E+01
+4.16176956E+00
+1.14205734E+00
+2.63848944E+01
+7.18984596E-01
+4.76826754E-01
+1.11534428E+00
+8.37263241E-01
+1.19193417E+00
+7.04578600E+00
+1.14522945E+00
+2.67330174E-01
+8.42895187E+00
+1.42829104E+00
+5.16636009E-01
+1.36698368E+00
+6.18922121E-01
+2.89731817E+00
+1.24911193E+01
+3.85861184E-01
+3.16051797E-01
+1.17739094E+00
+4.46717225E-01
+6.92678578E-01
+8.11623986E-01
+3.67195353E-01
+2.03353140E+00
+2.45391285E+01
+9.36905085E+00
+1.03589497E+00
+5.67461873E-01
+2.14104921E+00
+7.16701996E-01
+4.37513232E+00
+2.41802661E+00
+7.95454085E-01
+2.35379172E+00
+1.36508493E+00
+1.36492889E+00
+2.00445425E+00
+4.91000512E+00
+9.38217009E+00
+1.79429039E+02
+6.78131391E-02
+2.66109028E+00
+1.66953285E+00
+2.02453356E+01
+1.53114709E+00
+1.99905135E-01
+2.63730177E+01
+1.99584538E-01
+9.67422257E-01
+1.31376511E-01
+4.17727530E-01
+1.62374712E+01
+6.58472462E-01
+9.86030452E+00
+1.88294771E-01
+1.59752777E+00
+2.27100071E+00
+8.27851632E+00
+4.40256562E-01
+7.08002366E-01
+4.01477044E+00
+2.07860703E+00
+4.33367643E-01
+5.07070211E-01
+7.08278883E-01
+1.27735230E+00
+5.57947294E-01
+2.15422714E+00
+2.13633131E-01
+1.20655169E+00
+5.31047832E-02
+4.22236093E+01
+3.33819497E-01
+9.24871957E-01
+3.73688616E+01
+1.24649941E+00
+5.29474635E-01
+2.55471440E+02
+2.16012117E+00
+6.46318916E-01
+1.51873000E-01
+2.15518263E-01
+4.18598823E-01
+1.32878926E+00
+1.01264227E+00
+2.50914100E+01
+9.90267206E-02
+8.82205663E-01
+9.18601803E-01
+8.64681576E-01
+1.59023091E-01
+5.39353618E-01
+3.35762538E+00
+7.37591188E-01
+8.00088380E-02
+2.09938067E+01
+3.30453318E-01
+2.72479958E-01
+1.94433154E+00
+1.66221015E+01
+5.02280040E-01
+3.97568702E-01
+3.06882838E+00
+2.81258066E-01
+4.28491582E-01
+6.57569759E-01
+1.56328768E+00
+7.03520518E-02
+1.77426189E+00
+3.87320930E+00
+1.30386815E+00
+4.42057780E-01
+1.57893554E+00
+3.53010149E-01
+4.82673588E+00
+8.07262989E+00
+7.73384368E-01
+2.50873715E+00
+1.71313390E+00
+3.78104891E-01
+3.78171435E+00
+1.58476508E+00
+3.06380400E+00
+2.48960742E+00
+1.69192700E+01
+1.70596648E+00
+1.55811786E+00
+1.90429121E+00
+3.75870698E-01
+9.78767600E-01
+3.02199526E-02
+3.21953662E-01
+1.87538144E-01
+2.17130959E+00
+4.43667419E+00
+2.77999252E-01
+1.32103512E-02
+3.08390599E+00
+2.94343859E+00
+2.33033324E-01
+2.76560308E+00
+9.75479289E+00
+2.52094567E+00
+1.37365800E+01
+1.67055086E+00
+3.21816381E-01
+2.28347882E-01
+5.58034121E-01
+6.14853386E-01
+2.49221630E-02
+1.90082109E+00
+2.05489993E+00
+4.56475208E-01
+1.76220296E+00
+6.02432504E-01
+3.86103819E-02
+1.16693519E+00
+2.33973795E+00
+1.02356647E+00
+2.17919776E+00
+1.12609618E-01
+8.56768404E-02
+1.41030394E+00
+1.20559609E+00
+3.30479427E-01
+9.23597657E-02
+1.33982107E-01
+2.91849500E-01
+1.79458567E+00
+6.08609719E+00
+6.58250251E-01
+6.11031482E-01
+4.25261943E+00
+9.92430748E-02
+2.09368167E+01
+7.46142595E+00
+2.11019019E-01
+9.92842433E+02
+6.12366439E-01
+8.41536210E-01
+1.47131390E+01
+2.39256772E+00
+3.60856275E-01
+6.78306592E-01
+8.59366414E+00
+3.57447012E-01
+5.79722754E-01
+8.18193144E-01
+4.95883502E-01
+7.36515763E-01
+4.15679400E+00
+1.75551038E+00
+2.61005836E+00
+1.66050452E+00
+4.43952543E+00
+3.50471656E-01
+6.68633114E+00
+1.48450850E-01
+1.00772060E+00
+7.70699129E+00
+2.96713625E+01
+1.64646026E+00
+7.21457532E+00
+4.97438760E-01
+5.26340307E-01
+7.80643768E-01
+2.86752491E+00
+2.12896912E-01
+9.86951826E-01
+4.80980364E+00
+2.63978893E+02
+6.92087641E-01
+1.49749719E+01
+4.62011155E+00
+8.03137613E-01
+1.36270936E+00
+7.68749685E-01
+3.25210179E+00
+9.27129320E-01
+9.53443844E-01
+2.79530673E+00
+7.70636249E-01
+1.86061988E-02
+2.20214980E+00
+1.83282550E+00
+2.37668605E+00
+7.41086744E+00
+7.27793205E-02
+4.67983274E-01
+1.07152904E+01
+2.65433491E-01
+4.52354854E-01
+6.23401367E-01
+5.57874420E-02
+5.57358877E-01
+2.46110534E+00
+3.62965160E-01
+5.34603597E-01
+8.43854617E-01
+2.22436363E+00
+1.23646084E+00
+3.27835221E+00
+4.09727446E+00
+3.74853018E-01
+8.48295467E-02
+1.86428020E+00
+5.10193885E-01
+5.83167444E-01
+1.08679343E+00
+4.60912359E+00
+1.16681126E+00
+1.02338870E+01
+8.86619586E-01
+1.87695349E+00
+1.57928590E+00
+3.01131060E+00
+1.84090483E-01
+9.22214997E-01
+2.22291176E+00
+3.63602999E-01
+5.10201712E+01
+7.31980572E-02
+1.17506918E+00
+1.12940842E+00
+6.92557070E-03
+6.24939512E-01
+5.04941248E+00
+3.92055334E-01
+1.74831996E+00
+1.83536590E-01
+2.43543457E+00
+5.76428427E-01
+1.22763674E+00
+1.11748118E+01
+6.04311718E-01
+8.15978855E-01
+2.43705667E+01
+8.31820260E-01
+8.34366735E-01
+8.38045979E-01
+3.74321253E-01
+1.07717796E+00
+8.54265246E-02
+8.61847104E-01
+1.19399093E+00
+2.46145427E+00
+1.66875178E+00
+3.27902626E-01
+1.38578023E+00
+3.49064541E+01
+1.29784496E+00
+9.66836142E-01
+1.02817085E+01
+1.18998069E+01
+1.97570730E+01
+4.64228205E-01
+5.09831166E-01
+2.00677170E+00
+1.84759022E+00
+8.03042801E-02
+1.12589433E+00
+1.86217736E-01
+3.36049304E-02
+1.35970592E+01
+8.34128793E-01
+1.38102140E+01
+9.84086533E-01
+2.38208530E+01
+1.37010508E+00
+8.65538530E-01
+2.96801065E-01
+4.34361118E+00
+2.64120377E+00
+2.82057324E+01
+1.61254809E-01
+3.99666309E-01
+1.76661462E+00
+3.97085038E+00
+3.54542504E+00
+8.08435345E-01
+1.19853544E-01
+4.71392267E-01
+4.17183932E-01
+3.31172192E-01
+8.11560414E-01
+2.07918538E-01
+8.14195652E-01
+4.67601976E-01
+1.16385464E+00
+2.22033196E+00
+1.30447086E-01
+6.01100373E-01
+1.39672612E+01
+1.55463837E+00
+2.19638534E+00
+1.40114080E+00
+1.92353241E-01
+1.53264670E+00
+1.10512661E-01
+1.36495233E+00
+2.20339703E-01
+1.72598780E+00
+1.39996524E+01
+2.45935513E+00
+1.03591023E-01
+4.62572239E-03
+5.93754766E+00
+5.48247386E+00
+4.84874027E+00
+1.06696536E+00
+5.03474008E-01
+1.65282704E+00
+7.36862108E-01
+1.21760972E+00
+1.57992577E+00
+1.63643849E-01
+2.09112564E+00
+1.63876699E+01
+2.53166474E-01
+1.59272950E+00
+1.21283531E+00
+7.80018810E-01
+2.01195267E+00
+2.79636217E+00
+8.86417706E-01
+2.38878229E-01
+4.88417626E+01
+8.70870867E-01
+1.67304540E+00
+2.95438220E+00
+1.61637760E+00
+8.87870426E-01
+1.15797007E-01
+2.29879542E+00
+7.63628570E-01
+7.35326555E-01
+2.73417146E+00
+3.14596862E+00
+3.30463591E+00
+5.66038677E+00
+1.87092366E-01
+4.56429240E-01
+1.33444441E+00
+3.32376081E+01
+5.17276790E+00
+3.18928031E-01
+2.93950370E+02
+9.07495083E-01
+5.45326633E+00
+6.49698577E+00
+1.44055591E+00
+4.69313988E-01
+8.93084748E-01
+7.49845679E-01
+1.21221292E+00
+7.03715807E-01
+2.76095931E-01
+1.82806308E+00
+4.58544585E-01
+5.93871697E-01
+5.75136110E+00
+1.33140861E+00
+9.44746766E-01
+2.68572138E-01
+2.09839566E-01
+1.53185062E+00
+9.55972603E-01
+3.81103596E-01
+5.21144868E-01
+9.69249979E+00
+1.59783549E+01
+2.87769622E-01
+1.63777188E-01
+9.22375269E-01
+9.76647195E-01
+5.18972547E+00
+3.77488834E+00
+8.74834119E-01
+1.16085783E-01
+3.65309268E+01
+3.09495135E+00
+7.39136468E-01
+2.46897919E+01
+6.27240815E+00
+1.71969899E+00
+7.88880037E-01
+1.03187542E+00
+1.63416815E+00
+2.26985985E-01
+5.03796106E-01
+3.74731215E+00
+1.17989219E-01
+7.67759953E+00
+5.57807674E-01
+7.81386455E-01
+3.50994085E+00
+2.81745766E-01
+7.94767663E+00
+1.03798863E+01
+1.37813750E-01
+2.88706117E-01
+4.31929484E-01
+1.44018123E+00
+3.64300845E+00
+2.25422356E-01
+4.18072155E-01
+5.46765739E-01
+3.88730685E-02
+5.21214395E-01
+1.46073943E+00
+6.09255328E-01
+2.18996901E+00
+4.77623662E-01
+8.97380933E-01
+1.26524020E-01
+5.01819024E-01
+4.41806765E+01
+8.21966987E-01
+2.67422506E-01
+5.20133308E-01
+1.86654373E-01
+3.10856565E+00
+2.80661258E-01
+5.32196428E-02
+4.96639260E-01
+8.41347709E-01
+1.81784452E+00
+1.47666386E+00
+2.08345786E+02
+1.83110955E+00
+2.32667453E-01
+1.18890453E+01
+9.19397434E-01
+5.18938617E-01
+7.09726615E-01
+9.71267982E-01
+5.47046900E-01
+3.27086520E+00
+1.10009196E+00
+1.68237584E-01
+1.64815998E+00
+1.55925084E-01
+1.17974092E+01
+2.97701535E+00
+1.10790288E+00
+3.82050113E+00
+5.64720953E-01
+1.43359514E+00
+2.28449674E+00
+1.45929854E-01
+4.01133498E-01
+5.64038643E+00
+1.28940364E-01
+4.95481590E+00
+1.19338216E+00
+5.65958985E-01
+3.08236757E+00
+1.90816673E-02
+7.47200795E-01
+1.29606757E+01
+1.06972058E+00
+3.15191807E+00
+2.22323317E+00
+7.46777254E+00
+1.19622618E+00
+1.45176990E+00
+2.47487874E-01
+1.19157704E-01
+2.93973556E-01
+1.42233971E+00
+4.94560936E-01
+8.65013574E-01
+2.90136927E+01
+1.90984778E+00
+4.37640618E+00
+1.88162440E-01
+7.00723020E-02
+2.63143287E+00
+3.30939547E-01
+4.14022470E-01
+1.39565500E+00
+1.18492871E+02
+1.32359920E-01
+3.02896226E+00
+4.52081103E-01
+1.16838264E+01
+6.06722685E-01
+1.66881682E+00
+8.28256079E+00
+2.18074700E+00
+2.40042762E-01
+3.62372674E+00
+1.72610415E+00
+1.83600221E+01
+9.60079177E-01
+7.29959374E+00
+1.42153899E+01
+3.35101959E-01
+2.56535871E+00
+3.94236629E+00
+1.46275519E+01
+4.55715548E-01
+3.31543399E+00
+4.61388297E-01
+5.20161594E-01
+1.07402519E+00
+9.92336613E-01
+7.36356283E-02
+8.00362874E+00
+6.24063401E+00
+1.13774202E-01
+2.18921852E+00
+2.36752838E+00
+5.08707631E-01
+9.75259775E-01
+2.08496877E-01
+3.29012111E-01
+8.19553296E-01
+5.47447224E-01
+9.48784058E-02
+6.93640848E-01
+2.10761395E+00
+1.86576564E+00
+1.21499307E+00
+2.78188438E-02
+1.70744736E-01
+9.85269243E-01
+1.15148207E+00
+1.99921847E+00
+1.15268022E+02
+3.83534610E-01
+7.95318037E-01
+3.48037713E-01
+4.78534316E-01
+3.02226573E-03
+8.19789470E-01
+1.20873659E+00
+1.34542551E+01
+1.57067928E+00
+3.37853857E-01
+6.81314133E-01
+1.97430094E+00
+3.03001592E-01
+9.54372778E-01
+1.57546185E+00
+4.92404989E-01
+2.29439804E-02
+2.30024374E-01
+2.49986408E-01
+1.23438807E+01
+3.28085966E+00
+1.97812141E+00
+6.16056684E-01
+2.26759581E-02
+3.91289091E-01
+1.72361773E+00
+2.00178473E+01
+4.29245339E+00
+1.16046845E+00
+1.56971033E+00
+3.13888986E-02
+1.21523319E-01
+2.71550585E+00
+1.67058244E+01
+5.94613237E-01
+3.97165528E+00
+6.89286338E+01
+1.13085644E+00
+2.97042104E+00
+4.98762517E+00
+1.09600250E+00
+1.65679721E-01
+8.44250081E+01
+3.22639819E+00
+4.78720085E-01
+3.29878680E+00
+2.59617085E+00
+1.59333627E+00
+1.84505986E+00
+5.52616991E-01
+1.10097209E-01
+1.38664714E-01
+7.04340649E-01
+3.92031054E-01
+2.84897508E+00
+8.59884897E+00
+9.89304573E-01
+2.88965954E+00
+1.37760819E-01
+6.77738254E+01
+1.99330286E+00
+9.80330082E-02
+7.83591276E-01
+5.55443288E-01
+1.94075560E+00
+4.62272744E-01
+1.85767142E-01
+1.90195881E-01
+3.23999676E-01
+2.93934643E-01
+1.51779164E+01
+2.29780161E+00
+1.38862397E+00
+6.75118078E-01
+1.26037162E+00
+6.91734022E-01
+8.27554510E-01
+2.94186187E+01
+2.40154140E-02
+1.04223167E+01
+7.76946487E-01
+7.76907484E-01
+8.19953133E-01
+8.16946574E-01
+9.37432448E-01
+8.54363847E+00
+2.79678430E+00
+1.70524456E+01
+6.69274276E-02
+1.83251299E+00
+1.90906551E+01
+1.96259065E+00
+7.86591578E-01
+1.27126607E+00
+7.37114484E-01
+3.86165194E+00
+7.01611589E-01
+2.88426968E-01
+4.61479042E+00
+1.29365859E+00
+2.91597677E+00
+8.58231906E-01
+3.89546265E+00
+7.57133361E-02
+1.25363369E+00
+1.28643339E+00
+7.52749116E-01
+1.48073805E+00
+4.45003841E+00
+1.30180747E-01
+1.89737292E+00
+3.43128415E-02
+3.77806456E-01
+9.44977377E-01
+1.46140204E+01
+1.41153052E+00
+2.05597472E+01
+1.96720353E+00
+4.48206351E-01
+1.82878191E+00
+9.42148989E-01
+1.69407720E+00
+9.04931185E-01
+1.05908887E+00
+1.66025356E+00
+1.17831789E-03
+5.41573882E+00
+1.46770417E+00
+1.25774415E+00
+1.48113589E-01
+6.67559729E+01
+4.17733669E-01
+4.78650781E-01
+1.78424364E+00
+4.43805331E+00
+1.07751875E+00
+7.97277403E+00
+5.98935097E+00
+4.67099139E-01
+1.58922728E-01
+2.13330900E-01
+2.15583175E-01
+5.07117439E+02
+9.14924218E-02
+1.92478009E-01
+6.84224581E-01
+5.51320457E+00
+1.12611101E+01
+1.20301244E+00
+1.28298640E+00
+2.31724597E+00
+2.43376370E-03
+1.71534771E+00
+1.46135066E+01
+2.20391242E-01
+5.88667101E-01
+1.09090295E+01
+5.69208129E-01
+1.28595348E+00
+2.30426478E-01
+5.52167852E-01
+1.31952626E+00
+4.28712424E-01
+3.84754186E-01
+4.37966420E+00
+1.85597350E+00
+1.08993153E+01
+7.20520378E-01
+4.03265201E+00
+1.24490509E+02
+8.85367020E-01
+2.45548662E+00
+1.97846709E-01
+8.73731029E-01
+2.24961109E-01
+1.12517050E-01
+7.08320391E-01
+1.18465134E+00
+1.42408995E+00
+9.17708565E-01
+2.36646074E-01
+2.96115411E+00
+5.07086820E-02
+1.56816974E+00
+5.27291100E-01
+4.96715109E-01
+2.54286349E+00
+1.96102444E+00
+2.61251595E-01
+8.51009017E-01
+1.00586424E+00
+9.87005744E-01
+3.62215636E-02
+4.22060041E-01
+1.14226304E+00
+7.64206899E-01
+3.15370523E+00
+1.18787272E+02
+2.03062458E-01
+9.59851928E+00
+5.24274669E+00
+5.42665772E-01
+9.52459092E-01
+5.38838932E-01
+1.87347304E-01
+5.50810666E-01
+8.83440377E-01
+6.92562890E-01
+4.36535627E+00
+1.46835042E-01
+3.43662813E+00
+3.60679736E-01
+1.98706672E+02
+4.38823471E+00
+1.90190606E-01
+2.47130361E+01
+5.16638039E+00
+6.18215646E-01
+5.38395533E-01
+5.57748649E-02
+1.47981173E+00
+5.15025204E-01
+4.87795061E-01
+2.44829056E+01
+2.30091527E-01
+6.81411659E-01
+9.81366016E-01
+2.04633288E+00
+4.88457117E-01
+2.71480257E+00
+4.35562725E-01
+1.48688303E+00
+2.89469372E-01
+7.31533416E-01
+6.88971548E-01
+6.56223588E-01
+5.68720072E-01
+1.71707520E-01
+1.56665191E+00
+2.00565203E+00
+3.48433455E-01
+1.69229880E+00
+8.94550573E-01
+1.45178273E+00
+6.83627044E+00
+3.96953797E+01
+2.99913113E-01
+3.04313102E-01
+1.80453308E+00
+4.26774190E+00
+1.32812525E-01
+1.46358571E+01
+5.12926731E-01
+4.83078799E+00
+2.34111237E-01
+4.78053161E-01
+8.51274165E+00
+1.05825269E+01
+1.00056049E-02
+1.83948915E+00
+7.21749257E+00
+2.22389533E+00
+6.26201932E-02
+7.84214765E-02
+3.83745764E-01
+5.67377416E-01
+4.00283784E+00
+2.43207002E+01
+8.83345855E-01
+1.16524998E+00
+4.27086934E+00
+1.71894651E+00
+2.62626565E-02
+1.23930720E+00
+1.09596540E+00
+5.79707510E-02
+2.38641817E-01
+6.50245534E-01
+2.20877683E+00
+1.55206768E+00
+4.74375174E+00
+1.29497449E+01
+6.64504944E-01
+2.26343453E+01
+5.24881020E-01
+9.10809193E-02
+9.03145083E-01
+6.31889177E-01
+1.18400745E+00
+1.33321082E+00
+9.22730609E-01
+9.56090917E-02
+4.21508547E-01
+4.41349099E-01
+1.50578229E+00
+1.34480259E+01
+1.42560373E+00
+1.88667946E-01
+9.40716232E-01
+1.74151606E+00
+2.62932073E+00
+1.17123660E-01
+9.59706719E-02
+3.11927358E+00
+4.68233260E-01
+1.02888574E+00
+4.21075445E-02
+1.35000993E+00
+4.26050832E+00
+2.26878310E+00
+1.48493174E-01
+2.38828463E+02
+6.54587186E-01
+3.47587096E-01
+7.38715891E+00
+2.24728099E+01
+2.00349213E-01
+9.71537003E+01
+9.48244279E+00
+1.58265291E+00
+1.24105658E+00
+4.18782085E-01
+6.78201243E-01
+6.48950175E-01
+5.16410329E-01
+5.40115083E-01
+3.13876896E+00
+1.47566033E-01
+8.45229864E-01
+1.63229168E+00
+5.79852430E+00
+3.17660476E-01
+1.48027752E+00
+3.77501976E-01
+1.83408698E+00
+1.23745182E+00
+2.98471632E-01
+1.52229474E+01
+1.97195516E+01
+3.86009699E+00
+9.21322061E-02
+1.56842763E+00
+1.66867268E-02
+8.47812041E+00
+2.60273825E-01
+5.94600215E-01
+7.93238351E-01
+1.24104046E+00
+2.70131463E-01
+8.05368733E+00
+2.51345454E-01
+6.15165672E-01
+1.28930900E-01
+1.47025437E+00
+2.28620754E+00
+3.13707194E+01
+2.62005845E+00
+2.98258040E-01
+9.54956216E+00
+2.24197809E+01
+4.62139185E-01
+4.92642292E+00
+2.50508010E-01
+1.82165506E+00
+6.59219047E-01
+4.84455500E-02
+1.33083958E+00
+7.63856125E+00
+1.67312951E+00
+3.23371115E+00
+6.05508949E-01
+3.40149057E+00
+6.68500766E-01
+9.41180230E-01
+5.59601896E+00
+1.04504406E+01
+1.45335664E+00
+2.70833210E-01
+1.82787181E+01
+7.36194965E-01
+1.46863841E+00
+2.80087449E-01
+1.19567242E-01
+6.71122310E-03
+1.12157545E+00
+6.12197360E-01
+1.46611994E-01
+7.09750913E-01
+1.74385924E-01
+2.99763287E-01
+2.86044976E+01
+4.92267935E+00
+4.96099339E-01
+4.68245929E-01
+2.11965924E-01
+8.44198346E-01
+1.22159583E+00
+2.13867700E+00
+1.09111475E-01
+1.27815496E+00
+2.47190783E-01
+3.23427809E-02
+4.59960383E-01
+7.26904626E-01
+1.10543020E-01
+1.04863130E+01
+8.42699540E-01
+4.44400294E-01
+2.85758507E-01
+1.44140276E-02
+1.31548983E+00
+7.75306020E-01
+1.59021091E+00
+1.13074418E+00
+9.65098222E-01
+3.68124568E+00
+1.15270845E+01
+1.63569878E+00
+2.58082079E+00
+4.64998100E-01
+8.39836548E-01
+1.02156236E+01
+5.06884403E-01
+9.56669131E-01
+5.50294921E+00
+2.68472650E+00
+7.34577494E+00
+2.77988544E+00
+1.73679145E+00
+5.95324602E-01
+2.63464567E-01
+2.99731411E-01
+1.54460725E+01
+2.37414292E+00
+3.86090071E+00
+8.08648149E+00
+6.11815171E+00
+2.47306227E+00
+9.97717652E+00
+5.00148182E-01
+3.88626637E-01
+1.36640546E+00
+2.25453776E+00
+4.13589206E+00
+1.13358544E+00
+8.20895917E+00
+1.46127160E+00
+2.85049433E+01
+1.32093943E-02
+1.13232676E+01
+1.14530329E+00
+3.34660144E+00
+9.62413072E-01
+1.37487853E+00
+3.70388205E+00
+7.21522218E+00
+5.68834689E-01
+1.41971749E+00
+1.84182608E+01
+7.27316569E-01
+2.89611381E+00
+2.10382447E+00
+5.37218475E+00
+2.16198756E+00
+1.68846032E+00
+1.06923925E+00
+4.33493292E+00
+1.32255753E-02
+6.60966618E-01
+5.05698176E-01
+3.36780739E-01
+7.99900899E-01
+1.17858179E+02
+7.62356225E+00
+1.67278824E+00
+1.82490283E+01
+7.12807003E+01
+3.00683761E-01
+1.88434629E+00
+7.94590245E-02
+1.52337718E+00
+2.82495028E+00
+3.97469462E-01
+1.42702456E-01
+1.50215537E+00
+2.09239553E+00
+6.66523756E-01
+1.44596450E+01
+4.50802077E-01
+3.81051645E-02
+8.89114434E-01
+3.05865863E+00
+4.02603989E-01
+8.46728242E+01
+1.32414166E+01
+3.81087827E-03
+1.71639136E+01
+2.87452826E-01
+6.97782779E-02
+5.97535884E+00
+1.13739486E+00
+5.14217271E-01
+1.64754277E+00
+1.37363435E+01
+2.97338964E-02
+2.46712586E-01
+5.81633438E+00
+6.33632718E-01
+2.23365109E-02
+5.30103900E-01
+6.74588475E-01
+5.10792746E+00
+1.59646271E+01
+6.69590164E-01
+9.25900984E-01
+3.09581657E-01
+7.41614375E+00
+5.94479671E-01
+8.47907164E-02
+6.99661461E+00
+1.56814000E+00
+4.48159991E-01
+9.27204912E-02
+9.47397623E+00
+1.68190396E+00
+1.51165836E-01
+2.59782421E+00
+2.98461175E+00
+1.54081219E+00
+1.58656680E+00
+4.10238744E-01
+1.30502648E-01
+1.03710283E+00
+5.30562941E-01
+5.38061984E-02
+1.32958207E-01
+1.14374152E+00
+1.42968779E+01
+5.59815469E+00
+9.40334710E-01
+1.18390173E+00
+9.05838603E-01
+2.26872549E-01
+2.29885993E+00
+1.23418344E+01
+1.38989668E+00
+9.14244766E-01
+2.13643903E-01
+7.22506017E-01
+2.32859893E+00
+8.03970950E-02
+5.50751187E-01
+3.28592609E-01
+6.49045519E-01
+2.36552306E-01
+3.92035706E+00
+4.08117115E-03
+1.62859162E+00
+9.92218507E+02
+2.57547799E+00
+1.54564157E+01
+1.41567692E+00
+2.49718879E+00
+1.78814002E+01
+1.13905024E+00
+1.49468945E+00
+1.28389384E-01
+8.79454295E+01
+1.85322699E+00
+5.92111710E-02
+1.34133983E+02
+2.46800726E-01
+2.28023398E+01
+8.97572303E-02
+1.54490612E+01
+8.19013402E-01
+2.95660378E-03
+9.84056538E+00
+4.56638453E+00
+1.64203209E+02
+4.97130630E-01
+5.05453282E-01
+5.92630910E-01
+5.69407143E-01
+6.55880092E-01
+3.99965618E-01
+2.39328138E+01
+2.12101043E+02
+2.95758904E+00
+9.77985347E-01
+2.67967409E-02
+4.90781179E-01
+1.01111160E-01
+1.17229191E+00
+3.43221637E+00
+1.07335064E+00
+2.12014138E+00
+8.65693023E-01
+1.02444427E+00
+5.46564181E+00
+9.75178757E-01
+6.30686382E-01
+1.39995085E+00
+5.57326228E-01
+1.04474270E+00
+8.56334875E+00
+2.55292704E+00
+4.28818279E-01
+5.00513674E-01
+1.27765488E+00
+3.88096658E-02
+3.73433507E-01
+1.50318039E-01
+4.66743501E-02
+1.92947660E+00
+1.38719298E+00
+5.69702531E-01
+4.30975048E-01
+8.60287566E-01
+5.99555510E-01
+7.37973159E+00
+4.50788787E-02
+4.99789275E-01
+3.29047512E-01
+7.87209243E-01
+6.16544531E+01
+7.20241735E+00
+1.37404304E+01
+1.03745371E+00
+2.30094001E+00
+5.58908025E-01
+7.49638860E-01
+1.80037153E-01
+5.35705370E-01
+9.55568971E+00
+1.85504706E+00
+2.97502163E+01
+1.47888005E+00
+2.45996089E+02
+1.63519896E+00
+4.30240784E-01
+1.32995675E+00
+1.04273057E+00
+1.88966617E-01
+4.75052520E-01
+9.19815168E-01
+3.82771912E-01
+1.10327155E+00
+7.81012582E+00
+3.01320658E-01
+2.02606162E+00
+2.04116171E-02
+6.32060714E-01
+2.41795937E+00
+4.38464549E+00
+1.12569048E+00
+2.95570272E-01
+1.53068515E-01
+1.14373522E+00
+3.75000341E+00
+2.70578832E+00
+2.37586860E-01
+2.81623892E+00
+2.70910155E-01
+2.57674267E-01
+2.80310642E+00
+4.42030760E+00
+1.43223513E+01
+4.22378467E-01
+1.41793702E+00
+1.19216031E+00
+3.28889251E+00
+1.89612190E+00
+3.04230511E+00
+1.79363887E-01
+2.48257086E+00
+1.28915897E+01
+1.33073462E-01
+4.07064596E-02
+1.20279214E+01
+2.23432445E+01
+1.43680324E+01
+5.85372657E+00
+9.53222515E-01
+4.47275116E-01
+1.19936667E+00
+5.85608320E-01
+9.31066256E+00
+9.65829107E-01
+8.61067433E-01
+3.51333282E+00
+1.12121560E-01
+4.81580524E-01
+2.48450904E+00
+2.60392212E-01
+4.40802493E-01
+3.67680306E-01
+2.94004454E+00
+2.02155696E+00
+6.27026168E-01
+2.51424176E+00
+2.84964116E-01
+4.48329041E+00
+2.89717697E+01
+2.76422596E+00
+4.39396447E-01
+5.35608849E-02
+1.21424254E-01
+6.03711046E-01
+3.76643611E-01
+6.55178224E-01
+5.49767070E-02
+2.06842424E-01
+7.92112154E+00
+3.92985813E-01
+7.57146649E-01
+4.12234839E-01
+1.23014374E-01
+3.23988744E+00
+2.24652935E-01
+9.18572690E-01
+3.06076781E-01
+1.40763554E+00
+2.14237202E+00
+1.48249604E+00
+1.30152423E-02
+1.09539447E+00
+9.73417098E-02
+1.30631511E+00
+7.30713630E+00
+2.08555365E+00
+1.56452054E+00
+2.33376956E+00
+2.43837683E+00
+4.85074979E-01
+2.96421776E-01
+5.75491662E-01
+1.03352954E+00
+1.39397217E-01
+9.55422113E+01
+5.21540318E+00
+1.07829136E+00
+8.60994755E-01
+2.77982221E+01
+1.37757293E+01
+3.06763372E-01
+3.31898624E-02
+6.35579014E+00
+7.59141756E-01
+2.90636508E-01
+1.12424841E+00
+1.92330073E-01
+8.30794276E-01
+2.52027978E+00
+7.86489638E-01
+3.22097228E-02
+7.33524532E-01
+1.97156739E+00
+3.34437267E-01
+9.66194321E-01
+1.58578294E+01
+1.53837647E-01
+6.55977043E-01
+9.41012545E-02
+2.10045135E+00
+3.97046783E-01
+1.20077961E+00
+2.10825481E+00
+8.21107515E-01
+4.05012188E-01
+7.76578324E-01
+1.82813288E-01
+2.78813920E-01
+4.02696330E-01
+2.29519039E+00
+1.03720578E-01
+5.69890149E-01
+6.83757685E-01
+3.56004214E-01
+2.78937818E-01
+1.30822819E+00
+1.56804227E+00
+1.43495599E-01
+2.64443975E+00
+1.88694433E+00
+3.80841272E+00
+2.07595629E-01
+8.74785202E-01
+1.95010944E+00
+6.48602187E-02
+1.17346514E-01
+2.80642049E+00
+5.61195646E-01
+2.68355638E+00
+1.79511417E-01
+2.82236072E-01
+5.37795101E+00
+7.71562368E+00
+2.77343978E-01
+1.12000905E+00
+8.46160618E-01
+4.55807963E-02
+9.96827148E-01
+3.70100779E+00
+2.26371585E-01
+1.06173055E+00
+3.83297223E-01
+2.09637336E+00
+6.83264677E+00
+7.09908767E-01
+1.47876325E+00
+7.51632391E+01
+4.90498124E+00
+6.98515523E-01
+6.90623133E+00
+6.26527089E-01
+9.91073174E-01
+2.41587431E+00
+1.89384760E-02
+5.11960249E-01
+1.08123679E+00
+4.49145666E-01
+3.32305557E-01
+1.36717800E-01
+2.33077134E+00
+4.53369043E+00
+2.58894921E+00
+7.98465722E-01
+8.28703273E+00
+1.11193456E+00
+1.02161027E+00
+1.44839464E+00
+4.25022536E-02
+3.70115707E-01
+6.50953192E-02
+1.03075639E+00
+7.44160864E-01
+1.04775765E+00
+1.61378025E-01
+2.82658261E-01
+5.60833865E-01
+5.62021417E-01
+9.61134183E-01
+4.33669763E+00
+4.49456414E-01
+6.11094899E-02
+1.57102243E+00
+3.71013706E+00
+3.07980225E+00
+9.89905866E-01
+3.52439548E-01
+5.72937021E+01
+7.09646026E-01
+1.25819690E+00
+7.64992786E-01
+1.22703669E+00
+9.71590110E-01
+2.97439317E+00
+5.39824934E+02
+6.60562058E-01
+7.09617173E+01
+1.09959701E+01
+3.73445846E+00
+6.24743209E+00
+5.51619280E-01
+4.00971689E+00
+2.09881029E-01
+3.69513698E+00
+2.35432520E+00
+1.75753714E+00
+2.45179502E+00
+2.47777524E-01
+1.22205351E-02
+2.17298937E-01
+2.18948891E+01
+8.25208203E-01
+4.83410579E+01
+7.81689804E-01
+1.49215658E+00
+3.80373904E+00
+1.71957652E-01
+5.68462997E-01
+4.63648351E+00
+3.63788214E+00
+2.23575452E-01
+3.34490720E+00
+3.13176494E+01
+5.85898988E+00
+8.71166276E-01
+8.97738202E-01
+8.37141203E-01
+2.99685018E-01
+7.50507750E+00
+2.44877004E-01
+1.45088261E-01
+2.86253604E-01
+6.16606297E+00
+9.42377817E-01
+1.55132476E+00
+8.73257166E-01
+1.57876863E+00
+1.01641939E+00
+7.26640075E-01
+3.01580556E+00
+1.08918284E-01
+1.17301172E-03
+4.67183366E+00
+1.95120847E+01
+1.13546353E+00
+3.55998633E+00
+5.03870420E-01
+1.29219741E+01
+6.51392965E-01
+5.57275514E-01
+1.98589897E+00
+1.48586340E-01
+2.62645752E-02
