+3.49549952E-01
+8.37536070E-01
+6.36290252E-01
+7.11611635E-01
+6.34450578E-01
+1.24904845E+00
+5.84005627E-01
+3.38782924E-01
+1.35136697E+00
+1.73668416E-01
+1.45141109E+00
+1.46051050E-01
+8.18701044E-01
+2.97788327E-01
+1.23889620E+00
+4.26427357E-01
+2.76987670E+00
+1.40634259E+00
+3.96542860E-01
+6.84196475E-01
+1.27970248E+00
+1.68497096E+00
+1.35249478E-01
+2.55467687E-01
+2.94735566E+00
+2.41575874E-02
+7.77008941E-01
+2.30043311E+00
+7.59601173E-01
+1.15769782E+00
+4.83705085E-01
+4.94104791E-01
+3.00748714E-01
+2.75873530E-01
+7.76223557E-01
+8.29489235E-01
+1.42220317E-01
+1.08183760E+00
+7.99807320E-01
+6.04422636E-01
+1.13360281E+00
+7.57930182E-02
+1.02711220E-01
+6.29477387E-01
+6.51182076E-01
+9.98692730E-01
+3.11400168E-01
+4.03666639E-01
+4.72808882E-01
+4.31991337E-01
+2.44769721E-01
+1.85349002E-01
+2.28372362E+00
+1.62473414E-01
+8.37042419E-01
+8.94101271E-02
+4.18991145E-02
+1.20889129E+00
+6.41159521E-01
+1.13895313E+00
+7.68489238E-01
+2.32977170E-01
+1.57507288E+00
+1.15712920E-01
+8.07098908E-01
+4.92455129E-01
+1.20564597E+00
+1.95843870E+00
+1.15026868E+00
+3.18349417E-01
+8.42270137E-01
+5.40215637E-01
+4.69949743E-01
+4.32273528E-01
+2.04613464E+00
+2.29432986E-01
+9.14078941E-01
+2.91869486E-02
+6.51636588E-01
+4.01186409E-01
+1.18090168E+00
+4.59812642E-01
+9.77842098E-01
+9.66204450E-02
+5.87579593E-01
+1.37184801E+00
+1.20741704E+00
+1.10980947E+00
+5.17792907E-01
+3.20245588E-01
+4.79406004E-01
+2.31994764E-01
+1.65197957E+00
+9.43144979E-01
+1.06433097E-01
+6.82782988E-01
+8.26860181E-01
+1.60323579E+00
+9.86838334E-01
+3.14191243E-01
+4.93196294E-03
+3.12562195E-01
+3.79058182E-01
+3.72684738E-01
+1.59991736E+00
+5.02808006E-01
+9.81666065E-01
+1.64966032E+00
+2.32132634E+00
+1.42077424E+00
+1.24737303E+00
+6.62309246E-01
+1.38296348E+00
+1.02798506E+00
+1.07108538E+00
+6.26639772E-01
+6.81829565E-02
+9.97064544E-02
+8.27216029E-01
+5.31974630E-01
+6.34917961E-01
+4.47536745E-01
+2.49407888E-01
+5.03906187E-02
+1.48669544E-01
+6.22058878E-01
+1.18461195E+00
+1.18945740E+00
+1.73880098E-01
+9.88211776E-01
+1.87007604E+00
+2.28038153E+00
+1.08841819E+00
+1.35286327E-01
+2.61683540E+00
+7.31702047E-01
+2.97745416E-02
+3.35842723E-01
+2.70750017E+00
+1.04316975E+00
+6.27708828E-01
+1.02647411E+00
+4.82558414E-01
+3.89099529E-01
+1.52159700E-01
+2.09809998E+00
+1.23043540E+00
+7.85564673E-01
+7.37091654E-01
+3.00758021E-01
+1.01958763E+00
+8.91805293E-01
+7.81649000E-01
+7.66917872E-01
+1.48537708E-01
+4.08915363E-01
+7.80219461E-01
+1.00864934E+00
+2.70930074E-01
+4.43506774E-01
+9.36687955E-01
+1.58818515E+00
+5.39714653E-01
+7.41014907E-01
+1.37323543E+00
+4.99913111E-01
+1.44047676E-01
+1.36564258E-01
+2.74213660E-01
+3.49793047E-01
+1.10985261E+00
+1.57132986E+00
+3.54833139E-01
+2.26714557E-01
+1.05016589E+00
+5.76622156E-01
+8.67086841E-01
+5.27886517E-01
+1.00396501E+00
+1.70926946E+00
+2.87386123E-02
+2.69829265E-01
+1.08929914E+00
+1.98203244E+00
+1.22414231E+00
+6.57610866E-02
+3.97321677E-01
+7.02792220E-01
+1.68493230E+00
+1.22097965E+00
+1.26536612E+00
+6.21840871E-01
+5.74013096E-01
+5.95674687E-02
+8.17902108E-01
+1.25092308E-01
+3.09700501E-01
+2.12962879E+00
+2.82431372E-01
+7.17360183E-01
+5.71404823E-01
+1.56507035E-01
+9.12305464E-01
+6.81253187E-01
+7.26560372E-01
+4.43121305E-01
+2.72172348E-01
+1.08082888E+00
+3.65683195E-01
+1.57665634E+00
+1.39422537E+00
+3.13833842E-01
+8.83974039E-01
+6.44379164E-01
+5.71404100E-01
+9.66877616E-01
+1.78944210E+00
+1.10363036E+00
+3.57743588E-01
+2.31624493E-01
+2.17527308E-01
+8.54065455E-01
+1.15759661E+00
+4.52817872E-01
+2.72453863E-01
+4.33330824E-01
+6.79024741E-01
+4.41601752E-01
+2.61920230E-02
+1.54876726E+00
+5.39044484E-01
+5.47735294E-02
+1.10348050E+00
+2.79276773E+00
+1.32048947E+00
+5.44890849E-01
+5.27847968E-01
+8.86432207E-01
+4.27469177E-01
+4.74723236E-01
+1.61836856E+00
+9.74312266E-01
+3.75388169E-01
+5.33778591E-01
+5.48427028E-01
+3.60077628E-01
+3.56437832E-01
+2.85963413E-01
+6.04503865E-01
+4.36547343E-01
+8.58113492E-01
+2.05952978E-01
+7.67459894E-01
+8.18447744E-01
+1.56785640E+00
+8.12181289E-01
+1.09370477E+00
+3.24449099E-01
+2.49874527E-01
+3.13099933E-01
+1.62895120E-01
+1.90575088E-01
+1.59661864E+00
+4.54822055E-01
+4.50908201E-01
+1.20602459E+00
+1.11213171E+00
+2.02328635E-01
+4.48685589E-01
+4.36897396E-01
+6.57966532E-01
+1.43458773E-01
+1.00480414E+00
+5.21947299E-01
+1.82862524E+00
+2.85722822E-01
+6.18015447E-01
+1.69454575E+00
+1.09543184E+00
+4.22604676E-01
+1.04981030E+00
+5.15115811E-01
+1.91066621E-01
+3.15677943E-01
+1.41794470E+00
+8.61614078E-01
+1.80815727E+00
+3.16514334E-01
+1.61063438E+00
+1.08118675E+00
+7.42771122E-01
+3.55573995E-01
+6.77753956E-01
+4.21047030E-01
+8.47286313E-01
+8.09034914E-01
+1.28578707E+00
+7.16517331E-01
+1.26573361E+00
+1.30585461E+00
+8.52568832E-01
+7.46500843E-02
+8.14206580E-01
+1.24419405E+00
+5.86087842E-01
+1.69298187E+00
+4.83208390E-01
+7.10647407E-03
+1.27501937E+00
+1.55071472E-01
+1.01435742E+00
+3.64446625E-02
+6.18061321E-02
+6.17502479E-01
+9.12160673E-01
+1.06342139E-01
+6.27140361E-01
+1.60214621E+00
+2.17872629E-02
+2.11533392E+00
+5.43495922E-01
+5.20488637E-02
+1.13608636E+00
+3.22373631E-01
+8.84032802E-01
+5.08770750E-01
+4.29474864E-01
+1.03262180E+00
+2.79959412E-02
+8.46121850E-02
+2.29028272E+00
+1.45213071E-01
+2.94139405E-01
+1.05071431E-01
+1.42740175E+00
+6.53284933E-01
+8.52763324E-01
+7.06066352E-01
+7.39496168E-01
+9.08515943E-01
+1.45366373E+00
+3.77331855E-01
+2.73063566E-02
+1.77901384E+00
+8.28255099E-01
+6.38429843E-01
+1.19965018E+00
+2.07601441E-01
+1.60134020E+00
+4.62039316E-01
+6.62883859E-01
+1.06899312E+00
+3.92697734E-02
+1.44356556E-01
+5.92384435E-01
+1.06191867E-01
+6.33264719E-02
+1.36764288E-01
+9.91569708E-01
+2.31942387E+00
+2.72355130E-01
+1.27127021E+00
+6.02963405E-01
+1.65297974E+00
+9.10970381E-01
+8.72866300E-01
+6.81322889E-01
+2.44496575E+00
+4.23929604E-01
+5.02596697E-01
+3.35406069E-01
+4.14720160E-01
+6.50557413E-01
+3.16684928E-01
+7.61667700E-01
+2.85343989E+00
+1.27170199E+00
+3.14439451E-01
+1.15388574E+00
+1.67575664E+00
+1.60644860E+00
+3.72698589E-01
+1.53367389E-01
+3.65881870E-01
+5.66078656E-01
+4.11411463E-01
+1.60999278E+00
+2.58190241E-01
+8.10783150E-01
+1.92432140E-01
+4.11222659E-01
+3.66697658E-01
+1.26932184E+00
+7.98232577E-01
+7.89832594E-01
+1.58591954E+00
+1.43733078E-01
+2.56080566E-02
+7.76953307E-01
+1.39230243E-01
+1.43251708E+00
+5.75532349E-02
+2.04770363E+00
+9.52131876E-01
+2.70478598E+00
+7.15845673E-01
+3.89272951E-01
+9.36441349E-01
+1.87905252E-01
+8.98547590E-01
+6.63215949E-01
+1.32338071E-01
+3.49892969E+00
+1.45061715E-01
+1.28395098E+00
+3.27685824E-01
+1.19983822E-01
+1.37995183E+00
+3.53178593E-02
+1.55908830E+00
+2.82143850E+00
+1.18922699E+00
+1.43850350E+00
+1.24551933E-01
+1.91995707E-01
+5.14243333E-01
+1.03895406E+00
+9.52672029E-01
+3.26724361E-01
+1.41362784E+00
+5.49108184E-01
+5.21294079E-01
+1.43944677E-01
+7.23977473E-01
+8.62291742E-01
+1.24671104E+00
+7.47098754E-02
+7.15397992E-01
+9.10608587E-01
+1.21324543E+00
+8.31654622E-01
+1.21613035E+00
+2.98870514E-02
+2.16194920E-01
+1.08110464E-01
+2.90324034E-02
+2.67844976E-02
+7.18161223E-01
+4.99458721E-01
+1.06870842E-01
+9.74929431E-01
+6.10561711E-01
+7.03193514E-01
+7.52662726E-01
+1.02236406E+00
+7.86907138E-01
+2.37456847E+00
+3.99308686E-01
+3.49537888E-01
+8.45784139E-01
+5.31403703E-01
+3.63077738E-01
+1.26398110E+00
+4.64593581E-01
+4.66869940E-01
+2.69928910E-02
+1.00669968E+00
+3.45165183E-01
+7.57272845E-01
+3.18542555E-01
+1.58987035E+00
+7.95917385E-01
+6.17950025E-01
+3.87857138E-01
+1.35373782E+00
+3.03296133E-01
+9.22751555E-01
+4.96345377E-01
+1.27077653E+00
+3.15737612E-02
+1.15801464E+00
+5.07478488E-01
+1.07585470E+00
+6.93031881E-01
+2.76477196E-01
+1.29715901E+00
+9.07065796E-01
+8.51878880E-01
+1.64677550E+00
+1.20823910E+00
+7.86727999E-02
+4.16035144E-01
+6.79161982E-01
+6.81675807E-02
+8.52945993E-01
+2.49722240E-01
+3.29373763E+00
+7.49670152E-01
+7.56126181E-01
+6.08407672E-01
+6.16614623E-01
+2.98699543E-01
+1.47656209E+00
+7.07234494E-01
+1.84920117E-01
+3.42656418E-01
+8.72037504E-01
+1.83410187E+00
+1.22583200E+00
+1.42042850E+00
+1.02174925E+00
+1.12791697E+00
+4.66762672E-01
+7.84504732E-01
+8.89382650E-01
+3.56499051E-02
+1.15586500E+00
+2.65974614E-01
+6.42958570E-01
+1.40184489E-01
+3.96114382E-01
+6.75479233E-01
+3.52280602E-01
+7.88350813E-01
+6.27151743E-01
+1.61826913E+00
+4.09730329E-01
+7.89900628E-01
+9.14121820E-01
+1.24449108E+00
+5.64831788E-01
+4.67681114E-02
+1.80358121E-01
+1.62356919E+00
+1.10407143E+00
+1.68488202E+00
+7.15603371E-01
+8.61593128E-01
+2.60846900E+00
+7.55964685E-03
+1.01750754E+00
+1.68783577E+00
+2.11154733E+00
+7.76567849E-01
+2.48955808E-01
+1.12205152E+00
+8.42581140E-01
+3.40692023E-01
+1.24578391E+00
+1.34715690E+00
+7.11677295E-01
+1.64815889E-01
+1.18682239E+00
+1.21726216E+00
+5.50874322E-01
+6.94504858E-01
+5.00364322E-01
+7.30329312E-01
+6.39217341E-01
+7.24018514E-01
+1.05418033E+00
+1.36772079E-01
+4.93413868E-01
+8.36814213E-01
+5.09517152E-01
+3.13677406E-01
+1.13663699E+00
+7.70351415E-02
+1.99066696E-01
+4.63653913E-01
+4.81504135E-01
+1.90580928E+00
+6.27047721E-01
+1.19348431E+00
+1.49011509E+00
+1.59230859E+00
+5.39829234E-01
+1.10754904E+00
+9.11923545E-01
+2.68254871E+00
+4.42781921E-03
+4.98267527E-01
+7.42110649E-01
+4.98607379E-01
+1.67738736E+00
+2.30169063E+00
+8.42511208E-01
+5.36848109E-01
+1.33929061E+00
+3.35258637E-01
+1.26030782E+00
+4.66279634E-01
+5.98530647E-01
+1.53381760E+00
+8.56992920E-01
+8.46575501E-01
+5.75846236E-01
+1.54728320E+00
+5.70610922E-01
+1.60238739E+00
+2.52561898E-01
+4.16082359E-01
+1.02748756E+00
+8.70776314E-01
+5.24034765E-02
+2.20153383E+00
+2.89122559E-01
+1.47974024E+00
+9.29409431E-01
+5.82950361E-01
+1.60913891E+00
+1.40541778E+00
+2.83696621E-01
+2.44066082E-01
+1.50431807E+00
+3.04977782E+00
+5.38630461E-01
+8.31927696E-01
+2.20027780E-01
+1.56214397E-01
+1.81884468E-01
+8.92338541E-01
+2.44809757E-01
+5.25910557E-01
+1.05145201E+00
+1.00513453E+00
+4.06491396E-01
+3.83653661E-01
+8.17652887E-02
+6.28483160E-01
+4.59821244E-01
+1.23518928E+00
+8.48674880E-01
+2.62737378E-01
+3.76474453E-01
+1.57416520E+00
+3.88085602E-02
+8.13164440E-01
+1.33231086E-01
+4.30041141E-01
+3.10478600E-01
+4.84458374E-01
+1.05684689E+00
+2.32859636E-01
+2.38472859E-01
+3.00141808E-01
+8.98390812E-01
+1.10556479E+00
+2.53220657E-03
+2.35030672E+00
+1.84113044E+00
+2.17834277E-02
+7.63837820E-01
+9.27642325E-01
+6.88391302E-01
+1.36745875E+00
+8.89969286E-01
+1.07843003E+00
+2.68723214E-01
+1.61847653E+00
+1.20245156E+00
+2.88046841E-01
+4.83434621E-01
+1.47798936E+00
+9.13652460E-01
+4.94369378E-01
+1.31445904E+00
+1.36117286E+00
+3.68266711E-01
+1.77720810E-01
+1.43670171E+00
+7.26171950E-01
+4.37905436E-01
+6.16145629E-01
+3.94143636E-02
+1.53140052E+00
+2.98688833E-01
+8.53444526E-01
+6.81109890E-01
+1.35556062E+00
+1.59608318E+00
+1.12919581E+00
+6.30634697E-01
+9.37283883E-01
+3.91972243E-01
+5.62328912E-02
+6.93905036E-01
+1.61571091E-01
+8.38290501E-01
+7.97507053E-01
+7.48684132E-01
+5.74790982E-01
+1.09631411E-01
+1.38369099E+00
+3.10402956E-01
+1.63735290E+00
+1.38052521E+00
+1.72797557E+00
+9.16358454E-01
+1.27991921E+00
+8.67358472E-02
+5.69182837E-01
+2.38862197E-01
+3.73515802E-01
+7.06036965E-01
+1.10795777E+00
+2.09985686E-02
+1.62016972E+00
+5.81218275E-01
+2.38614255E-01
+3.86556413E-01
+2.04131226E-01
+8.04937574E-01
+5.54776819E-01
+2.91808594E-01
+6.47605870E-01
+2.03158661E+00
+6.62524946E-01
+9.58859744E-01
+9.53882036E-01
+1.08584920E+00
+2.64730042E-01
+1.78511315E+00
+6.62788019E-01
+2.39897991E-01
+4.59331284E-01
+1.21030997E-01
+4.05476104E-01
+3.06104087E-01
+6.08066367E-01
+8.82618668E-02
+9.09181107E-01
+9.99367995E-02
+2.30839768E+00
+1.94385320E+00
+2.42876178E+00
+7.11599114E-01
+1.17933453E+00
+2.58266211E-01
+1.61234008E-01
+2.73940337E-01
+3.90188088E-01
+5.57834404E-01
+2.12963771E+00
+9.04485215E-01
+8.75448955E-01
+2.38825076E-02
+5.92884265E-01
+1.61294132E+00
+9.03157388E-01
+1.93584042E-01
+1.81799975E+00
+5.49629203E-01
+5.57237639E-02
+1.56729276E-01
+5.84299426E-01
+2.65109156E-01
+7.89784580E-01
+4.61449655E-02
+1.09296996E-01
+9.76403441E-01
+9.95710138E-01
+1.37370545E+00
+1.02055308E+00
+5.61786922E-01
+7.72533088E-01
+4.06715303E-01
+4.43205858E-01
+1.56321791E+00
+9.57117753E-01
+5.16161921E-01
+1.14047376E-01
+7.66180855E-02
+1.60900528E+00
+1.52097037E+00
+1.19898113E+00
+3.08221323E-01
+1.17431439E-01
+7.39966952E-01
+2.31748328E+00
+2.18688862E+00
+2.43279245E+00
+8.38294735E-01
+6.27260822E-02
+2.27281194E-01
+8.05748271E-01
+4.51882124E-01
+7.99941202E-01
+2.14372205E-01
+2.77574575E-01
+6.36581514E-01
+1.00205239E+00
+5.17377668E-01
+8.54483209E-01
+4.24829589E-01
+1.10507247E+00
+7.55805792E-01
+1.30730193E+00
+1.51217012E+00
+5.44351535E-02
+9.66001776E-01
+5.65371844E-01
+8.54031311E-01
+6.05153049E-01
+8.06399277E-01
+2.99651314E-01
+1.23806382E+00
+4.55022336E-01
+3.12400868E-01
+8.83808950E-02
+4.75196347E-01
+1.18479447E+00
+8.00799750E-01
+1.41944893E+00
+4.52033217E-01
+6.40786340E-01
+2.22128974E+00
+7.72704033E-01
+1.98725406E+00
+1.68383624E+00
+2.21160031E-01
+9.60263176E-01
+1.21829764E+00
+3.03513382E-01
+1.90654562E-01
+1.56270743E+00
+1.00679043E+00
+3.01507448E-01
+1.58704273E+00
+3.71467892E-01
+5.35245691E-01
+5.37145012E-02
+7.03862914E-01
+8.63644502E-01
+4.28728582E-01
+3.93287410E-02
+5.94466906E-01
+4.30031696E-01
+8.84194133E-01
+6.22624381E-01
+1.92692623E+00
+9.69649659E-01
+1.10712387E-01
+1.41326340E+00
+1.65937824E+00
+2.19454283E-01
+1.59986375E+00
+1.05550069E+00
+6.14102275E-02
+3.45632738E-02
+1.37754938E+00
+8.71057304E-01
+8.27594222E-01
+7.28500756E-01
+7.56701330E-01
+7.03672152E-01
+1.26117977E+00
+1.27197623E+00
+3.07457785E-01
+3.49253408E-01
+5.89364036E-01
+1.51325485E+00
+2.42191810E-01
+1.04533440E+00
+1.83602920E-01
+9.05931932E-01
+3.90312975E-01
+5.42500920E-01
+2.66571822E-01
+7.75459512E-03
+3.53995505E-01
+7.61122871E-01
+6.01153823E-01
+2.55671917E+00
+9.32919187E-01
+7.38869336E-01
+1.00462970E+00
+1.91429105E-01
+1.27601079E-01
+7.94550792E-01
+6.63889843E-01
+1.30037424E+00
+1.31680455E+00
+7.83737964E-01
+1.19429867E+00
+5.85217337E-01
+1.01278155E+00
+1.51797973E-01
+1.14751763E+00
+5.08884933E-01
+1.64110680E+00
+6.99056892E-01
+2.12764273E+00
+3.69723940E-01
+1.16087906E-01
+1.10021607E-01
+1.18675424E+00
+9.95121089E-01
+5.22011688E-04
+2.38707223E-01
+6.08865383E-01
+1.41518371E+00
+3.16455484E-02
+6.49081348E-01
+1.35892805E+00
+2.44254732E-01
+1.12965056E+00
+3.60504346E-01
+1.13075784E-01
+2.38475973E-01
+7.83867082E-01
+7.47769476E-01
+7.84617446E-01
+1.89941617E-01
+2.90886144E-01
+2.96760541E-02
+9.60713927E-01
+1.50216312E+00
+1.15007810E+00
+1.69265519E+00
+5.78548117E-01
+4.16778288E-03
+1.43624483E+00
+7.55604789E-01
+4.94028795E-01
+3.00960039E-01
+4.37187351E-01
+4.33950421E-01
+7.31489479E-01
+7.01312884E-01
+1.24061750E+00
+8.79609779E-01
+5.40604961E-01
+7.92587167E-01
+1.40458957E+00
+7.12817613E-01
+4.24740863E-01
+1.90268265E+00
+7.35067641E-01
+1.74385806E+00
+1.12568565E+00
+1.92043244E-01
+2.64370373E-01
+1.02787883E+00
+2.72034228E-01
+5.23563650E-01
+2.38588454E-01
+8.93922333E-01
+4.02242481E-01
+2.45781092E-01
+2.79583901E-01
+1.87915053E+00
+8.21692727E-01
+1.58226986E-01
+1.06617114E+00
+6.43467649E-01
+5.76989509E-01
+8.38643618E-01
+1.86264837E+00
+4.11556145E-01
+7.80911801E-01
+1.39711352E+00
+2.46300965E-01
+5.92508299E-02
+1.85773541E-02
+7.26563433E-01
+1.74987758E-01
+9.50702895E-01
+1.93538073E+00
+2.92816169E-01
+1.79415919E-01
+1.26016604E+00
+9.65633067E-01
+1.98311141E+00
+9.18907346E-01
+2.11786678E-01
+5.26798511E-01
+1.10990721E+00
+8.62691570E-02
+1.01929059E+00
+1.37251997E+00
+2.40728299E+00
+3.03035609E-01
+1.50904281E+00
+1.06794016E+00
+5.40934183E-01
+1.62794251E-01
+5.10048188E-01
+7.92397287E-01
+3.67693334E-01
+5.63774093E-01
+1.15016480E+00
+1.06313110E+00
+8.66288180E-02
+7.27615310E-01
+2.88333063E-01
+9.22359170E-01
+1.65900962E-01
+1.29266753E+00
+1.51986829E+00
+1.97367342E+00
+7.98743897E-01
+6.54225844E-01
+1.83194623E+00
+9.67602584E-01
+2.06086749E+00
+1.37094439E-01
+7.60694896E-01
+1.14474136E+00
+1.91917622E-03
+1.04423489E+00
+8.73223650E-01
+6.44451684E-01
+1.43744565E-01
+2.28091131E+00
+1.35625460E+00
+1.01922181E-01
+1.61429528E+00
+2.85297794E+00
+9.99580791E-01
+7.74532033E-01
+6.24649546E-01
+1.15108921E-01
+1.37468465E+00
+5.45330457E-01
+2.64524010E-01
+9.82995702E-01
+2.18118865E+00
+1.52400286E+00
+2.50859724E-01
+1.25008943E+00
+1.55925404E+00
+2.55658038E+00
+1.18974243E-02
+1.93796408E+00
+1.16642384E-01
+8.54548296E-01
+1.86894750E+00
+6.38440177E-01
+1.35220359E+00
+1.03973326E+00
+1.35320310E+00
+2.75632269E+00
+7.37393743E-01
+6.28336208E-01
+4.41445295E-01
+7.76120488E-02
+2.68831359E-01
+1.46094951E-01
+8.19061449E-01
+1.42016516E-01
+4.02991073E-01
+1.02219183E+00
+3.81860697E-01
+1.19685521E+00
+1.67863639E+00
+2.31715036E-01
+1.57659486E+00
+3.59974060E-01
+1.01410867E-01
+1.05180517E+00
+1.66417858E+00
+1.62980852E-02
+2.61403810E-01
+1.18495968E+00
+7.71042091E-01
+3.62837062E-01
+5.76956770E-01
+9.42608689E-01
+3.04677034E-01
+5.92278215E-01
+1.36406427E-01
+1.72962110E-01
+9.99588663E-01
+4.68213585E-02
+8.37113285E-01
+4.93727091E-01
+1.58040528E+00
+5.45912388E-01
+3.10743007E-01
+7.93524436E-01
+1.79448082E-02
+7.03327646E-01
+4.39984120E-01
+1.56775449E+00
+4.84680832E-01
+6.01617265E-01
+8.69983268E-01
+1.03095240E+00
+4.07565113E-01
+1.00031679E+00
+1.17612818E+00
+4.05290839E-02
+1.15274347E+00
+3.37703218E-01
+9.84736308E-01
+7.38286307E-01
+1.46548309E+00
+1.47444563E+00
+1.22943735E-01
+1.09358982E+00
+1.44643178E+00
+2.09727353E-01
+9.03688619E-01
+3.11745782E-01
+1.06125027E+00
+5.38894495E-01
+1.09737536E+00
+1.66878866E+00
+1.95161911E+00
+1.10854601E-02
+1.60165776E-01
+2.05114220E-01
+1.54808628E+00
+6.68233392E-01
+6.53803478E-01
+1.60805381E+00
+7.79332285E-01
+7.81678615E-01
+2.06612801E+00
+1.87875531E+00
+2.32789958E-01
+3.27137295E-02
+1.25118562E+00
+5.33002019E-02
+3.93532648E-01
+1.76982832E+00
+1.06906682E+00
+3.40703915E-01
+3.92760167E-01
+3.16554643E-01
+2.00758563E-01
+4.23912580E-01
+7.40898384E-02
+2.50838442E-01
+7.86902998E-01
+1.08751299E+00
+5.60064375E-01
+1.90012238E-01
+9.52897218E-01
+7.90281222E-01
+1.49515217E-02
+2.33719105E-01
+5.70101669E-01
+3.16205275E-01
+4.70637365E-01
+5.12236741E-01
+1.38878162E-02
+1.10355346E+00
+1.63703302E+00
+1.04618923E-01
+6.18824330E-01
+2.36993172E-01
+6.74244759E-01
+6.53686593E-01
+1.15576824E+00
+3.16247216E-01
+1.11283041E-02
+2.87021453E-01
+4.36683348E-01
+1.93510868E+00
+2.17893536E+00
+6.19467461E-01
+2.72252203E-01
+8.31588644E-02
+7.35985804E-01
+8.37439882E-01
+6.39715375E-01
+2.97928508E+00
+2.36619484E-02
+1.56421759E+00
+6.25628584E-01
+3.91222752E-01
+5.24467666E-01
+2.50462949E-02
+9.16597104E-02
+1.96983363E+00
+4.97891722E-01
+1.70460103E+00
+1.93109258E+00
+3.52213605E-01
+5.07865670E-01
+8.37783273E-01
+2.36396737E-01
+2.21220778E-01
+1.80734815E+00
+5.57095799E-01
+9.08431629E-01
+3.95151948E-01
+7.32532593E-01
+3.72495187E-01
+6.39254375E-01
+3.62660286E-01
+5.41620275E-01
+2.58278148E+00
+2.72679308E-01
+1.64125044E-02
+1.52625645E+00
+4.58448521E-01
+1.93596105E-01
+1.14551149E+00
+1.29533068E-02
+9.43921936E-02
+1.44156315E+00
+8.57739016E-01
+1.37168513E+00
+1.03692745E+00
+1.66497841E+00
+3.43460948E-01
+5.33012644E-01
+2.09443625E-02
+1.21845264E+00
+3.38983123E-01
+4.63190276E-01
+3.78083194E-01
+1.03512108E+00
+7.97724279E-01
+1.19426814E+00
+1.19109363E+00
+2.64086596E+00
+1.47493700E+00
+5.43804229E-01
+1.76823699E+00
+8.30682541E-01
+2.27731399E-01
+7.16960935E-01
+4.46212787E-02
+4.61589638E-01
+1.10710634E+00
+1.13790234E+00
+1.85280907E+00
+1.21454609E-01
+2.61412714E-01
+4.90783080E-01
+5.15959112E-01
+1.12981037E+00
+1.40199756E+00
+1.66563568E+00
+2.29290677E-01
+4.05576783E-01
+4.48051928E-01
+1.07202374E+00
+4.36224329E-01
+2.75490154E-02
+7.98521927E-01
+2.78366250E-01
+9.13487401E-02
+1.42711748E+00
+1.97516930E+00
+9.51701103E-01
+6.98021591E-01
+8.47606758E-01
+3.56707615E-01
+1.85911097E+00
+5.56238343E-01
+5.36626373E-01
+1.94143294E-01
+1.20085252E+00
+6.89411255E-01
+4.27808254E-01
+3.33607040E-01
+1.83264596E+00
+1.37686940E+00
+8.35786954E-01
+1.86598345E+00
+7.48339393E-01
+4.74482245E-01
+1.03608474E-01
+4.26086254E-01
+3.28302831E-01
+2.07049719E-01
+2.50607288E+00
+1.22478179E+00
+2.83157343E-01
+6.23916065E-01
+2.80091678E-01
+2.09219767E+00
+1.32981000E+00
+1.33061674E+00
+2.20322820E+00
+1.87885445E+00
+1.40198146E+00
+9.66604090E-01
+1.43476496E-01
+1.56442040E+00
+4.54627188E-01
+8.94732989E-01
+1.69728642E+00
+1.72142762E+00
+1.07022675E+00
+1.17227677E+00
+9.76862216E-01
+8.33151282E-01
+7.21416675E-01
+5.18499294E-01
+1.03909834E+00
+2.87845186E-01
+7.97484664E-01
+1.23165325E+00
+8.38277531E-01
+1.61356000E+00
+1.47516272E-02
+5.83963381E-01
+9.86475262E-01
+6.24285749E-01
+4.25616948E-02
+6.05032613E-01
+1.02596014E+00
+6.05162507E-01
+1.44635869E+00
+7.17161571E-01
+1.78602402E-01
+5.75412531E-01
+2.68952140E+00
+1.33527319E+00
+9.65404589E-01
+3.70377519E-02
+6.58306412E-01
+9.28265052E-01
+9.56383464E-01
+1.50062093E+00
+3.61313307E-02
+4.51392189E-01
+1.27573639E+00
+1.23464772E+00
+9.77227318E-01
+1.49576797E+00
+1.08269278E+00
+4.73205704E-01
+1.49603004E+00
+6.84884479E-01
+6.93390810E-01
+6.47226396E-01
+1.18557315E+00
+4.33503431E-01
+7.31576425E-01
+2.99462353E-01
+5.92513076E-01
+1.55592014E+00
+1.19457946E-02
+1.70005254E-01
+1.03965614E+00
+1.44467695E+00
+1.87483906E+00
+2.13669625E+00
+3.07303301E-01
+1.92231759E+00
+1.07626909E+00
+4.51359152E-01
+1.05592363E+00
+4.97855297E-01
+8.58302266E-01
+2.97750384E-01
+2.58096835E+00
+2.66817263E+00
+7.27897642E-01
+6.76386298E-01
+7.36261035E-01
+1.68548085E-01
+1.48122139E+00
+2.33391358E-03
+2.04622130E+00
+4.26915750E-01
+2.57637836E-01
+1.31999174E+00
+5.15336920E-01
+4.02153420E-01
+1.02230693E+00
+1.10976238E+00
+7.11477089E-01
+3.71931028E-01
+6.11508068E-01
+1.21039852E+00
+9.75250493E-01
+1.26190829E-01
+6.10583880E-01
+1.07716247E+00
+9.49236804E-01
+2.09476481E-01
+4.66948900E-01
+2.41405007E-01
+8.41352651E-01
+7.59575936E-01
+1.79532495E+00
+9.90386366E-01
+3.21094348E-01
+4.32433757E-01
+3.32826925E+00
+2.54653322E-01
+7.58133664E-01
+9.56392667E-01
+1.52478820E+00
+2.72214818E-01
+1.72013056E+00
+7.75280465E-01
+1.49933176E+00
+4.92687691E-02
+4.46885883E-01
+3.77091606E-01
+1.62937883E+00
+4.80368833E-01
+8.86285987E-01
+5.32601090E-01
+1.18427692E+00
+5.79118158E-01
+1.51987883E+00
+5.83477966E-01
+1.29680937E+00
+1.12949386E+00
+1.37985010E+00
+1.00837559E+00
+1.08485623E+00
+2.12162426E-01
+4.64066523E-01
+3.05133594E-01
+1.21761791E+00
+5.89124397E-01
+1.57807881E+00
+5.99495545E-01
+5.47413635E-01
+7.30778952E-01
+1.61396739E+00
+2.06534781E-01
+1.42269537E+00
+9.43108615E-01
+5.45001355E-01
+4.60838087E-01
+1.10755737E+00
+6.09201632E-01
+7.49997452E-01
+7.54068485E-01
+9.62171165E-01
+3.42928762E-01
+8.77853995E-02
+4.83327648E-01
+1.50007734E-02
+2.48950626E-01
+1.56718691E-01
+5.49336618E-01
+1.04017691E+00
+5.16513632E-01
+3.00512713E-01
+1.07913779E+00
+1.00185581E+00
+2.04432052E-01
+7.06612151E-01
+1.93767411E-01
+1.74216517E+00
+2.95511665E+00
+3.51589820E-01
+8.83607323E-02
+5.62745656E-02
+7.79165224E-01
+3.84789126E-01
+1.31881543E-01
+9.95502081E-01
+2.61321169E+00
+4.76205456E-01
+4.92530336E-01
+1.11079304E+00
+1.54578128E+00
+1.18869621E+00
+1.07850708E+00
+9.99518831E-01
+5.05462993E-01
+4.53910193E-01
+9.57411390E-01
+6.29839906E-01
+1.32747043E-01
+3.03175548E+00
+9.40911202E-02
+6.83720314E-01
+4.28745508E-01
+8.74630494E-01
+1.82599703E-01
+1.49517807E+00
+1.69061986E+00
+5.33850898E-01
+1.14236187E+00
+4.32355902E-02
+1.35994481E+00
+1.36027240E-01
+1.06827939E+00
+9.08426008E-01
+8.63826300E-01
+3.27871856E-01
+6.11310602E-01
+4.39793687E-01
+1.47629943E-01
+1.59514325E+00
+2.50959136E-01
+3.18124851E-01
+1.48139293E-01
+6.50891990E-01
+2.38965587E-01
+9.46120768E-01
+1.79617718E+00
+5.20662413E-01
+1.82193806E-01
+1.08878170E+00
+1.15021711E+00
+5.75427582E-01
+1.69962091E+00
+5.45709435E-02
+1.03281776E+00
+1.87366365E-01
+1.08441185E+00
+2.39238193E+00
+1.98008678E-02
+1.57231958E-01
+7.07599665E-01
+8.97649326E-01
+4.50727187E-01
+1.20719460E+00
+1.24979335E-01
+3.37831373E-01
+6.60447955E-01
+2.06658360E-01
+2.46969890E-01
+3.02822028E-01
+4.06210583E-01
+7.28037972E-01
+2.31159825E-01
+8.21980655E-01
+5.61950243E-01
+2.95287376E-01
+2.27698675E-01
+1.97506245E-01
+4.40127168E-01
+1.52144033E+00
+2.01417751E+00
+5.56994094E-01
+8.19291943E-02
+1.44170562E+00
+2.58029010E-01
+7.58745666E-02
+6.63368188E-01
+1.40904561E+00
+4.20634341E-01
+1.22385051E-01
+2.49842950E+00
+1.62984327E-01
+1.39749495E-01
+1.52615334E+00
+1.45667633E+00
+7.82417195E-01
+6.06355563E-01
+5.97836259E-01
+1.43597067E+00
+3.36071776E+00
+3.42795926E-01
+9.72019939E-02
+9.42118704E-01
+1.59219464E+00
+1.13317108E+00
+5.62162623E-01
+1.45970655E+00
+2.94496376E-01
+8.79356613E-01
+8.64991406E-01
+2.01711026E-01
+2.05497226E+00
+1.10251297E-01
+1.69369276E+00
+1.07113134E+00
+1.30555153E+00
+1.66693450E+00
+8.26865226E-01
+6.21749920E-01
+1.24819375E+00
+2.94830723E-01
+8.07014406E-01
+2.35834003E+00
+3.54900218E-01
+8.12508914E-01
+1.15089852E+00
+4.37473542E-01
+3.09907425E-01
+3.24956588E-02
+5.52573167E-02
+7.82675755E-01
+6.82140232E-01
+2.84402057E-01
+1.27153731E+00
+6.63783085E-01
+2.00586542E+00
+8.07090515E-01
+4.75952010E-01
+1.02421154E+00
+9.49711789E-01
+2.25179512E-01
+2.21224741E+00
+1.76764315E-01
+3.21700999E-01
+2.43972516E+00
+7.92029988E-01
+1.38012233E-01
+7.78090530E-01
+3.32183967E-01
+4.95773907E-01
+1.23823361E+00
+4.34439890E-01
+1.75385997E-01
+4.62339309E-01
+3.04017474E-01
+6.40979021E-01
+2.47980602E-01
+1.04791488E+00
+1.11221521E+00
+7.54256877E-01
+2.35365273E+00
+6.51448712E-01
+9.39681879E-01
+1.54917412E+00
+9.66923544E-01
+2.22950751E-01
+8.26401194E-01
+2.24033739E+00
+1.52917420E+00
+3.43227313E-01
+1.41778088E+00
+1.07316845E+00
+6.17686269E-01
+1.38127541E+00
+1.26616012E+00
+1.98218304E-01
+2.13048107E+00
+1.54674075E+00
+1.59287832E+00
+1.30061065E+00
+1.34869624E-01
+1.97391432E+00
+5.74446420E-02
+4.87584195E-01
+1.32872879E-01
+5.46179441E-01
+1.93243897E+00
+1.58869189E+00
+1.76493544E+00
+2.32270695E-01
+1.39500333E-01
+2.12503918E+00
+1.91496979E+00
+5.23195592E-01
+1.28146776E+00
+1.92761186E+00
+8.69222636E-01
+8.52752094E-01
+9.15969642E-01
+5.30522376E-01
+7.73728332E-01
+1.16094986E+00
+1.40150668E+00
+1.88938221E-01
+6.17498766E-01
+4.00833424E-02
+1.45435891E+00
+4.55529093E-01
+1.17961572E+00
+1.90593845E+00
+8.60910433E-01
+4.08231428E-01
+1.76535549E+00
+3.57263577E-01
+1.18761360E+00
+1.96915928E-01
+3.20844402E-02
+7.64276277E-01
+5.44854645E-01
+1.25927479E+00
+4.07290606E-01
+1.22797025E-01
+3.27765606E-01
+2.04080042E+00
+1.61027955E+00
+2.17837659E-01
+3.39581536E-01
+9.46108396E-01
+1.14554491E+00
+1.06191317E-01
+5.97245876E-01
+2.59264858E-01
+7.77426328E-01
+9.79014824E-01
+1.44119209E+00
+1.06875273E+00
+9.90026782E-01
+1.48942389E+00
+3.54501048E-01
+3.00817477E-01
+1.04708075E+00
+4.07506929E-01
+5.80875381E-02
+4.91544869E-01
+1.52965865E+00
+2.78565901E-01
+7.84615810E-01
+7.48460206E-01
+8.84681612E-02
+5.52637561E-01
+9.13118109E-01
+7.33565566E-01
+1.14503884E+00
+1.31182708E+00
+6.32769494E-01
+8.90498448E-01
+4.39000157E-01
+1.09203831E+00
+1.01275525E+00
+1.66219968E+00
+2.93588044E-01
+1.32815366E+00
+9.18246749E-01
+1.35508735E-01
+1.12713253E+00
+6.22674927E-02
+3.82169802E-01
+7.04801631E-01
+4.21977631E-01
+1.89098032E+00
+6.07221878E-01
+1.50145512E-02
+6.11079369E-01
+8.06097882E-01
+2.86267568E-01
+6.84264159E-01
+1.79795794E+00
+2.36372289E+00
+1.06171860E+00
+5.35418945E-01
+4.65787669E-01
+6.51831460E-01
+2.58106982E-01
+1.15237767E+00
+4.15832527E-02
+1.49556172E+00
+3.00605547E-01
+4.30318922E-01
+9.18206890E-01
+1.13190545E+00
+5.65085633E-02
+7.17014927E-01
+1.39744816E+00
+3.72056311E-01
+1.02032260E+00
+2.29891931E-01
+8.55225841E-02
+1.04113341E+00
+3.26577595E-01
+2.74406603E-01
+3.78088552E-01
+2.34161212E-01
+7.78946679E-02
+1.32544397E+00
+1.54927928E+00
+5.59605966E-01
+4.50360547E-01
+2.12032087E+00
+3.88249019E-01
+1.93230122E+00
+2.18120542E+00
+4.38714339E-02
+2.31634847E+00
+7.70548970E-01
+8.86422774E-01
+6.92723326E-01
+4.65998782E-01
+3.51595859E-01
+6.55420446E-01
+1.62726516E+00
+4.20594710E-01
+1.49591538E-01
+1.33719007E+00
+1.12734679E-01
+4.70875227E-01
+8.52537051E-01
+2.58014347E-01
+2.44071699E+00
+3.56919442E-01
+9.77624176E-01
+5.85770127E-01
+9.73979366E-01
+2.85950099E-01
+8.28819335E-01
+2.40264765E+00
+2.24204862E-01
+3.59329624E-01
+8.09027160E-01
+1.13964266E-01
+3.93608268E-01
+2.56351535E-01
+1.89168783E+00
+2.26824834E-01
+1.85460922E-01
+1.72500816E+00
+5.63406751E-01
+9.92817557E-01
+1.54789112E+00
+1.79035733E+00
+7.69413579E-01
+1.61963867E+00
+6.81169142E-01
+3.26459789E-01
+8.80673300E-01
+2.14370113E-01
+1.20273301E+00
+8.83150466E-01
+1.93434537E-02
+9.03323752E-01
+1.12299827E+00
+5.29742998E-01
+1.08954073E+00
+1.35475525E-01
+2.79988359E-01
+1.73456409E+00
+2.21901553E-01
+2.23984059E-01
+1.70521524E-01
+8.31990442E-02
+7.33545063E-01
+3.54529740E-01
+5.91163504E-02
+1.27649338E-01
+1.05056915E+00
+1.90526777E+00
+4.99269745E-01
+1.81829761E+00
+8.20023694E-01
+4.25356109E-01
+2.03249080E-01
+6.51543082E-01
+7.65901920E-01
+5.38415457E-01
+1.14942386E+00
+1.66697805E+00
+9.75722903E-01
+1.76040888E+00
+1.37432278E+00
+4.67274715E-01
+2.86213645E+00
+9.02120353E-01
+1.19176969E-01
+9.95835818E-01
+1.97018479E+00
+6.53355120E-01
+2.11702334E+00
+1.17555188E-01
+5.08935217E-01
+4.51855155E-01
+1.49620530E-02
+2.74075584E-01
+3.92110394E-01
+3.27496268E-01
+1.49847071E+00
+2.34426193E-01
+5.29456653E-01
+1.03809716E+00
+9.41649492E-01
+7.71754581E-01
+6.01450903E-01
+5.42918144E-01
+2.36137916E+00
+8.19234819E-01
+4.28244829E-01
+5.29281884E-01
+3.28867625E-01
+5.09147168E-01
+4.03719010E-02
+7.44505932E-01
+1.48309851E+00
+1.45969407E+00
+1.76385360E+00
+7.81778405E-01
+2.20634253E+00
+1.36842286E+00
+2.79531916E-01
+9.63899839E-01
+2.39248860E-01
+7.84197289E-01
+9.87759172E-01
+3.83019742E-01
+3.62897823E-01
+8.42329230E-01
+1.46294830E+00
+8.74248490E-02
+8.37138405E-01
+1.88609665E-01
+7.08947443E-02
+8.40557581E-01
+7.84182717E-01
+4.39389648E-01
+1.37653488E+00
+1.89394497E+00
+8.38308421E-01
+9.26248997E-01
+3.13005893E-01
+2.02023930E+00
+1.68113521E-01
+1.14176372E+00
+3.57279818E-01
+4.35103848E-01
+4.02763097E-01
+8.10926253E-01
+1.23736220E+00
+4.43973927E-01
+1.88379007E-01
+3.06366539E-01
+3.67805115E-01
+2.95684433E-01
+1.06911911E+00
+2.06837147E-01
+9.20861851E-01
+6.66919082E-01
+5.47612079E-01
+6.71101743E-01
+2.97080040E-02
+1.05724115E+00
+1.11936210E+00
+6.77535816E-01
+8.65308502E-01
+1.01466487E+00
+2.67551448E-01
+3.42232842E-01
+1.26094295E-01
+3.82539425E-01
+1.17166003E-01
+4.38797757E-01
+2.08351952E+00
+1.00379552E+00
+1.14325463E-01
+6.50635514E-03
+1.24199381E+00
+1.56696566E+00
+1.69400242E+00
+2.01385149E+00
+1.43983287E+00
+7.16886696E-01
+7.76418960E-01
+5.46993079E-01
+6.12596484E-01
+2.79536553E-01
+2.40913462E+00
+4.67125100E-01
+2.40467281E-01
+3.44420119E-01
+7.29316523E-01
+3.46405123E-01
+6.39475673E-01
+6.86388951E-01
+9.97413093E-01
+1.93561397E-01
+1.86468455E+00
+4.87026101E-01
+1.87072133E+00
+6.81094312E-01
+5.63661333E-01
+1.43941139E+00
+2.18157770E-01
+6.44785184E-01
+1.81398698E+00
+1.35112684E+00
+4.25721841E-01
+1.04114264E+00
+1.32385172E+00
+8.91453138E-01
+1.46307990E-01
+5.84140260E-01
+4.91253302E-01
+1.55778556E+00
+1.17058468E+00
+5.99040992E-02
+1.99160528E-01
+1.83072026E+00
+1.10445967E+00
+5.11123741E-01
+2.32757760E-01
+1.67946894E-01
+1.58630305E+00
+1.32744029E-01
+2.01279510E+00
+1.16155099E+00
+5.50738950E-01
+6.50495847E-01
+8.06174164E-01
+1.09095466E+00
+8.24565075E-01
+5.79345588E-01
+1.35080515E+00
+6.92985066E-02
+4.96523362E-01
+8.36584301E-01
+9.21761459E-01
+4.82123069E-01
+1.27544740E-01
+1.47997190E+00
+5.73041456E-01
+6.74264202E-02
+5.27236741E-02
+4.90512663E-01
+4.73355529E-01
+2.55968577E+00
+2.83728986E-01
+3.36247856E-01
+3.42203195E-02
+7.79874248E-01
+1.42466629E+00
+1.60913466E+00
+1.34847274E+00
+1.38104173E+00
+1.72725235E+00
+7.44693997E-01
+5.95147193E-01
+1.18109594E+00
+1.10336528E-01
+9.19647070E-01
+6.05076927E-01
+1.93337698E-01
+1.31453000E-01
+1.09591049E+00
+4.50064212E-01
+1.09198807E-01
+8.56033250E-01
+9.52997895E-01
+1.18689070E+00
+7.95613443E-02
+3.50541768E-01
+1.01852954E+00
+8.10003914E-01
+1.95788474E+00
+2.42081087E-01
+7.14431010E-01
+3.05617916E-01
+7.23352615E-02
+2.27418501E-01
+5.27906432E-01
+7.27312388E-01
+4.31238676E-01
+2.75329016E-01
+1.28657834E+00
+8.79260024E-02
+1.30976002E+00
+7.33482893E-01
+3.36246529E-01
+4.79257183E-01
+8.13181363E-01
+6.90061441E-01
+7.61379827E-01
+3.66047661E-01
+5.13515107E-02
+1.72509526E+00
+5.25819633E-02
+1.53079294E+00
+5.93406697E-01
+1.76751615E+00
+1.06033171E+00
+1.84062392E-01
+2.46046790E+00
+3.27288941E-01
+1.00653014E+00
+6.17748917E-01
+1.44391608E+00
+4.17681767E-01
+1.19358581E+00
+1.38340070E+00
+1.56255835E-01
+7.44535236E-02
+2.85925910E-01
+9.62853571E-01
+2.69545275E+00
+1.17256840E+00
+7.86184468E-01
+7.68157251E-01
+1.61892001E+00
+1.22924161E+00
+4.04190959E-01
+4.43784847E-01
+8.62137695E-01
+5.01394938E-02
+1.72305868E+00
+7.85337774E-01
+4.56173475E-01
+1.19442123E+00
+1.45201952E-02
+9.74266083E-01
+5.61400757E-01
+1.43253136E+00
+1.20593798E+00
+1.30046495E+00
+2.24863445E+00
+1.46829908E+00
+7.51583534E-01
+5.27764379E-01
+4.79668378E-01
+7.23054216E-01
+2.71319037E-01
+2.37925054E-01
+1.43978609E+00
+4.10424439E-01
+1.37029688E+00
+4.89646682E-01
+1.58086105E-01
+6.89151159E-02
+2.40158525E+00
+2.03805424E-01
+5.91770272E-01
+7.79287288E-01
+1.93318609E+00
+1.87448749E-01
+1.70849418E+00
+2.06225831E-01
+4.48309359E-01
+8.41262071E-02
+6.42126124E-01
+1.41357455E+00
+8.82488376E-01
+6.77319701E-01
+1.70910041E+00
+5.94522029E-01
+1.87179913E+00
+2.52798891E+00
+1.31267431E+00
+1.56248280E+00
+1.78804064E-01
+9.29262545E-01
+5.47558543E-01
+8.37174712E-01
+2.86638112E-01
+2.19390407E+00
+6.12456174E-01
+9.13194965E-01
+1.56214810E+00
+8.33095868E-01
+1.13203043E-01
+4.98262638E-01
+1.13677830E+00
+8.87215549E-02
+3.72958634E-01
+2.04543505E-01
+1.15667654E+00
+1.15251660E+00
+1.73051978E-01
+6.06775725E-02
+1.65642475E+00
+1.25080055E-01
+2.48087268E-01
+6.77795027E-01
+1.17052014E+00
+4.28614313E-01
+1.29348358E+00
+1.29735173E-02
+9.15961843E-02
+5.13256591E-01
+6.04218599E-01
+1.52616730E+00
+1.97274173E-01
+8.44849224E-01
+1.03219294E+00
+4.26018726E-01
+7.67758864E-01
+2.55423864E-03
+6.82495614E-01
+2.11997684E+00
+6.40668100E-01
+1.10657465E+00
+2.76063605E-01
+6.49224698E-01
+1.85455372E+00
+5.78637124E-01
+1.60203617E-01
+1.08350474E+00
+5.73273241E-01
+3.10005775E-02
+3.77054229E-01
+3.76979419E-01
+1.51668000E+00
+1.30762713E+00
+1.28169095E+00
+5.64207981E-01
+2.88269387E-02
+3.00980362E-01
+2.94482006E-01
+1.66722978E-01
+1.23469126E+00
+1.18737905E+00
+7.07546700E-01
+3.20166544E-02
+1.46868247E-01
+3.88628389E-01
+2.05253818E+00
+7.90472909E-01
+1.56060231E+00
+1.86980873E+00
+2.06148690E+00
+5.95798289E-01
+5.97731498E-01
+1.32277590E+00
+4.33709655E-01
+8.39820906E-01
+8.68122664E-01
+2.22766459E-01
+2.18084245E+00
+4.63326264E-01
+1.11924665E+00
+1.81714475E+00
+1.39668534E+00
+1.40290820E-01
+1.40478708E-01
+6.25857076E-01
+7.29205217E-01
+5.70201653E-01
+8.95782648E-01
+1.19338916E+00
+9.71871347E-01
+7.63509330E-02
+3.61521666E-01
+7.01522751E-01
+2.61593906E-01
+1.69596425E-01
+1.02414434E+00
+1.22456836E+00
+7.99027905E-01
+4.29610963E-01
+7.66969072E-02
+2.22895585E-01
+9.07888000E-01
+1.63859128E+00
+1.70667714E+00
+7.26447758E-01
+8.22733937E-01
+5.78034431E-01
+1.34772641E+00
+2.51736173E-01
+2.42755906E+00
+1.08818284E-02
+1.71248372E+00
+2.47012051E-01
+2.93632468E-01
+4.46285995E-01
+2.13302128E+00
+4.78380710E-01
+3.74377938E-01
+1.16744039E+00
+3.92366150E-01
+7.40913333E-02
+2.49233450E+00
+2.10870706E+00
+2.40978129E+00
+2.53619761E-01
+5.23907425E-01
+1.09710630E-01
+4.83672406E-01
+6.11970971E-01
+4.28538936E-01
+1.18005296E+00
+1.09510730E+00
+2.02694596E+00
+1.97435956E-01
+9.46956749E-01
+1.80222504E-01
+1.25187859E+00
+1.43567088E+00
+1.40038359E+00
+1.05845275E+00
+1.69473208E+00
+3.19450340E-01
+1.06922297E+00
+8.42082085E-02
+2.57360078E-01
+7.64359349E-01
+2.05467585E+00
+1.88542863E+00
+2.40618578E+00
+1.56641070E+00
+9.97681123E-02
+1.53613325E+00
+1.15038699E+00
+1.24733079E+00
+8.45782217E-01
+6.65497476E-01
+3.49885126E-01
+2.00151913E-03
+7.40519726E-01
+5.07772678E-01
+1.40801070E+00
+1.90874489E-01
+4.74755022E-01
+1.87950060E-01
+6.66693751E-01
+1.43253162E+00
+9.35711086E-01
+1.77102959E+00
+1.93062074E+00
+1.52004913E+00
+1.10956211E+00
+3.69818550E-02
+2.49803170E-01
+4.94328819E-01
+4.53469691E-02
+4.14386880E-02
+2.03813859E-01
+6.70404775E-01
+8.38041087E-01
+2.25614394E+00
+1.52135949E+00
+1.44962272E+00
+1.38787027E+00
+1.49213721E-03
+1.05528231E+00
+7.54297137E-01
+1.22127838E-01
+1.09131466E-01
+4.96659193E-01
+1.47086181E+00
+2.92138080E+00
+4.07885458E-01
+8.28924521E-01
+1.17510099E+00
+4.47471784E-02
+4.68750001E-01
+1.18700220E-01
+3.23955883E-01
+1.96310804E+00
+2.26606553E-01
+2.27906204E+00
+1.46116318E+00
+1.38229490E+00
+1.42293361E+00
+2.18971542E-01
+8.23181855E-01
+1.09565813E-01
+1.39776698E-01
+6.69314464E-01
+9.59079174E-01
+3.33169913E-01
+9.27023362E-01
+1.95044826E-01
+1.61798423E+00
+1.30536597E-01
+1.24318274E+00
+7.08329436E-01
+1.95048118E-01
+4.86526273E-01
+9.52865840E-01
+5.97235797E-01
+4.45014813E-01
+6.00146208E-01
+3.80302391E-02
+6.59757883E-02
+5.90263889E-01
+1.62020545E+00
+8.55494803E-01
+1.18821978E+00
+2.12369720E+00
+8.22210164E-02
+8.69646527E-01
+4.16594697E-01
+1.20451099E+00
+2.06579240E-01
+8.67703398E-01
+2.39603638E-01
+1.07883548E+00
+1.16649927E+00
+4.03382981E-01
+8.40885222E-01
+1.31622865E-01
+1.31463487E+00
+5.86131648E-01
+1.39994628E+00
+1.16587141E+00
+3.74082472E-01
+1.53279690E+00
+1.19170529E+00
+1.33547889E+00
+3.37330093E-01
+6.82886601E-02
+4.36386601E-01
+3.73180506E-01
+3.15842438E-01
+1.01043560E+00
+2.38940418E-01
+1.64787994E+00
+1.46537905E+00
+2.11324780E+00
+2.73818571E-01
+1.44729471E+00
+2.93226160E-01
+1.21564637E-01
+1.45599562E-01
+8.61072423E-01
+1.22543031E+00
+6.68764028E-01
+8.38556306E-01
+3.75774782E-01
+6.62133713E-01
+1.05685771E+00
+5.00427118E-01
+1.16610709E+00
+3.43508350E-01
+5.89136323E-01
+9.98935192E-02
+1.46889434E+00
+4.17498396E-02
+3.91237474E-01
+1.16411925E+00
+1.54996856E+00
+7.68523007E-02
+1.79017344E+00
+4.41155695E-01
+8.46741858E-01
+4.71039941E-01
+7.90754920E-01
+1.36078248E+00
+9.84571797E-01
+1.77368750E-02
+9.09288391E-01
+1.32410687E+00
+4.10497119E-01
+9.16851934E-02
+7.94013994E-02
+1.29228660E-02
+1.24650223E+00
+1.64217562E+00
+1.30451181E+00
+1.21068790E+00
+6.47507962E-01
+1.77131685E+00
+1.88379561E-01
+1.88584494E-02
+8.01913338E-01
+3.03175582E-01
+8.57976152E-02
+2.17619425E-01
+3.44443403E-01
+2.19064795E+00
+4.49466681E-01
+1.64564195E+00
+7.35831456E-01
+5.47279226E-01
+1.28590088E+00
+9.05670049E-01
+3.28816395E-02
+1.43297081E-01
+1.42235768E-01
+1.93165948E+00
+1.12172365E+00
+1.73464962E+00
+5.93196873E-02
+3.36488519E-01
+1.17308076E+00
+1.75940402E-01
+1.09777169E+00
+1.23015158E+00
+1.86266819E-01
+6.70012305E-01
+1.63066794E+00
+4.75526349E-01
+1.55513377E-01
+3.74681650E-02
+2.55772845E+00
+3.44975872E-01
+1.35268750E+00
+3.50694427E-02
+9.93096016E-01
+4.26949965E-01
+4.95554782E-01
+1.22730086E-01
+1.50414651E+00
+1.38298511E+00
+4.51721622E-01
+1.84455001E+00
+6.26544824E-01
+2.31204477E-01
+6.77693901E-01
+6.10451637E-01
+1.73872337E+00
+1.98465169E+00
+5.40309309E-01
+2.92908488E-01
+7.23804272E-01
+2.97279154E-01
+3.77692481E-01
+2.69045332E+00
+2.54404404E-01
+2.76323861E-01
+8.04221074E-01
+1.03470577E+00
+5.40364019E-01
+4.92087664E-01
+1.10348926E+00
+1.24212740E+00
+1.02121064E+00
+4.41390728E-01
+1.92957421E+00
+9.60863630E-01
+1.04022479E+00
+1.91005968E-01
+2.38641389E+00
+9.25140843E-03
+1.09940525E+00
+3.24046586E-01
+3.49427108E-01
+1.46339264E-01
+1.16390825E+00
+2.66272698E-01
+1.64790354E+00
+1.51522212E-01
+3.43503295E-01
+1.62456951E-01
+8.64044675E-01
+2.69877720E-01
+1.52527709E+00
+1.59017105E+00
+5.44495090E-02
+4.93252212E-01
+2.17311525E+00
+4.19041305E-01
+1.98618027E+00
+3.20399477E-02
+9.66846414E-01
+1.06026450E+00
+8.18508697E-02
+6.95802572E-01
+2.39932010E-01
+1.62677219E-01
+1.46509657E+00
+9.09070864E-01
+8.58328749E-01
+3.63029050E-01
+1.78024634E+00
+4.03438025E-01
+7.24977868E-01
+1.71858618E+00
+5.82894618E-01
+8.31085065E-01
+4.55765691E-01
+8.98955324E-01
+3.28023776E-01
+1.68504729E-01
+4.39662346E-03
+8.46531355E-01
+1.00445606E+00
+3.45513017E-01
+4.32285300E-01
+3.33195397E-01
+1.08845064E-01
+1.22613166E+00
+1.07011826E+00
+5.07508772E-01
+6.94607546E-01
+8.28123187E-02
+5.99688965E-01
+1.02884873E+00
+1.10920144E+00
+1.15242384E-01
+9.76940272E-01
+2.12194353E-01
+6.17743756E-03
+4.05885200E-01
+1.42332848E-01
+5.11046764E-02
+6.76531682E-01
+1.86623291E+00
+6.09101416E-01
+1.00006318E+00
+1.25012386E-02
+2.10695794E-01
+4.33047949E-01
+1.49672351E+00
+4.31086078E-01
+1.36685730E+00
+1.32503953E+00
+1.05632847E+00
+3.15483703E-01
+2.30505214E+00
+1.29560975E+00
+6.11323565E-01
+6.64986467E-01
+2.47398544E-01
+3.31047599E-01
+3.36897460E-01
+1.02379628E+00
+1.32068279E+00
+1.37512430E+00
+7.71763771E-01
+1.07464897E+00
+1.12039424E-01
+8.26038539E-01
+1.47957242E+00
+5.88777889E-01
+6.73427634E-01
+1.42146392E+00
+1.74007320E+00
+8.02758407E-01
+2.31217312E+00
+1.98471773E-01
+2.83798738E-02
+4.07007743E-01
+2.17161991E-01
+1.97661207E+00
+1.22535545E+00
+5.14053503E-01
+9.11154193E-01
+1.46731976E+00
+1.82051659E-02
+1.22723518E+00
+1.02399909E+00
+9.15854898E-01
+1.46248370E+00
+7.02353048E-01
+1.50906452E+00
+3.73255971E-01
+5.15769449E-01
+6.96307719E-01
+7.96730152E-01
+5.70614213E-01
+1.56602108E+00
+1.70687774E+00
+8.65999109E-01
+1.68951644E+00
+1.22307932E+00
+2.09425903E-01
+7.71295262E-01
+5.28024312E-03
+3.37774564E-01
+2.45556085E-01
+5.02298130E-01
+3.27991086E-01
+1.91308036E+00
+7.69450527E-01
+1.04568154E+00
+1.21547696E+00
+1.37913568E+00
+4.29964705E-01
+1.43440052E+00
+9.51378237E-02
+1.02464682E+00
+2.14064828E+00
+6.46489557E-02
+2.11878085E-01
+7.26049792E-01
+8.46991819E-01
+8.94041144E-03
+4.79739038E-02
+1.12193599E-01
+5.78687591E-02
+6.14350791E-01
+1.90932996E+00
+8.58709795E-01
+8.20028302E-01
+1.09706783E+00
+8.67526874E-03
+4.16034532E-01
+2.13485565E-01
+6.81146820E-02
+9.16954328E-01
+7.34017748E-01
+8.85295477E-01
+7.09892628E-01
+2.02438397E+00
+7.39939033E-02
+4.17226118E-01
+2.64368678E-01
+4.70485421E-01
+2.58353022E-02
+6.19529198E-01
+1.11757545E-01
+1.36945498E+00
+1.21549760E+00
+6.95616948E-01
+3.26516172E-01
+4.62973447E-01
+5.60913233E-01
+3.03733801E-01
+1.02922737E-01
+8.01183751E-01
+2.30704322E-01
+1.02930685E+00
+1.30384249E-01
+8.81569713E-01
+2.24726117E-01
+8.09195257E-02
+9.82466943E-01
+1.40011329E+00
+1.12826238E+00
+1.60987232E+00
+2.50855395E-01
+1.67177229E-01
+6.33891773E-01
+1.41576061E-01
+7.69407059E-02
+8.68828915E-02
+9.28654792E-01
+9.24616200E-01
+2.10819540E+00
+1.41960480E+00
+1.49983708E+00
+3.55637427E-01
+1.48426851E-01
+5.08053105E-01
+1.13046778E+00
+2.26114073E+00
+9.99367722E-01
+1.89719168E-01
+9.50462402E-01
+1.15905981E+00
+1.49643537E-01
+5.14745154E-01
+4.08516722E-01
+6.22067755E-01
+7.00086931E-01
+1.21609244E+00
+4.65521333E-03
+3.86184047E-01
+1.96393360E+00
+2.74024718E-01
+5.16593718E-01
+5.30940044E-01
+1.72175550E+00
+6.47645998E-01
+7.53382009E-02
+9.18408258E-01
+1.13051606E-01
+1.42512454E+00
+2.74199741E+00
+6.36568668E-02
+1.04037704E+00
+2.69255680E-01
+2.22447489E+00
+9.18054069E-02
+5.78822072E-01
+9.30038757E-01
+5.07306396E-03
+2.23053569E-01
+2.38750856E+00
+4.30963485E-01
+5.47371048E-01
+4.53233987E-02
+1.18545665E+00
+8.15092993E-01
+3.98413355E-01
+9.18546649E-01
+6.11309679E-01
+5.03062791E-01
+8.06070797E-01
+2.94486398E-01
+9.37502117E-03
+6.33870032E-01
+7.29206664E-02
+9.00717916E-01
+1.69632564E+00
+1.23766561E-01
+1.05006391E+00
+9.63355474E-01
+8.50130258E-01
+1.52300158E+00
+1.08386581E+00
+2.29999048E-01
+1.28947552E+00
+1.12152867E+00
+6.38138857E-01
+6.49509883E-01
+3.22995641E+00
+5.93045985E-01
+9.53455702E-01
+1.32463331E+00
+3.04670690E-02
+2.46574240E-01
+4.10697393E-01
+1.40628917E-01
+1.86444266E+00
+6.02257358E-01
+7.69762136E-01
+2.54293001E-01
+1.01462688E+00
+1.17457791E+00
+8.07753844E-01
+7.19037123E-02
+6.14823146E-01
+4.41978907E-01
+4.76149011E-01
+1.10258076E+00
+9.03021230E-01
+3.71784510E-01
+1.38224537E+00
+1.50136254E+00
+1.05059505E+00
+5.84239588E-01
+4.22776254E-02
+2.93513028E-01
+1.10667426E+00
+1.44166088E+00
+8.37248103E-01
+2.29466632E+00
+2.06050990E+00
+3.51251111E-01
+8.25797937E-01
+1.45512709E+00
+6.69927369E-01
+2.22652937E-01
+5.32160254E-01
+1.11216995E+00
+6.77483406E-01
+1.40494540E+00
+1.49913343E+00
+4.49894279E-01
+7.62399415E-01
+1.86309654E-02
+7.85003280E-01
+6.46585887E-02
+2.36340736E-01
+3.36763717E-01
+8.92137165E-01
+1.32135741E-01
+1.57425063E+00
+1.20252049E+00
+3.71942817E+00
+9.14025335E-02
+6.05365038E-01
+4.86939857E-01
+4.28660177E-01
+2.08724734E+00
+1.45313139E+00
+1.67541505E+00
+9.78200882E-01
+6.87876904E-01
+1.28929764E+00
+1.23696932E+00
+7.46888510E-01
+1.43777429E+00
+2.05097295E-01
+2.17257105E+00
+1.76394771E+00
+1.80549679E-01
+7.21708834E-02
+1.83275867E+00
+1.36460253E+00
+1.23322276E+00
+1.65693973E+00
+1.28569708E+00
+1.65734931E-01
+2.16241916E-01
+5.04229367E-01
+3.40524641E-01
+1.23068625E+00
+5.46412756E-01
+1.52959072E+00
+2.24745709E-01
+1.07419850E-01
+7.37089657E-01
+3.57398105E-01
+5.37242654E-01
+2.91209986E-02
+1.47701868E-01
+9.51604840E-01
+4.65861732E-01
+2.37896314E+00
+3.64774803E-01
+2.96705773E-01
+1.34958005E+00
+1.64571357E+00
+6.47764497E-01
+7.02196660E-02
+4.61509251E-03
+5.26656349E-01
+6.70679670E-01
+1.98199614E-01
+3.29219589E-02
+4.28287702E-01
+1.24971891E+00
+6.70250622E-01
+1.46351989E+00
+5.15667374E-01
+1.95602380E-01
+4.93268400E-01
+1.50225331E-01
+5.49962580E-01
+1.07399227E+00
+1.10741554E+00
+5.34969094E-01
+6.50000577E-01
+1.46703224E-02
+2.09452787E+00
+1.24427723E-01
+9.57367198E-01
+1.78804346E+00
+8.56940961E-01
+7.44715384E-01
+2.05301680E+00
+1.91325482E+00
+3.74935440E-01
+2.93833018E-01
+7.71550565E-01
+4.00686409E-01
+9.81339037E-02
+8.51703336E-01
+7.52436891E-01
+9.16819708E-01
+1.87617835E-01
+1.38588216E+00
+2.04631399E+00
+2.47621489E-01
+3.63579684E-02
+1.35324281E+00
+1.19266651E+00
+1.58488759E-01
+2.27697153E+00
+9.59975999E-02
+7.63615499E-01
+1.13014596E+00
+1.26165597E+00
+6.77588991E-02
+5.62362221E-01
+4.05773531E-01
+4.44387778E-01
+1.41256691E+00
+2.07598263E+00
+1.91125371E-01
+9.37061062E-01
+1.44002624E-01
+2.91837550E-01
+9.87055714E-01
+1.00336053E+00
+1.33446440E+00
+7.81050310E-01
+8.58185336E-01
+3.03101842E-01
+2.15331922E-02
+2.75805749E-01
+6.47929106E-01
+8.60290254E-01
+2.34640292E-01
+7.66872602E-01
+3.76290146E-01
+8.98688400E-01
+1.22587586E-01
+6.68307660E-01
+3.09105701E+00
+2.02278531E-01
+1.81004989E+00
+3.98136608E-01
+1.68490181E+00
+9.65007225E-02
+1.00592642E+00
+1.27278922E+00
+7.80798993E-02
+3.45694862E-01
+2.54509904E+00
+1.04358789E+00
+1.14892180E+00
+6.17882586E-02
+3.46244776E-01
+5.75801921E-01
+1.02741393E+00
+6.25379001E-01
+5.97150574E-01
+6.70153910E-01
+2.16341831E-02
+6.53039143E-01
+8.28404234E-01
+3.12066875E-01
+4.13458928E-01
+9.42123911E-01
+1.55321268E+00
+2.54054386E+00
+3.36369210E-01
+3.73361927E-01
+3.30503338E-01
+1.57683618E+00
+8.26105568E-01
+9.84941861E-01
+3.72228815E-01
+3.66560980E-01
+4.79047913E-01
+2.55161303E-02
+9.70878157E-01
+1.11518953E+00
+4.82354957E-01
+9.03882944E-01
+3.61944265E-01
+7.84937411E-01
+1.77395846E+00
+1.52050233E+00
+4.11834615E-01
+1.29018859E+00
+8.99558824E-01
+3.97268079E-01
+1.71170651E+00
+7.32194312E-02
+5.37772936E-01
+1.37190564E-01
+3.58206914E-01
+1.20072403E+00
+1.43883922E+00
+1.51747252E-01
+7.01009644E-02
+6.81530252E-01
+1.10198599E+00
+5.15574432E-01
+8.89589041E-01
+7.80738300E-01
+9.65837313E-02
+1.51731797E+00
+2.83349894E-01
+8.99296234E-01
+1.06099221E+00
+3.68082046E-01
+1.29326623E+00
+7.19348493E-01
+8.56647217E-01
+3.29833026E-01
+7.52443247E-01
+1.24927478E+00
+1.02811810E+00
+8.76296349E-01
+8.31432384E-01
+2.06686483E+00
+1.65669354E+00
+1.34331483E+00
+9.79888035E-01
+8.41772573E-01
+5.49269422E-01
+2.23863628E-01
+9.68376532E-01
+1.08282635E+00
+7.48187865E-01
+1.21445651E+00
+2.56575719E-01
+3.14352323E-02
+1.40741614E-01
+2.80832099E+00
+2.77502596E-01
+1.02694694E+00
+5.53223875E-01
+1.00418207E+00
+6.07111460E-01
+1.86505626E-01
+2.72375335E-01
+1.05570201E+00
+1.07648774E+00
+1.94855166E-01
+5.74223059E-01
+8.25684381E-01
+2.27060707E+00
+6.58038742E-01
+1.71193798E+00
+1.79513326E-01
+2.44504725E-01
+1.15595888E+00
+2.67413941E-01
+1.98231515E-01
+4.01286273E-01
+1.50807794E+00
+1.19213522E+00
+1.22460576E+00
+1.50784459E+00
+2.29701959E+00
+1.99711802E+00
+9.00515657E-01
+8.33976429E-01
+4.24594649E-01
+6.17508076E-04
+4.07433384E-01
+3.98108575E-01
+1.32095585E-01
+1.12767183E+00
+2.61512780E-01
+1.14594296E+00
+7.76588715E-01
+3.08151462E-01
+6.76188277E-01
+4.80666716E-01
+6.07120634E-02
