     +0.0428      +0.4548
     +0.3014      +0.7410
     +0.0086      +0.3044
     +0.0336      +0.4280
     +0.1770      +0.6487
     +0.0098      +0.3150
     +0.0634      +0.5017
     +0.8911      +0.9716
     +0.3547      +0.7717
     +0.0501      +0.4732
     +1.4417      +1.0958
     +0.0000      +0.0571
     +2.2755      +1.2282
     +0.0056      +0.2738
     +0.1012      +0.5641
     +0.2927      +0.7355
     +0.3625      +0.7759
     +0.7065      +0.9168
     +0.5839      +0.8741
     +1.3349      +1.0749
     +0.0263      +0.4029
     +0.1656      +0.6379
     +0.3149      +0.7491
     +0.1950      +0.6645
     +0.3450      +0.7664
     +0.0010      +0.1781
     +0.1656      +0.6379
     +3.6298      +1.3803
     +0.0886      +0.5456
     +0.0004      +0.1414
     +0.0004      +0.1372
     +0.0904      +0.5483
     +0.1080      +0.5733
     +0.0355      +0.4340
     +0.0688      +0.5122
     +0.1551      +0.6276
     +0.2956      +0.7373
     +0.0329      +0.4259
     +0.0269      +0.4051
     +0.2113      +0.6780
     +0.0366      +0.4372
     +0.0005      +0.1498
     +1.6475      +1.1329
     +0.0093      +0.3105
     +0.5411      +0.8577
     +7.5996      +1.6603
     +0.0052      +0.2686
     +0.0019      +0.2087
     +0.0952      +0.5555
     +0.8452      +0.9588
     +0.0295      +0.4145
     +2.0831      +1.2014
     +0.1635      +0.6359
     +0.5834      +0.8740
     +0.0484      +0.4690
     +0.4930      +0.8379
     +0.1184      +0.5866
     +0.0005      +0.1493
     +0.1446      +0.6167
     +0.6888      +0.9110
     +0.0278      +0.4082
     +0.0221      +0.3855
     +0.0833      +0.5372
     +0.5144      +0.8469
     +0.0201      +0.3767
     +1.1563      +1.0370
     +0.2981      +0.7389
     +0.0442      +0.4585
     +0.4174      +0.8038
     +1.4724      +1.1016
     +0.3233      +0.7540
     +1.6061      +1.1258
     +0.0145      +0.3472
     +0.3022      +0.7414
     +0.0134      +0.3403
     +0.1033      +0.5670
     +0.2534      +0.7095
     +0.0014      +0.1920
     +0.4696      +0.8278
     +0.1015      +0.5645
     +0.2902      +0.7340
     +0.4264      +0.8081
     +0.0532      +0.4804
     +0.0006      +0.1534
     +0.0102      +0.3178
     +0.3588      +0.7739
     +0.1727      +0.6446
     +0.6339      +0.8923
     +1.9752      +1.1855
     +1.7124      +1.1439
     +0.1306      +0.6012
     +0.7641      +0.9349
     +1.3990      +1.0876
     +2.4273      +1.2482
     +0.0004      +0.1447
     +0.2694      +0.7205
     +0.1150      +0.5824
     +2.6006      +1.2699
     +0.2966      +0.7380
     +2.2472      +1.2244
     +0.0238      +0.3929
     +0.2361      +0.6971
     +0.0275      +0.4073
     +0.0029      +0.2326
     +0.4389      +0.8139
     +0.0005      +0.1480
     +0.0233      +0.3909
     +0.0058      +0.2763
     +0.0024      +0.2213
     +0.0140      +0.3441
     +0.4261      +0.8079
     +2.7584      +1.2887
     +0.0739      +0.5213
     +0.1896      +0.6598
     +0.0078      +0.2967
     +0.0941      +0.5539
     +0.5523      +0.8621
     +0.7261      +0.9231
     +0.0776      +0.5277
     +0.0025      +0.2243
     +2.6731      +1.2787
     +0.0043      +0.2558
     +0.4744      +0.8299
     +0.0174      +0.3632
     +0.0027      +0.2287
     +0.0741      +0.5217
     +0.7231      +0.9222
     +1.4747      +1.1020
     +0.0119      +0.3303
     +0.8323      +0.9551
     +0.2263      +0.6897
     +0.0209      +0.3804
     +0.0143      +0.3456
     +0.4842      +0.8342
     +1.0449      +1.0111
     +0.0147      +0.3481
     +0.5909      +0.8768
     +0.1624      +0.6348
     +0.0001      +0.0949
     +0.0007      +0.1610
     +1.5826      +1.1216
     +0.0385      +0.4431
     +0.2778      +0.7260
     +0.0381      +0.4419
     +0.1343      +0.6053
     +0.1174      +0.5854
     +0.3625      +0.7759
     +0.0417      +0.4519
     +0.2288      +0.6916
     +2.9335      +1.3087
     +0.0934      +0.5529
     +0.9116      +0.9771
     +0.0341      +0.4296
     +0.0005      +0.1530
     +0.0027      +0.2284
     +0.0793      +0.5307
     +0.2294      +0.6920
     +0.0392      +0.4448
     +1.0227      +1.0056
     +0.0049      +0.2642
     +0.0292      +0.4133
     +0.0378      +0.4409
     +1.7944      +1.1574
     +0.0338      +0.4289
     +0.0026      +0.2260
     +0.7304      +0.9245
     +0.1117      +0.5781
     +0.5148      +0.8471
     +0.0838      +0.5380
     +0.0099      +0.3156
     +0.0109      +0.3229
     +0.0531      +0.4800
     +1.2592      +1.0593
     +0.0136      +0.3412
     +0.4839      +0.8341
     +0.0079      +0.2978
     +1.7273      +1.1464
     +0.1408      +0.6125
     +0.1002      +0.5626
     +0.0080      +0.2990
     +0.0093      +0.3102
     +0.0095      +0.3121
     +0.0181      +0.3670
     +0.0520      +0.4776
     +0.2300      +0.6925
     +0.0802      +0.5321
     +0.6649      +0.9030
     +0.0212      +0.3817
     +0.2056      +0.6734
     +0.1925      +0.6624
     +0.1115      +0.5779
     +0.9727      +0.9931
     +0.5242      +0.8509
     +0.0867      +0.5426
     +0.0492      +0.4710
     +0.2835      +0.7297
     +0.4552      +0.8214
     +0.2921      +0.7351
     +1.1165      +1.0279
     +0.0839      +0.5383
     +0.2126      +0.6790
     +0.0009      +0.1715
     +0.1523      +0.6247
     +0.4545      +0.8211
     +0.6519      +0.8986
     +4.8364      +1.4830
     +0.8658      +0.9646
     +0.0173      +0.3627
     +0.0060      +0.2787
     +0.1554      +0.6279
     +0.9312      +0.9823
     +0.0324      +0.4243
     +0.0000      +0.0632
     +0.2159      +0.6816
     +0.7132      +0.9190
     +0.3795      +0.7849
     +0.0123      +0.3330
     +0.0016      +0.2015
     +0.0316      +0.4217
     +0.0205      +0.3782
     +0.1362      +0.6075
     +0.0002      +0.1241
     +0.0099      +0.3152
     +0.6732      +0.9058
     +0.1742      +0.6461
     +0.2243      +0.6882
     +0.0023      +0.2184
     +0.2074      +0.6749
     +1.8598      +1.1678
     +0.1855      +0.6563
     +0.1818      +0.6530
     +0.4560      +0.8217
     +0.0167      +0.3593
     +0.3631      +0.7762
     +0.0125      +0.3345
     +0.0318      +0.4222
     +0.1481      +0.6203
     +0.7554      +0.9323
     +0.6386      +0.8939
     +0.1061      +0.5707
     +0.2311      +0.6933
     +0.0011      +0.1807
     +0.1374      +0.6088
     +0.0745      +0.5224
     +1.7209      +1.1453
     +0.4704      +0.8282
     +0.6998      +0.9146
     +0.3669      +0.7783
     +0.0729      +0.5196
     +0.1703      +0.6424
     +0.5404      +0.8574
     +0.3938      +0.7922
     +0.0072      +0.2916
     +0.3511      +0.7697
     +0.9866      +0.9966
     +0.0000      +0.0305
     +0.6456      +0.8964
     +0.0010      +0.1764
     +0.0340      +0.4293
     +0.2151      +0.6810
     +0.0011      +0.1814
     +0.0096      +0.3134
     +0.6329      +0.8919
     +0.0141      +0.3447
     +0.0319      +0.4227
     +0.0266      +0.4037
     +0.2883      +0.7327
     +0.6920      +0.9121
     +0.3457      +0.7668
     +0.3303      +0.7581
     +0.0012      +0.1856
     +0.0002      +0.1108
     +0.7348      +0.9259
     +3.7414      +1.3908
     +0.0496      +0.4718
     +0.3359      +0.7613
     +0.0549      +0.4840
     +0.0936      +0.5531
     +0.2108      +0.6776
     +0.0223      +0.3863
     +0.1722      +0.6442
     +0.0054      +0.2716
     +2.8684      +1.3014
     +1.6717      +1.1371
     +0.1992      +0.6681
     +0.7262      +0.9231
     +1.2112      +1.0491
     +7.7940      +1.6709
     +1.0451      +1.0111
     +0.1418      +0.6136
     +0.0012      +0.1853
     +0.0120      +0.3312
     +0.0537      +0.4815
     +0.0305      +0.4180
     +0.0502      +0.4734
    +10.3629      +1.7942
     +1.5629      +1.1181
     +0.0020      +0.2118
     +0.1996      +0.6684
     +0.5216      +0.8499
     +0.0056      +0.2731
     +0.0102      +0.3176
     +0.0212      +0.3817
     +0.1021      +0.5653
     +0.0029      +0.2316
     +0.0579      +0.4905
     +0.3166      +0.7501
     +0.1076      +0.5727
     +0.0001      +0.1103
     +0.0026      +0.2251
     +0.2886      +0.7329
     +0.1462      +0.6183
     +0.0014      +0.1937
     +0.3215      +0.7530
     +0.0721      +0.5182
     +0.0030      +0.2335
     +0.3707      +0.7803
     +0.3809      +0.7856
     +0.0003      +0.1316
     +0.9062      +0.9757
     +0.0729      +0.5196
     +0.5757      +0.8710
     +0.0030      +0.2341
     +1.1962      +1.0458
     +0.0281      +0.4094
     +0.0057      +0.2746
     +0.4361      +0.8126
     +0.5143      +0.8469
     +1.3322      +1.0743
     +0.2924      +0.7353
     +0.1493      +0.6216
     +0.0077      +0.2963
     +0.0017      +0.2021
     +0.2196      +0.6846
     +0.0019      +0.2097
     +0.0245      +0.3958
     +0.0683      +0.5113
     +0.8796      +0.9684
     +0.0009      +0.1733
     +1.3858      +1.0850
     +0.0335      +0.4278
     +0.2782      +0.7263
     +0.1221      +0.5912
     +0.2409      +0.7006
     +0.1181      +0.5862
     +0.4473      +0.8178
     +0.0192      +0.3721
     +0.0626      +0.5002
     +0.0028      +0.2292
     +0.0192      +0.3725
     +0.1025      +0.5658
     +0.0006      +0.1538
     +1.3030      +1.0684
     +0.0300      +0.4163
     +0.0092      +0.3094
     +0.0009      +0.1753
     +0.0043      +0.2564
     +0.0333      +0.4271
     +1.7663      +1.1528
     +0.0185      +0.3690
     +0.0613      +0.4975
     +0.0180      +0.3664
     +0.0165      +0.3585
     +0.0889      +0.5460
     +0.7778      +0.9391
     +0.4715      +0.8287
     +0.0150      +0.3498
     +0.0159      +0.3553
     +1.3352      +1.0749
     +0.0145      +0.3472
     +0.1196      +0.5880
     +0.7189      +0.9208
     +0.6968      +0.9137
     +0.1566      +0.6291
     +4.4090      +1.4491
     +0.5335      +0.8546
     +0.0608      +0.4966
     +0.0020      +0.2105
     +0.0247      +0.3963
     +0.2647      +0.7173
     +0.0498      +0.4723
     +0.0052      +0.2684
     +3.6614      +1.3833
     +0.2546      +0.7104
     +0.4193      +0.8047
     +0.0014      +0.1925
     +0.5975      +0.8792
     +0.0114      +0.3267
     +0.4016      +0.7961
     +1.5447      +1.1148
     +0.0027      +0.2274
     +0.0618      +0.4986
     +0.0891      +0.5463
     +0.0740      +0.5216
     +0.0266      +0.4038
     +0.0308      +0.4190
     +2.9927      +1.3153
     +0.4437      +0.8162
     +0.1592      +0.6316
     +0.1849      +0.6558
     +0.0399      +0.4470
     +0.1296      +0.5999
     +0.0396      +0.4460
     +0.0935      +0.5529
     +0.1305      +0.6011
     +0.0126      +0.3348
     +0.0492      +0.4709
     +0.0169      +0.3603
     +0.2115      +0.6782
     +0.0399      +0.4469
     +0.0566      +0.4878
     +0.3389      +0.7630
     +0.0022      +0.2157
     +0.3059      +0.7437
     +0.3463      +0.7671
     +0.6557      +0.8999
     +0.3370      +0.7619
     +0.0538      +0.4817
     +0.3038      +0.7424
     +0.1689      +0.6411
     +1.1911      +1.0447
     +0.0142      +0.3453
     +0.3530      +0.7708
     +2.6139      +1.2715
     +0.0423      +0.4534
     +0.0351      +0.4329
     +0.0011      +0.1833
     +0.1031      +0.5667
     +0.0196      +0.3740
     +0.0279      +0.4087
     +0.0171      +0.3616
     +0.1840      +0.6549
     +0.2599      +0.7140
     +0.0071      +0.2900
     +0.0978      +0.5592
     +0.2393      +0.6994
     +0.0258      +0.4006
     +0.0003      +0.1283
     +0.4945      +0.8386
     +0.0583      +0.4914
     +0.1131      +0.5799
     +0.0396      +0.4461
     +3.3324      +1.3511
     +0.3795      +0.7849
     +0.7033      +0.9158
     +1.7760      +1.1544
     +0.2225      +0.6868
     +0.0007      +0.1650
     +0.4379      +0.8135
     +0.1975      +0.6666
     +0.1261      +0.5959
     +0.0023      +0.2196
     +0.0053      +0.2701
     +0.0405      +0.4486
     +0.2404      +0.7002
     +1.1620      +1.0383
     +0.4906      +0.8369
     +0.1434      +0.6154
     +1.6363      +1.1310
     +0.1098      +0.5756
     +1.1035      +1.0249
     +0.7598      +0.9336
     +0.0671      +0.5090
     +0.1558      +0.6283
     +0.7388      +0.9271
     +0.2702      +0.7210
     +0.0645      +0.5039
     +0.0023      +0.2191
     +0.0505      +0.4740
     +0.0793      +0.5307
     +0.0094      +0.3117
     +0.0474      +0.4665
     +0.0116      +0.3284
     +0.0145      +0.3468
     +0.0522      +0.4780
     +0.0745      +0.5225
     +0.0000      +0.0495
     +0.0089      +0.3073
     +0.4061      +0.7983
     +0.5985      +0.8796
     +0.2836      +0.7298
     +0.0061      +0.2800
     +0.7653      +0.9353
     +1.9319      +1.1789
     +0.8759      +0.9674
     +1.3944      +1.0867
     +0.0073      +0.2928
     +0.0903      +0.5482
     +0.0001      +0.1072
     +6.8628      +1.6185
     +0.8238      +0.9527
     +1.3605      +1.0800
     +0.0022      +0.2168
     +0.2316      +0.6937
     +0.2659      +0.7181
     +0.5694      +0.8687
     +0.0180      +0.3664
     +2.9686      +1.3126
     +1.4852      +1.1039
     +0.0019      +0.2087
     +1.0582      +1.0142
     +0.0006      +0.1554
     +0.0875      +0.5439
     +0.2419      +0.7013
     +0.0516      +0.4767
     +0.0340      +0.4293
     +0.3713      +0.7806
     +0.5111      +0.8455
     +0.0014      +0.1936
     +0.0388      +0.4438
     +0.0082      +0.3009
     +0.3402      +0.7637
     +0.0209      +0.3803
     +0.0629      +0.5008
     +0.2391      +0.6993
     +0.4461      +0.8173
     +1.4393      +1.0953
     +0.1125      +0.5792
     +0.2435      +0.7025
     +0.0058      +0.2757
     +0.1962      +0.6656
     +0.0251      +0.3982
     +0.5218      +0.8499
     +0.0259      +0.4012
     +0.0921      +0.5509
     +0.0780      +0.5284
     +0.8696      +0.9657
     +0.0679      +0.5104
     +0.0486      +0.4695
     +0.0001      +0.0958
     +0.2499      +0.7070
     +0.0054      +0.2708
     +1.8573      +1.1674
     +0.0784      +0.5291
     +4.8530      +1.4842
     +0.0264      +0.4033
     +0.2075      +0.6749
     +0.0294      +0.4142
     +0.0027      +0.2275
     +0.1195      +0.5880
     +2.0695      +1.1994
     +0.1896      +0.6599
     +0.0235      +0.3914
     +0.1196      +0.5881
     +0.0000      +0.0404
     +0.0002      +0.1178
     +0.0641      +0.5033
     +0.3391      +0.7631
     +0.0004      +0.1391
     +0.0211      +0.3809
     +0.1511      +0.6235
     +0.5272      +0.8521
     +0.9323      +0.9826
     +0.0137      +0.3421
     +0.0112      +0.3255
     +0.1293      +0.5996
     +0.0003      +0.1360
     +0.9401      +0.9847
     +2.4708      +1.2537
     +0.3119      +0.7473
     +2.6006      +1.2699
     +1.0489      +1.0120
     +0.1622      +0.6346
     +0.0468      +0.4650
     +0.0228      +0.3885
     +0.0207      +0.3792
     +0.2257      +0.6893
     +0.0487      +0.4697
     +0.8433      +0.9583
     +0.0649      +0.5048
     +0.0654      +0.5058
     +0.0946      +0.5546
     +0.0182      +0.3674
     +0.0166      +0.3591
     +0.0023      +0.2181
     +1.0783      +1.0190
     +0.0332      +0.4270
     +0.0083      +0.3019
     +0.0611      +0.4973
     +0.0477      +0.4674
     +0.7015      +0.9152
     +1.3495      +1.0778
     +0.1871      +0.6577
     +2.5589      +1.2648
     +0.0463      +0.4639
     +0.3007      +0.7405
     +0.3287      +0.7572
     +0.0001      +0.0858
     +0.0095      +0.3118
     +0.0810      +0.5334
     +0.0191      +0.3719
     +1.0487      +1.0120
     +0.1470      +0.6192
     +0.2696      +0.7206
     +0.4021      +0.7963
     +0.1839      +0.6549
     +0.0885      +0.5454
     +0.9512      +0.9876
     +0.0005      +0.1504
     +0.0716      +0.5173
     +1.3853      +1.0849
     +0.1579      +0.6304
     +0.5665      +0.8676
     +0.3405      +0.7639
     +0.8337      +0.9555
     +0.0020      +0.2126
     +0.0001      +0.0987
     +0.4655      +0.8260
     +1.4382      +1.0951
     +0.0011      +0.1810
     +4.4378      +1.4514
     +0.4375      +0.8133
     +2.2455      +1.2241
     +0.1476      +0.6198
     +0.2277      +0.6908
     +0.8364      +0.9563
     +0.3060      +0.7438
     +0.1010      +0.5637
     +0.0022      +0.2166
     +0.3611      +0.7752
     +0.0311      +0.4200
     +0.0119      +0.3300
     +0.0359      +0.4351
     +0.1914      +0.6614
     +0.0433      +0.4562
     +0.6249      +0.8891
     +0.9424      +0.9853
     +0.1457      +0.6179
     +3.0311      +1.3195
     +1.0171      +1.0042
     +1.7504      +1.1502
     +0.0937      +0.5532
     +0.3881      +0.7893
     +0.0440      +0.4581
     +0.0815      +0.5343
     +0.0022      +0.2173
     +0.6032      +0.8813
     +0.5307      +0.8535
     +0.0886      +0.5456
     +0.0074      +0.2930
     +0.0029      +0.2313
     +0.1670      +0.6392
     +2.9060      +1.3056
     +1.1626      +1.0384
     +0.2366      +0.6975
     +0.6912      +0.9118
     +0.1140      +0.5810
     +0.0311      +0.4199
     +0.0638      +0.5026
     +0.0403      +0.4480
     +1.2120      +1.0492
     +0.0820      +0.5351
     +0.0332      +0.4267
     +0.0353      +0.4336
     +0.1236      +0.5929
     +0.0061      +0.2791
     +0.3182      +0.7511
     +0.1816      +0.6528
     +0.0170      +0.3612
     +0.0109      +0.3232
     +0.1021      +0.5653
     +0.4264      +0.8081
     +0.8816      +0.9690
     +0.0039      +0.2498
     +4.1738      +1.4293
     +0.5118      +0.8458
     +0.3701      +0.7800
     +0.0036      +0.2453
     +0.0900      +0.5477
     +0.0048      +0.2627
     +0.0082      +0.3012
     +0.6682      +0.9041
     +0.0007      +0.1639
     +0.1033      +0.5669
     +0.0484      +0.4689
     +0.0899      +0.5475
     +0.0034      +0.2423
     +0.0000      +0.0348
     +0.0006      +0.1585
     +1.5191      +1.1102
     +0.0052      +0.2682
     +0.0000      +0.0582
     +0.2748      +0.7241
     +0.1650      +0.6374
     +1.0934      +1.0226
     +0.1360      +0.6073
     +0.3853      +0.7879
     +0.0678      +0.5103
     +0.1001      +0.5625
     +0.1404      +0.6122
     +0.0205      +0.3784
     +0.2141      +0.6803
     +0.0796      +0.5312
     +0.7619      +0.9343
     +0.1784      +0.6499
     +0.6609      +0.9016
     +0.0043      +0.2567
     +0.5584      +0.8644
     +0.1466      +0.6188
     +0.0217      +0.3837
     +0.0236      +0.3918
     +0.0021      +0.2138
     +0.8690      +0.9655
     +0.9755      +0.9938
     +0.1441      +0.6161
     +0.0310      +0.4196
     +0.1062      +0.5709
     +0.0118      +0.3298
     +0.3143      +0.7487
     +0.7102      +0.9180
     +0.0012      +0.1847
     +8.8388      +1.7242
     +0.0394      +0.4454
     +0.5937      +0.8778
     +0.1398      +0.6115
     +5.4033      +1.5246
     +0.0976      +0.5590
     +0.5434      +0.8586
     +0.1405      +0.6122
     +0.6391      +0.8941
     +0.5856      +0.8748
     +0.0015      +0.1962
     +0.0068      +0.2870
     +0.2144      +0.6804
     +0.0274      +0.4067
     +2.7141      +1.2835
     +0.0036      +0.2450
     +0.3375      +0.7622
     +0.1777      +0.6493
     +0.1167      +0.5845
     +0.0546      +0.4835
     +5.7304      +1.5472
     +0.1246      +0.5941
     +0.0020      +0.2106
     +0.0122      +0.3322
     +0.6295      +0.8908
     +0.0173      +0.3627
     +0.0169      +0.3607
     +0.0133      +0.3394
     +0.2899      +0.7338
     +1.2665      +1.0609
     +1.4044      +1.0886
     +1.6516      +1.1336
     +0.2805      +0.7278
     +0.0821      +0.5353
     +1.1842      +1.0432
     +0.0590      +0.4928
     +0.0700      +0.5144
     +0.0416      +0.4515
     +0.1085      +0.5740
     +0.2036      +0.6717
     +0.0181      +0.3669
     +0.0644      +0.5037
     +0.0011      +0.1818
     +0.0049      +0.2649
     +1.5514      +1.1160
     +0.1270      +0.5969
     +0.0169      +0.3603
     +0.0703      +0.5149
     +1.3624      +1.0804
     +0.3153      +0.7494
     +0.0020      +0.2104
     +1.4045      +1.0886
     +0.1481      +0.6203
     +0.1369      +0.6082
     +0.3867      +0.7886
     +2.5536      +1.2641
     +0.3905      +0.7905
     +0.2760      +0.7248
     +0.0053      +0.2699
     +0.5055      +0.8432
     +1.0934      +1.0226
     +0.1321      +0.6029
     +0.0245      +0.3957
     +0.0192      +0.3721
     +0.2257      +0.6893
     +0.0001      +0.1066
     +0.0510      +0.4752
     +0.0009      +0.1710
     +0.0141      +0.3446
     +0.4702      +0.8281
     +0.0280      +0.4090
     +0.0219      +0.3846
     +0.5728      +0.8700
     +0.0267      +0.4043
     +0.0939      +0.5536
     +0.0333      +0.4271
     +0.0382      +0.4420
     +0.1211      +0.5899
     +0.2704      +0.7211
     +1.7523      +1.1505
     +0.3302      +0.7580
     +0.9882      +0.9970
     +0.3347      +0.7606
     +0.0047      +0.2614
     +0.2540      +0.7099
     +0.0617      +0.4984
     +0.2057      +0.6735
     +9.9796      +1.7774
     +1.3309      +1.0741
     +0.1100      +0.5759
     +0.0761      +0.5252
     +0.0049      +0.2641
     +0.1770      +0.6487
     +0.0878      +0.5444
     +0.7544      +0.9320
     +0.0618      +0.4985
     +0.1896      +0.6599
     +0.5252      +0.8513
     +1.2720      +1.0620
     +0.0315      +0.4214
     +0.1924      +0.6623
     +0.0788      +0.5297
     +0.0233      +0.3906
     +1.5463      +1.1151
     +0.1831      +0.6541
     +0.4589      +0.8230
     +0.2695      +0.7205
     +0.0080      +0.2987
     +2.4989      +1.2573
     +0.3899      +0.7902
     +0.1204      +0.5891
     +0.6016      +0.8807
     +0.6452      +0.8962
     +0.0265      +0.4033
     +0.0030      +0.2338
     +1.4565      +1.0986
     +3.3109      +1.3489
     +0.0040      +0.2516
     +0.5795      +0.8725
     +0.0006      +0.1594
     +1.1028      +1.0248
     +0.3633      +0.7764
     +0.4349      +0.8121
     +5.0394      +1.4983
     +0.0161      +0.3563
     +0.0403      +0.4480
     +0.0162      +0.3568
     +0.0210      +0.3809
     +0.0227      +0.3882
     +0.0078      +0.2973
     +0.0038      +0.2490
     +0.0014      +0.1944
     +0.1599      +0.6323
     +0.4788      +0.8319
     +0.0032      +0.2377
     +0.1832      +0.6542
     +0.0036      +0.2441
     +0.0010      +0.1757
     +0.0017      +0.2043
     +0.1155      +0.5830
     +2.2085      +1.2191
     +0.3787      +0.7845
     +0.2432      +0.7022
     +0.0225      +0.3874
     +0.0095      +0.3125
     +0.0018      +0.2071
     +0.0047      +0.2623
     +0.0054      +0.2713
     +3.6379      +1.3811
     +0.0115      +0.3271
     +0.0141      +0.3445
     +0.0542      +0.4826
     +0.6081      +0.8831
     +0.3054      +0.7434
     +0.2054      +0.6732
     +0.4408      +0.8148
     +0.1703      +0.6424
     +0.0001      +0.0917
     +1.0419      +1.0103
     +0.0160      +0.3555
     +0.0071      +0.2907
     +1.6030      +1.1252
     +0.1479      +0.6202
     +0.0424      +0.4538
     +0.3601      +0.7747
    +21.8048      +2.1609
     +0.0051      +0.2667
     +0.4047      +0.7976
     +0.4307      +0.8101
     +0.0007      +0.1618
     +0.0001      +0.1005
     +0.0027      +0.2275
     +0.0178      +0.3652
     +0.0896      +0.5472
     +0.1261      +0.5959
     +1.4916      +1.1051
     +0.0678      +0.5103
     +0.2691      +0.7203
     +0.0069      +0.2886
     +0.1008      +0.5635
     +1.9332      +1.1791
     +0.2643      +0.7170
     +0.2781      +0.7262
     +3.9543      +1.4102
     +0.0021      +0.2129
     +0.0732      +0.5202
     +0.7619      +0.9343
     +0.2649      +0.7174
     +0.0000      +0.0575
     +0.1990      +0.6679
     +0.0855      +0.5408
     +0.0594      +0.4937
     +0.1168      +0.5847
     +1.1305      +1.0311
     +0.0664      +0.5077
     +0.0233      +0.3905
     +0.7342      +0.9257
     +0.0143      +0.3456
     +1.2623      +1.0600
     +1.9968      +1.1887
     +2.6620      +1.2773
     +0.1711      +0.6431
     +0.7970      +0.9448
     +0.9371      +0.9839
     +0.0352      +0.4333
     +0.0015      +0.1967
     +0.1664      +0.6387
     +0.6168      +0.8862
     +0.0340      +0.4296
     +0.0001      +0.0956
     +0.7527      +0.9314
     +0.7686      +0.9363
     +2.3594      +1.2394
     +0.3004      +0.7403
     +0.0973      +0.5585
     +0.0636      +0.5022
     +0.9228      +0.9801
     +0.0016      +0.2003
     +0.0400      +0.4472
     +0.1322      +0.6030
     +0.0001      +0.1065
     +0.0025      +0.2243
     +0.2445      +0.7032
     +0.5213      +0.8497
     +1.1939      +1.0453
     +0.1092      +0.5749
     +0.1177      +0.5858
     +0.0966      +0.5574
     +0.0421      +0.4531
     +0.1980      +0.6671
     +4.2320      +1.4343
     +0.0521      +0.4778
     +0.0299      +0.4160
     +0.0155      +0.3528
     +0.0106      +0.3209
     +0.0909      +0.5492
     +0.0591      +0.4931
     +0.7923      +0.9435
     +1.2070      +1.0481
     +1.2753      +1.0627
     +0.0340      +0.4295
     +0.0372      +0.4391
     +0.0778      +0.5281
     +0.6882      +0.9108
     +0.0785      +0.5294
     +0.1725      +0.6445
     +0.0379      +0.4413
     +0.3288      +0.7572
     +0.0021      +0.2137
     +1.2664      +1.0608
     +0.1106      +0.5767
     +0.0024      +0.2221
     +0.0070      +0.2887
     +0.8218      +0.9521
     +0.4461      +0.8172
     +1.0022      +1.0005
     +0.0045      +0.2590
     +0.6980      +0.9140
     +3.6944      +1.3864
     +0.5212      +0.8497
     +0.0791      +0.5303
     +0.3683      +0.7790
     +0.0484      +0.4691
     +0.0018      +0.2047
     +0.0379      +0.4413
     +0.1059      +0.5705
     +0.0719      +0.5178
     +0.0001      +0.1071
     +0.3890      +0.7898
     +0.2932      +0.7359
     +0.0359      +0.4354
     +0.2666      +0.7186
     +0.0770      +0.5268
     +0.0422      +0.4531
     +0.3885      +0.7895
     +2.0349      +1.1944
     +0.1156      +0.5831
     +0.0285      +0.4108
     +0.3610      +0.7752
     +0.1464      +0.6186
     +0.0021      +0.2145
     +0.3808      +0.7856
     +0.5561      +0.8635
     +0.0747      +0.5227
     +0.0002      +0.1170
     +0.0471      +0.4658
     +0.0002      +0.1140
     +0.0538      +0.4817
     +0.4652      +0.8259
     +0.0047      +0.2613
     +0.1341      +0.6051
     +0.0804      +0.5325
     +0.0161      +0.3563
     +0.4182      +0.8042
     +2.3242      +1.2347
     +1.5249      +1.1113
     +1.2085      +1.0485
     +0.3317      +0.7589
     +0.6715      +0.9052
     +0.4437      +0.8161
     +0.6052      +0.8820
     +0.0067      +0.2864
     +1.5456      +1.1150
     +0.0859      +0.5414
     +0.0127      +0.3359
     +0.0037      +0.2468
     +0.0099      +0.3154
     +0.1573      +0.6298
     +2.6173      +1.2719
     +0.1783      +0.6499
     +2.1528      +1.2113
     +0.1420      +0.6139
     +0.0014      +0.1937
     +0.9548      +0.9885
     +0.2871      +0.7320
     +0.0274      +0.4067
     +0.2304      +0.6928
     +0.1611      +0.6336
     +0.0372      +0.4392
     +0.0019      +0.2088
     +1.4961      +1.1060
     +1.4391      +1.0953
     +0.1329      +0.6038
     +0.0372      +0.4393
     +0.0060      +0.2788
     +0.4579      +0.8226
     +0.1643      +0.6366
     +1.3012      +1.0680
     +0.1275      +0.5975
     +0.2620      +0.7155
     +0.0126      +0.3348
     +0.0007      +0.1620
     +0.0170      +0.3609
     +0.4299      +0.8097
     +2.0296      +1.1936
     +0.4002      +0.7954
     +0.1299      +0.6004
     +0.5600      +0.8651
     +0.0174      +0.3629
     +2.4390      +1.2497
     +0.8008      +0.9460
     +0.2060      +0.6737
     +0.0887      +0.5457
     +0.0352      +0.4330
     +0.0225      +0.3871
     +0.0002      +0.1235
     +0.0085      +0.3034
     +0.0233      +0.3908
     +0.0743      +0.5221
     +0.0950      +0.5552
     +0.0541      +0.4822
     +0.1072      +0.5723
     +0.0656      +0.5062
     +0.5549      +0.8631
     +0.0940      +0.5536
     +0.0447      +0.4599
     +0.2035      +0.6717
     +8.3972      +1.7023
     +1.9286      +1.1785
     +0.2458      +0.7041
     +0.3940      +0.7923
     +0.0670      +0.5087
     +0.7262      +0.9231
     +0.1626      +0.6350
     +0.3382      +0.7626
     +1.2595      +1.0594
     +0.1087      +0.5742
     +1.9569      +1.1827
     +1.6313      +1.1301
     +0.1376      +0.6090
     +0.0014      +0.1926
     +0.0018      +0.2060
     +0.6273      +0.8900
     +0.1192      +0.5876
     +0.0132      +0.3390
     +0.0382      +0.4422
     +0.0449      +0.4604
     +0.0002      +0.1204
     +0.0805      +0.5327
     +0.0523      +0.4783
     +0.0003      +0.1310
     +0.0124      +0.3338
     +0.0513      +0.4760
     +0.2700      +0.7208
     +0.1156      +0.5831
     +0.1895      +0.6598
     +0.2213      +0.6859
     +0.0122      +0.3326
     +0.0793      +0.5307
     +0.5788      +0.8722
     +0.0018      +0.2064
     +0.4162      +0.8032
     +0.2419      +0.7013
     +0.0006      +0.1535
     +0.4640      +0.8253
     +0.0712      +0.5166
     +0.1764      +0.6480
     +0.0298      +0.4156
     +0.5555      +0.8633
     +7.9101      +1.6770
     +0.1552      +0.6277
     +0.0410      +0.4500
     +0.0737      +0.5210
     +0.0026      +0.2259
     +0.0761      +0.5252
     +0.0222      +0.3861
     +0.4551      +0.8214
     +0.0244      +0.3952
     +0.0085      +0.3035
     +0.0007      +0.1616
     +4.4285      +1.4507
     +0.1931      +0.6629
     +0.0004      +0.1370
     +0.0911      +0.5494
     +0.0012      +0.1854
     +0.0083      +0.3015
     +0.0614      +0.4978
     +0.0175      +0.3640
     +0.0521      +0.4778
     +0.0030      +0.2331
     +0.2230      +0.6872
     +0.5993      +0.8798
     +0.0033      +0.2405
     +0.0001      +0.0925
     +1.1520      +1.0360
     +0.0109      +0.3232
     +0.4944      +0.8385
     +0.9079      +0.9761
     +0.0732      +0.5201
     +0.0188      +0.3703
     +0.0933      +0.5527
     +0.3354      +0.7610
     +0.5115      +0.8457
     +0.3506      +0.7695
     +0.0098      +0.3150
     +0.5060      +0.8434
     +0.0699      +0.5141
     +0.0033      +0.2401
     +0.3142      +0.7487
     +0.0023      +0.2182
     +0.0226      +0.3877
     +0.1020      +0.5651
     +0.0032      +0.2372
     +0.0013      +0.1894
     +0.0001      +0.0883
     +0.1261      +0.5959
     +0.0007      +0.1613
     +0.1512      +0.6236
     +0.7557      +0.9324
     +1.0084      +1.0021
     +0.0001      +0.0915
     +0.9257      +0.9809
     +0.7374      +0.9267
     +0.1512      +0.6236
     +0.0665      +0.5078
     +0.0492      +0.4709
     +4.1792      +1.4298
     +0.0274      +0.4069
     +0.0262      +0.4023
     +0.0398      +0.4467
     +0.1160      +0.5837
     +1.1691      +1.0398
     +0.0016      +0.1999
     +1.5238      +1.1110
     +0.0113      +0.3259
     +0.0007      +0.1629
     +1.5962      +1.1240
     +0.0000      +0.0637
     +1.2890      +1.0655
     +0.0078      +0.2968
     +0.0106      +0.3210
     +0.0000      +0.0366
     +0.4385      +0.8138
     +0.1321      +0.6029
     +1.6966      +1.1413
     +2.3112      +1.2330
     +0.0116      +0.3280
     +1.6481      +1.1330
     +0.0046      +0.2601
     +0.0033      +0.2406
     +0.0070      +0.2897
     +1.3447      +1.0769
     +0.0753      +0.5239
     +0.4086      +0.7995
     +0.0461      +0.4633
     +0.1580      +0.6305
     +0.0002      +0.1190
     +4.0523      +1.4188
     +0.0024      +0.2215
     +0.0994      +0.5614
     +2.9175      +1.3069
     +2.1150      +1.2059
     +0.2429      +0.7021
     +0.1801      +0.6515
     +0.0008      +0.1679
     +0.0181      +0.3667
     +0.1881      +0.6585
     +0.8598      +0.9629
     +0.0526      +0.4788
     +0.0152      +0.3511
     +0.1564      +0.6289
     +0.0011      +0.1819
     +0.0033      +0.2398
     +0.0084      +0.3026
     +0.4027      +0.7966
     +6.1727      +1.5762
     +0.0102      +0.3176
     +0.1789      +0.6504
     +0.1563      +0.6287
     +3.5280      +1.3705
     +0.0361      +0.4358
     +0.0103      +0.3185
     +0.0456      +0.4621
     +0.0593      +0.4934
     +0.2297      +0.6923
     +0.1469      +0.6191
     +0.2709      +0.7215
     +0.0775      +0.5276
     +0.0278      +0.4083
     +0.1362      +0.6075
     +0.2725      +0.7225
     +0.0250      +0.3976
     +0.0020      +0.2122
     +0.6396      +0.8943
     +0.3516      +0.7700
     +0.5564      +0.8637
     +1.0745      +1.0181
     +0.5968      +0.8789
     +0.0040      +0.2519
     +0.0261      +0.4018
     +0.7698      +0.9367
     +0.4955      +0.8390
     +0.1555      +0.6280
     +0.3199      +0.7521
     +0.0159      +0.3549
     +0.2827      +0.7292
     +0.2392      +0.6993
     +0.2164      +0.6821
     +0.0009      +0.1733
     +0.8624      +0.9637
     +0.3554      +0.7721
     +2.3523      +1.2384
     +0.1398      +0.6115
     +0.2648      +0.7174
     +0.0000      +0.0380
     +0.0245      +0.3957
     +0.0543      +0.4827
     +0.0226      +0.3877
     +0.1945      +0.6641
     +0.0064      +0.2824
     +0.7200      +0.9211
     +0.0395      +0.4459
     +0.0149      +0.3494
     +0.9312      +0.9823
     +0.0049      +0.2652
     +0.0016      +0.2011
     +0.4883      +0.8359
     +0.0040      +0.2515
     +3.8146      +1.3975
     +0.0236      +0.3920
     +1.1703      +1.0401
     +2.1083      +1.2050
     +0.0203      +0.3774
     +0.0011      +0.1827
     +0.0000      +0.0679
     +0.1023      +0.5656
     +0.0953      +0.5556
     +0.1851      +0.6559
     +0.7376      +0.9267
     +0.0048      +0.2626
     +0.0266      +0.4039
     +0.3204      +0.7524
     +2.4032      +1.2451
     +1.7284      +1.1466
     +0.5269      +0.8520
     +0.0589      +0.4927
     +2.9345      +1.3088
     +0.1467      +0.6189
     +0.2245      +0.6883
     +0.0032      +0.2379
     +0.0019      +0.2096
     +0.0071      +0.2898
     +1.8628      +1.1683
     +0.1644      +0.6367
     +0.0615      +0.4980
     +0.0510      +0.4752
     +0.1807      +0.6520
     +0.0005      +0.1530
     +0.0059      +0.2769
     +0.0322      +0.4235
     +0.5753      +0.8709
     +0.2897      +0.7336
     +0.4161      +0.8032
     +0.6007      +0.8804
     +0.0086      +0.3041
     +0.2090      +0.6762
     +0.0012      +0.1864
     +0.0845      +0.5392
     +0.0408      +0.4494
     +0.0727      +0.5193
     +0.3374      +0.7621
     +0.9523      +0.9879
     +0.3260      +0.7556
     +2.2459      +1.2242
     +0.0155      +0.3529
     +0.0703      +0.5150
     +0.2118      +0.6784
     +1.5908      +1.1231
     +0.0239      +0.3933
     +1.6880      +1.1398
     +0.0098      +0.3146
     +0.1260      +0.5958
     +0.1562      +0.6286
     +0.0084      +0.3029
     +0.0170      +0.3612
     +0.0426      +0.4543
     +0.0066      +0.2853
     +0.0137      +0.3419
     +0.0022      +0.2155
     +0.0614      +0.4977
     +5.6404      +1.5411
     +0.0193      +0.3725
     +0.0879      +0.5444
     +1.5207      +1.1105
     +0.0241      +0.3939
     +0.0947      +0.5548
     +0.8106      +0.9489
     +0.0000      +0.0690
     +0.0412      +0.4504
     +1.1241      +1.0297
     +0.0695      +0.5135
     +0.0001      +0.1058
     +0.0202      +0.3771
     +0.7573      +0.9329
     +0.1601      +0.6326
     +0.2819      +0.7287
     +0.1818      +0.6530
     +0.1761      +0.6478
     +0.0284      +0.4104
     +0.0252      +0.3983
     +0.0028      +0.2299
     +0.0001      +0.1032
     +0.3540      +0.7714
     +0.6617      +0.9019
     +0.0401      +0.4475
     +0.1327      +0.6036
     +0.0764      +0.5257
     +0.0255      +0.3995
     +6.7735      +1.6133
     +0.3163      +0.7499
     +0.0008      +0.1672
     +0.0083      +0.3014
     +0.0011      +0.1814
     +0.0253      +0.3989
     +0.1276      +0.5977
     +1.0481      +1.0118
     +1.8843      +1.1716
     +0.0373      +0.4395
     +0.0076      +0.2948
     +0.0950      +0.5552
     +1.5221      +1.1107
     +0.7146      +0.9194
     +0.0006      +0.1569
     +0.5961      +0.8787
     +0.0004      +0.1439
     +3.0772      +1.3245
     +0.0401      +0.4476
     +0.0085      +0.3038
     +0.1291      +0.5995
     +0.0014      +0.1937
     +0.2516      +0.7082
     +0.2547      +0.7104
     +0.0000      +0.0415
     +0.0153      +0.3518
     +2.3806      +1.2421
     +0.0007      +0.1630
     +1.4363      +1.0947
     +0.1340      +0.6050
     +0.0019      +0.2081
     +0.0019      +0.2095
     +0.0008      +0.1679
     +1.6884      +1.1399
     +0.0501      +0.4730
     +1.5705      +1.1195
     +2.0782      +1.2007
     +0.6431      +0.8955
     +0.0324      +0.4243
     +0.0016      +0.1987
     +0.1018      +0.5648
     +0.1034      +0.5670
     +0.2638      +0.7166
     +0.0090      +0.3079
     +0.0978      +0.5592
     +0.1805      +0.6518
     +0.0276      +0.4075
     +0.4718      +0.8288
     +0.8546      +0.9615
     +0.0202      +0.3771
     +0.0168      +0.3598
     +0.0000      +0.0365
     +0.0844      +0.5390
     +0.0748      +0.5230
     +0.0869      +0.5429
     +0.1225      +0.5916
     +0.0347      +0.4316
     +1.1924      +1.0450
     +0.2669      +0.7188
     +0.0475      +0.4669
     +0.2563      +0.7115
     +0.1977      +0.6668
     +0.4064      +0.7985
     +0.0313      +0.4207
     +0.1415      +0.6133
     +0.0006      +0.1563
     +0.0003      +0.1271
     +0.1175      +0.5855
     +0.8276      +0.9538
     +0.6250      +0.8891
     +0.0876      +0.5441
     +0.4316      +0.8105
     +0.0431      +0.4557
     +0.4950      +0.8388
     +1.0821      +1.0199
     +0.0358      +0.4351
     +0.5118      +0.8458
     +0.0024      +0.2207
     +1.6063      +1.1258
     +0.5958      +0.8786
     +0.0034      +0.2411
     +0.1338      +0.6048
     +0.0321      +0.4233
     +0.8349      +0.9559
     +0.2894      +0.7335
     +0.0117      +0.3288
     +0.0064      +0.2824
     +0.2098      +0.6768
     +0.0024      +0.2223
     +0.1124      +0.5790
     +0.3621      +0.7757
     +2.4083      +1.2457
     +0.0314      +0.4210
     +0.0994      +0.5615
     +0.1943      +0.6639
     +0.1472      +0.6194
     +0.0015      +0.1963
     +0.8662      +0.9647
     +0.0318      +0.4222
     +0.0011      +0.1822
     +0.3357      +0.7612
     +0.0499      +0.4726
     +0.1925      +0.6624
     +0.1758      +0.6476
     +0.0732      +0.5202
     +0.8290      +0.9542
     +0.2958      +0.7375
     +0.0981      +0.5597
     +0.6032      +0.8813
     +0.4190      +0.8045
     +0.2138      +0.6800
     +0.7688      +0.9364
     +0.3060      +0.7438
     +3.4021      +1.3581
     +0.7951      +0.9443
     +0.5677      +0.8680
     +0.1773      +0.6489
     +2.2722      +1.2278
     +0.0166      +0.3591
     +0.0089      +0.3069
     +1.2217      +1.0513
     +0.0661      +0.5071
     +0.1971      +0.6663
     +0.2737      +0.7233
     +0.1962      +0.6656
     +0.2870      +0.7319
     +1.1200      +1.0287
     +0.0301      +0.4165
     +0.0137      +0.3422
     +0.1211      +0.5900
     +0.0084      +0.3028
     +0.0066      +0.2846
     +0.1431      +0.6150
     +0.0017      +0.2020
     +0.2143      +0.6804
     +3.2834      +1.3461
     +0.4406      +0.8147
     +4.4051      +1.4487
     +2.4823      +1.2552
     +1.3404      +1.0760
     +0.0346      +0.4314
     +0.0084      +0.3031
     +1.1629      +1.0384
     +0.0037      +0.2465
     +0.0033      +0.2401
     +0.1255      +0.5952
     +0.0132      +0.3388
     +0.0111      +0.3247
     +0.0810      +0.5335
     +0.1191      +0.5875
     +0.5354      +0.8554
     +0.0633      +0.5016
     +9.1312      +1.7383
     +1.9682      +1.1845
     +0.0401      +0.4475
     +0.0013      +0.1890
     +0.1554      +0.6279
     +0.4926      +0.8378
     +0.1231      +0.5923
     +0.0189      +0.3706
     +0.0451      +0.4607
     +0.0721      +0.5182
     +0.6891      +0.9111
     +0.0215      +0.3828
     +0.0016      +0.1992
     +0.0956      +0.5561
     +0.0598      +0.4945
     +0.0272      +0.4061
     +0.0645      +0.5040
     +0.2883      +0.7328
     +0.3807      +0.7855
     +0.7662      +0.9356
     +0.0496      +0.4719
     +0.0074      +0.2933
     +0.2508      +0.7076
     +0.2899      +0.7338
     +0.4224      +0.8062
     +0.2816      +0.7285
     +0.0005      +0.1457
     +0.1265      +0.5964
     +0.0086      +0.3044
     +0.0131      +0.3384
     +0.0565      +0.4876
    +11.4419      +1.8392
     +0.0697      +0.5138
     +0.0249      +0.3972
     +5.0422      +1.4985
     +0.0408      +0.4495
     +3.8539      +1.4011
     +1.7159      +1.1445
     +0.0009      +0.1711
     +0.0124      +0.3337
     +0.0135      +0.3410
     +0.0828      +0.5364
     +0.1981      +0.6672
     +0.0871      +0.5432
     +0.0127      +0.3356
     +0.0050      +0.2663
     +0.0641      +0.5032
     +0.2193      +0.6843
     +0.0000      +0.0403
     +0.3100      +0.7462
     +0.2361      +0.6971
     +0.9163      +0.9784
     +5.4993      +1.5314
     +0.2569      +0.7119
     +0.0058      +0.2756
     +0.0019      +0.2087
     +0.4947      +0.8387
     +0.8894      +0.9711
     +0.0043      +0.2567
     +1.5027      +1.1072
     +0.0178      +0.3654
     +0.0069      +0.2882
     +0.1217      +0.5906
     +0.1210      +0.5898
     +0.4470      +0.8176
     +0.6661      +0.9034
     +0.9956      +0.9989
     +0.1624      +0.6348
     +0.6395      +0.8942
     +0.2019      +0.6704
     +0.0089      +0.3074
     +0.0702      +0.5148
     +0.0027      +0.2286
     +0.0573      +0.4893
     +0.0002      +0.1146
     +2.2063      +1.2188
     +0.0023      +0.2186
     +0.0432      +0.4559
     +0.0470      +0.4657
     +0.1345      +0.6056
     +0.0540      +0.4821
     +0.0735      +0.5207
     +2.2572      +1.2257
     +0.0054      +0.2715
     +0.0049      +0.2649
     +0.0008      +0.1669
     +0.4841      +0.8341
     +0.0001      +0.1030
     +0.3136      +0.7484
     +0.3444      +0.7660
     +1.7559      +1.1511
     +0.1484      +0.6207
     +0.6522      +0.8986
     +0.4021      +0.7963
     +0.2247      +0.6885
     +1.5422      +1.1144
     +0.0777      +0.5280
     +0.8577      +0.9623
     +0.1529      +0.6254
     +0.0532      +0.4802
     +0.1834      +0.6544
     +0.0206      +0.3787
     +0.2055      +0.6733
     +0.0521      +0.4777
     +0.7559      +0.9324
     +3.3285      +1.3507
     +0.0035      +0.2429
     +0.0184      +0.3683
     +0.5782      +0.8720
     +2.5264      +1.2607
     +0.0464      +0.4642
     +0.0323      +0.4241
     +0.5083      +0.8444
     +0.5392      +0.8569
     +0.0115      +0.3277
     +0.0601      +0.4952
     +0.0324      +0.4244
     +0.0712      +0.5166
     +0.0748      +0.5229
     +0.1208      +0.5896
     +0.2049      +0.6728
     +0.6527      +0.8988
     +0.0001      +0.0972
     +0.0125      +0.3343
     +0.1004      +0.5629
     +4.2032      +1.4318
     +0.0009      +0.1722
     +0.1831      +0.6541
     +0.1891      +0.6595
     +0.0031      +0.2353
     +0.0301      +0.4167
     +0.0000      +0.0642
     +0.3041      +0.7426
     +0.0562      +0.4869
     +0.0158      +0.3546
     +0.0352      +0.4333
     +0.6476      +0.8971
     +0.0475      +0.4669
     +1.6111      +1.1266
     +0.6442      +0.8959
     +0.0253      +0.3987
     +0.0019      +0.2090
     +0.6871      +0.9105
     +0.0013      +0.1913
     +0.1029      +0.5664
     +0.5321      +0.8541
     +0.0806      +0.5329
     +0.0133      +0.3394
     +0.0121      +0.3317
     +0.0565      +0.4875
     +0.3170      +0.7503
     +0.0407      +0.4491
     +0.2371      +0.6978
     +0.0189      +0.3709
     +0.3165      +0.7501
     +0.0644      +0.5037
     +1.2435      +1.0560
     +0.0458      +0.4626
     +0.1984      +0.6674
     +0.2854      +0.7309
     +0.0054      +0.2705
     +0.0463      +0.4638
     +8.3236      +1.6985
     +0.2567      +0.7118
     +0.0666      +0.5079
     +0.0358      +0.4349
    +14.6581      +1.9567
     +0.0361      +0.4357
     +4.3154      +1.4413
     +0.0125      +0.3341
     +0.0862      +0.5418
     +1.9613      +1.1834
     +0.1201      +0.5887
     +2.5767      +1.2670
     +0.2097      +0.6767
     +0.0708      +0.5159
     +0.1381      +0.6096
     +0.6853      +0.9098
     +0.1644      +0.6368
     +0.1312      +0.6018
     +1.2299      +1.0531
     +0.2299      +0.6924
     +0.7285      +0.9239
     +0.0313      +0.4208
     +0.0441      +0.4581
     +0.0314      +0.4210
     +0.1015      +0.5644
     +0.0685      +0.5115
     +7.2618      +1.6416
     +0.2939      +0.7363
     +0.5819      +0.8734
     +0.0245      +0.3958
     +0.0123      +0.3329
     +0.0779      +0.5283
     +0.4206      +0.8053
     +0.2389      +0.6991
     +0.2470      +0.7050
     +0.7285      +0.9239
     +3.0279      +1.3191
     +0.9471      +0.9865
     +0.0261      +0.4021
     +0.0149      +0.3491
     +0.1540      +0.6264
     +0.2800      +0.7274
     +0.1715      +0.6436
     +0.4866      +0.8352
     +0.0209      +0.3802
     +0.1195      +0.5880
     +0.1445      +0.6165
     +0.2729      +0.7228
     +0.0019      +0.2079
     +0.0000      +0.0837
     +0.0967      +0.5576
     +0.6590      +0.9010
     +0.0627      +0.5004
     +0.0110      +0.3239
     +0.0029      +0.2321
     +0.0268      +0.4047
     +0.0024      +0.2212
     +0.0003      +0.1361
     +0.1980      +0.6671
     +0.0177      +0.3647
     +0.7349      +0.9259
     +0.0395      +0.4459
     +2.9356      +1.3090
     +0.1524      +0.6248
     +0.0490      +0.4706
     +0.0192      +0.3721
     +0.3673      +0.7785
     +0.7360      +0.9262
     +0.0786      +0.5295
     +0.1145      +0.5817
     +0.3239      +0.7544
     +5.9609      +1.5625
     +0.1111      +0.5774
     +0.0661      +0.5070
     +0.2893      +0.7334
     +0.9205      +0.9795
     +0.0640      +0.5030
     +0.0096      +0.3131
     +0.1636      +0.6360
     +0.2482      +0.7058
     +0.0137      +0.3419
     +0.0001      +0.0994
     +1.0675      +1.0165
     +0.0564      +0.4873
     +0.1330      +0.6039
     +0.0122      +0.3323
     +0.1855      +0.6562
     +0.0571      +0.4888
     +2.0906      +1.2025
     +0.3752      +0.7826
     +0.0171      +0.3618
     +0.0002      +0.1188
     +0.5890      +0.8761
     +0.9135      +0.9776
     +0.1884      +0.6589
     +0.6200      +0.8873
     +1.1702      +1.0401
     +0.7784      +0.9393
     +0.3597      +0.7744
     +1.5061      +1.1078
     +0.0012      +0.1861
     +0.8852      +0.9700
     +0.0422      +0.4533
     +0.1268      +0.5967
     +0.2926      +0.7355
     +0.0086      +0.3043
     +0.0000      +0.0511
     +0.1933      +0.6630
     +0.5022      +0.8418
     +0.8499      +0.9602
     +0.8911      +0.9716
     +1.6379      +1.1313
     +0.0487      +0.4698
     +0.0010      +0.1799
     +0.0019      +0.2089
     +0.8236      +0.9527
     +0.1018      +0.5648
     +0.0567      +0.4880
     +0.5135      +0.8465
     +0.1960      +0.6654
     +0.0183      +0.3678
     +0.0081      +0.3002
     +1.4028      +1.0883
     +4.3491      +1.4441
     +0.0981      +0.5596
     +0.0268      +0.4048
     +0.1370      +0.6084
     +0.1493      +0.6216
     +0.0007      +0.1638
     +0.7699      +0.9367
     +0.0995      +0.5616
     +0.5944      +0.8780
     +1.3373      +1.0754
     +0.0818      +0.5348
     +0.2369      +0.6977
     +1.9904      +1.1878
     +0.0284      +0.4104
     +0.6054      +0.8821
     +0.0872      +0.5434
     +0.1844      +0.6553
     +0.0884      +0.5452
     +0.0003      +0.1350
     +0.1456      +0.6177
     +0.1681      +0.6403
     +1.4846      +1.1038
     +1.0485      +1.0119
     +2.3304      +1.2355
     +0.4415      +0.8151
     +1.9033      +1.1746
     +0.5638      +0.8665
     +0.0535      +0.4809
     +0.0131      +0.3383
     +1.8647      +1.1686
     +0.4904      +0.8368
     +0.0001      +0.1067
     +0.0074      +0.2937
     +1.1569      +1.0371
     +0.2102      +0.6771
     +0.4789      +0.8319
     +0.0188      +0.3701
     +0.0009      +0.1754
     +0.0853      +0.5405
     +1.2346      +1.0541
     +0.0584      +0.4917
     +1.1206      +1.0289
     +4.8238      +1.4820
     +0.1617      +0.6341
     +1.1334      +1.0318
     +0.4933      +0.8381
     +0.3778      +0.7840
     +0.5056      +0.8433
     +0.0813      +0.5340
     +1.4580      +1.0988
     +0.0922      +0.5511
     +1.4743      +1.1019
     +0.0133      +0.3398
     +0.3346      +0.7606
     +0.0865      +0.5423
     +1.4237      +1.0923
     +1.2827      +1.0642
     +0.5982      +0.8795
     +0.0034      +0.2408
     +0.0476      +0.4670
     +0.3557      +0.7723
     +0.4611      +0.8240
     +0.0188      +0.3702
     +0.0030      +0.2342
     +0.0635      +0.5019
     +0.4217      +0.8059
     +0.0497      +0.4721
     +0.0342      +0.4302
     +0.0001      +0.0854
     +0.0866      +0.5426
     +0.2844      +0.7303
     +0.0166      +0.3591
     +0.0160      +0.3557
     +0.1111      +0.5773
     +0.0097      +0.3142
     +0.0077      +0.2965
     +1.5454      +1.1150
     +0.0385      +0.4429
    +11.1504      +1.8274
     +1.9226      +1.1775
     +0.0023      +0.2188
     +0.4837      +0.8340
     +0.0000      +0.0543
     +0.1415      +0.6133
     +0.0412      +0.4506
     +0.1236      +0.5929
     +0.1525      +0.6249
     +0.0691      +0.5127
     +0.0123      +0.3329
     +0.0025      +0.2225
     +0.1783      +0.6498
     +0.3176      +0.7507
     +0.0836      +0.5376
     +0.0786      +0.5295
     +0.0017      +0.2028
     +0.5783      +0.8720
     +0.0042      +0.2541
     +0.0239      +0.3932
     +0.0733      +0.5203
     +0.0077      +0.2959
     +0.8795      +0.9684
     +1.8661      +1.1688
     +0.3601      +0.7747
     +1.2544      +1.0583
     +1.4498      +1.0973
     +0.8761      +0.9675
     +0.9424      +0.9853
     +0.0640      +0.5029
     +0.1794      +0.6508
     +1.5335      +1.1128
     +0.0755      +0.5242
     +0.0519      +0.4773
     +0.0091      +0.3087
     +0.1030      +0.5665
     +0.4191      +0.8046
     +0.0001      +0.0911
     +0.1170      +0.5849
     +0.4439      +0.8163
     +0.1016      +0.5646
     +0.0681      +0.5108
     +0.3494      +0.7689
     +0.6960      +0.9134
     +3.1724      +1.3346
     +0.0847      +0.5395
     +0.2625      +0.7158
     +0.2914      +0.7347
     +5.6781      +1.5437
     +0.0375      +0.4400
     +0.1424      +0.6143
     +0.4465      +0.8174
     +0.0008      +0.1660
     +1.4256      +1.0927
     +0.1976      +0.6667
     +0.6257      +0.8894
     +0.1073      +0.5723
     +0.0689      +0.5123
     +0.7986      +0.9453
     +0.0616      +0.4983
     +0.0221      +0.3857
     +0.1155      +0.5830
     +0.1402      +0.6119
     +0.0462      +0.4636
     +3.0695      +1.3236
     +2.4765      +1.2545
     +0.0770      +0.5268
     +1.2008      +1.0468
     +0.2860      +0.7313
     +2.1691      +1.2136
     +1.2716      +1.0619
     +0.0460      +0.4632
     +0.0112      +0.3250
     +0.1928      +0.6626
     +3.0364      +1.3200
     +0.0229      +0.3888
     +0.5090      +0.8446
     +0.0082      +0.3005
     +1.0263      +1.0065
     +0.3996      +0.7950
     +0.0286      +0.4111
     +0.0981      +0.5597
     +0.1287      +0.5990
     +0.2290      +0.6918
     +0.1793      +0.6508
     +4.3904      +1.4475
     +0.1153      +0.5827
     +0.0141      +0.3445
     +0.2454      +0.7038
     +2.0757      +1.2003
     +0.0252      +0.3985
     +0.0690      +0.5125
     +0.0106      +0.3208
     +0.0003      +0.1315
     +0.2168      +0.6824
     +1.1341      +1.0320
     +0.0183      +0.3677
     +0.0003      +0.1267
     +3.4967      +1.3675
     +0.0003      +0.1303
     +0.2968      +0.7381
     +0.0184      +0.3684
     +0.1458      +0.6180
     +0.3492      +0.7687
     +1.0038      +1.0009
     +0.3342      +0.7603
     +0.0001      +0.1096
     +0.0489      +0.4704
     +0.0004      +0.1454
     +0.2274      +0.6905
     +0.8284      +0.9540
     +0.0858      +0.5412
     +0.2027      +0.6710
     +0.0016      +0.1990
     +0.6303      +0.8910
     +0.3141      +0.7486
     +0.0133      +0.3398
     +0.0039      +0.2495
     +0.2122      +0.6787
     +0.0019      +0.2085
     +0.0523      +0.4781
     +0.0422      +0.4531
     +0.3841      +0.7872
     +0.9657      +0.9913
     +0.0602      +0.4953
     +0.3181      +0.7510
     +0.0169      +0.3603
     +0.1123      +0.5789
     +0.0574      +0.4895
     +0.2313      +0.6935
     +1.7080      +1.1432
     +0.1489      +0.6212
     +0.1557      +0.6282
     +0.0141      +0.3444
     +0.0324      +0.4243
     +0.0124      +0.3339
     +0.5714      +0.8694
     +0.0273      +0.4065
     +0.0527      +0.4792
     +0.0381      +0.4417
     +0.1129      +0.5797
     +0.0526      +0.4788
     +0.0557      +0.4858
     +0.0168      +0.3598
     +0.2298      +0.6924
     +0.0290      +0.4127
     +0.0871      +0.5432
     +0.0910      +0.5492
     +0.0131      +0.3381
     +0.0275      +0.4073
     +1.9936      +1.1883
     +0.0065      +0.2841
     +0.1719      +0.6439
     +0.1161      +0.5837
     +0.2774      +0.7258
     +1.3748      +1.0828
     +0.0373      +0.4396
     +0.0225      +0.3875
     +0.3180      +0.7509
     +0.0001      +0.1033
     +0.3243      +0.7547
     +0.0075      +0.2944
     +0.0294      +0.4141
     +2.8547      +1.2998
     +0.7693      +0.9365
     +0.0494      +0.4715
     +0.1018      +0.5648
     +0.1304      +0.6009
     +0.0248      +0.3970
     +0.3589      +0.7740
     +0.5922      +0.8772
     +0.0080      +0.2990
     +0.0037      +0.2470
     +0.0089      +0.3076
     +1.2048      +1.0477
     +0.0382      +0.4422
     +0.1670      +0.6393
     +0.0874      +0.5437
     +0.0753      +0.5238
     +0.0000      +0.0394
     +0.0556      +0.4856
     +0.0100      +0.3161
     +0.1856      +0.6563
     +0.0001      +0.0972
     +0.1968      +0.6660
     +0.0002      +0.1177
     +0.0880      +0.5447
     +0.0073      +0.2925
     +0.0001      +0.1077
     +0.1135      +0.5804
     +2.2158      +1.2201
     +0.4743      +0.8299
     +0.4959      +0.8392
     +0.2347      +0.6960
     +0.0017      +0.2045
     +0.1762      +0.6479
     +0.2259      +0.6894
     +0.0302      +0.4169
     +0.3613      +0.7753
     +0.0532      +0.4803
     +0.0098      +0.3145
     +0.1889      +0.6592
     +0.2965      +0.7379
     +0.0435      +0.4566
     +0.3166      +0.7501
     +0.0016      +0.2014
     +9.3269      +1.7476
     +0.0872      +0.5434
     +1.3890      +1.0856
     +0.3855      +0.7880
     +0.0554      +0.4853
     +0.1265      +0.5964
     +0.2261      +0.6896
     +0.4321      +0.8107
     +0.0230      +0.3894
     +0.0001      +0.1067
     +0.0106      +0.3209
     +0.7692      +0.9365
     +0.0431      +0.4556
     +0.0014      +0.1927
     +1.5688      +1.1192
     +0.0044      +0.2582
     +0.0871      +0.5432
     +0.0145      +0.3473
     +0.0130      +0.3379
     +0.5189      +0.8487
     +5.0589      +1.4997
     +0.1911      +0.6612
     +0.0195      +0.3736
     +0.6176      +0.8865
     +0.0024      +0.2211
     +1.0186      +1.0046
     +0.0162      +0.3570
     +0.0804      +0.5325
     +0.1040      +0.5679
     +2.3483      +1.2379
     +0.3859      +0.7882
     +0.2158      +0.6816
     +0.7497      +0.9305
     +0.0528      +0.4793
     +0.4255      +0.8077
     +0.5336      +0.8547
     +1.6447      +1.1325
     +0.1787      +0.6502
     +0.0379      +0.4413
     +0.7744      +0.9381
     +0.1567      +0.6292
     +0.0003      +0.1301
     +0.0894      +0.5468
     +0.0067      +0.2858
     +0.0001      +0.1071
     +1.1527      +1.0362
     +0.5535      +0.8625
     +0.0873      +0.5436
     +0.0010      +0.1765
     +0.2508      +0.7077
     +0.0468      +0.4652
     +0.0748      +0.5229
     +0.0561      +0.4868
     +0.0178      +0.3654
     +0.0728      +0.5195
     +0.0285      +0.4110
     +0.3014      +0.7409
     +0.1793      +0.6507
     +0.2669      +0.7187
     +0.6411      +0.8948
     +3.3547      +1.3534
     +0.3691      +0.7794
     +0.0870      +0.5431
     +0.0759      +0.5249
     +0.0004      +0.1440
     +0.1825      +0.6536
     +0.0543      +0.4826
     +0.1820      +0.6532
     +0.0019      +0.2075
     +0.8796      +0.9684
     +0.0130      +0.3380
     +0.0045      +0.2585
     +0.0150      +0.3497
     +0.0229      +0.3890
     +0.0398      +0.4467
     +0.1377      +0.6092
     +0.1230      +0.5922
     +0.0287      +0.4115
     +0.0721      +0.5182
     +0.0001      +0.1019
     +1.7619      +1.1521
     +0.1567      +0.6292
     +0.7799      +0.9398
     +0.0622      +0.4994
     +1.5600      +1.1176
     +0.0538      +0.4817
     +0.0173      +0.3628
     +0.2390      +0.6992
     +0.2155      +0.6813
     +0.0032      +0.2376
     +0.2094      +0.6764
     +0.0405      +0.4486
     +0.0102      +0.3182
     +1.0682      +1.0166
     +0.0405      +0.4487
     +0.0017      +0.2028
     +0.2448      +0.7034
     +0.0030      +0.2335
     +0.8103      +0.9488
     +0.3351      +0.7609
     +0.0023      +0.2191
     +0.6126      +0.8847
     +0.0865      +0.5423
     +0.0000      +0.0824
     +1.0969      +1.0234
     +0.7470      +0.9297
     +0.0071      +0.2899
     +0.5457      +0.8595
     +0.1928      +0.6626
     +0.0596      +0.4940
     +0.0057      +0.2745
     +0.1692      +0.6414
     +0.1238      +0.5931
     +0.0131      +0.3386
     +0.0186      +0.3692
     +3.1998      +1.3375
     +0.0036      +0.2451
     +0.0002      +0.1167
     +1.2972      +1.0672
     +0.0018      +0.2045
     +0.9721      +0.9930
     +8.9228      +1.7283
     +0.0163      +0.3575
     +0.4544      +0.8210
     +0.0496      +0.4720
     +1.1639      +1.0387
     +0.0000      +0.0137
     +0.5473      +0.8601
     +0.0467      +0.4649
     +0.9066      +0.9758
     +0.0761      +0.5252
     +1.9659      +1.1841
     +1.2417      +1.0556
     +0.0398      +0.4468
     +0.0027      +0.2284
     +0.0176      +0.3642
     +0.0308      +0.4189
     +0.0995      +0.5617
     +0.2303      +0.6927
     +3.7091      +1.3878
     +0.6349      +0.8927
     +0.0122      +0.3323
     +1.6347      +1.1307
     +0.8571      +0.9622
     +0.3520      +0.7702
     +0.0279      +0.4085
     +0.0232      +0.3901
     +0.3276      +0.7566
     +0.0321      +0.4232
     +0.0107      +0.3218
     +0.1580      +0.6305
     +0.9133      +0.9776
     +0.0196      +0.3741
     +0.1555      +0.6280
     +0.5284      +0.8526
     +0.0885      +0.5455
     +0.0044      +0.2569
     +0.0778      +0.5281
     +0.2452      +0.7037
     +0.3674      +0.7786
     +0.0424      +0.4537
     +0.9435      +0.9856
     +0.0026      +0.2265
     +0.4196      +0.8048
     +0.0015      +0.1959
     +0.0009      +0.1716
     +0.3563      +0.7726
     +0.5344      +0.8550
     +0.0159      +0.3553
     +0.5168      +0.8479
     +0.0661      +0.5070
     +0.5888      +0.8760
     +0.0000      +0.0635
     +1.4654      +1.1002
     +1.9845      +1.1869
     +0.0084      +0.3027
     +0.1177      +0.5857
     +1.5663      +1.1187
     +0.4188      +0.8045
     +0.0011      +0.1834
     +0.0791      +0.5304
     +0.1271      +0.5971
     +0.3427      +0.7651
     +0.3899      +0.7902
     +0.1995      +0.6683
     +1.7257      +1.1461
     +0.3151      +0.7492
     +1.1984      +1.0463
     +0.0497      +0.4723
     +0.0439      +0.4577
     +0.7854      +0.9414
     +0.0072      +0.2913
     +0.4599      +0.8235
     +0.0118      +0.3293
     +0.0060      +0.2781
     +0.0023      +0.2192
     +0.0032      +0.2375
     +1.3687      +1.0816
     +3.6705      +1.3841
     +3.2515      +1.3428
     +0.0118      +0.3293
     +0.1361      +0.6074
     +0.0290      +0.4128
     +0.0245      +0.3958
     +0.0532      +0.4803
     +0.4306      +0.8101
     +0.4214      +0.8057
     +0.0005      +0.1457
     +1.3177      +1.0714
     +0.0377      +0.4406
     +1.2222      +1.0514
     +0.8999      +0.9740
     +0.1180      +0.5861
     +2.3437      +1.2373
     +0.0007      +0.1628
     +0.0051      +0.2667
     +0.0029      +0.2325
     +0.1625      +0.6349
     +0.0781      +0.5287
     +0.0360      +0.4356
     +0.7308      +0.9246
     +0.1095      +0.5752
     +0.9282      +0.9816
     +0.0223      +0.3862
     +0.2908      +0.7344
     +0.0140      +0.3441
     +0.0016      +0.2008
     +0.3798      +0.7850
     +3.8938      +1.4047
     +0.2437      +0.7026
     +0.5921      +0.8772
     +0.0876      +0.5440
     +0.0776      +0.5278
     +1.9493      +1.1816
     +0.0304      +0.4174
     +0.1454      +0.6175
     +0.0009      +0.1740
     +0.1299      +0.6004
     +0.0095      +0.3122
     +1.4643      +1.1000
     +0.0484      +0.4691
     +0.2322      +0.6941
     +0.3486      +0.7684
     +0.0001      +0.0918
     +1.8748      +1.1701
     +1.5943      +1.1237
     +0.1478      +0.6201
     +0.5394      +0.8570
     +0.2301      +0.6926
     +0.5921      +0.8772
     +0.9612      +0.9902
     +0.0001      +0.0908
     +0.7116      +0.9185
     +2.0976      +1.2035
     +0.0268      +0.4047
     +0.0530      +0.4797
     +1.0193      +1.0048
     +0.3575      +0.7732
     +0.0022      +0.2164
     +0.0004      +0.1409
     +0.0170      +0.3610
     +0.0032      +0.2379
     +0.0069      +0.2886
     +0.2338      +0.6954
     +0.1328      +0.6037
     +0.0039      +0.2501
     +1.0169      +1.0042
     +0.0008      +0.1684
     +3.7479      +1.3914
     +0.0746      +0.5227
     +1.2408      +1.0554
     +0.5172      +0.8480
     +0.0009      +0.1720
     +0.0130      +0.3377
     +0.3478      +0.7680
     +0.0783      +0.5290
     +0.0302      +0.4170
     +1.2040      +1.0475
     +0.1445      +0.6166
     +1.1074      +1.0258
     +0.1764      +0.6481
     +0.0062      +0.2808
     +3.0419      +1.3206
     +2.0796      +1.2009
     +0.1362      +0.6075
     +0.0124      +0.3334
     +0.0709      +0.5160
     +1.5808      +1.1213
     +1.8175      +1.1611
     +0.1740      +0.6458
     +0.1748      +0.6466
     +0.0490      +0.4705
     +0.1430      +0.6150
     +0.3916      +0.7911
     +0.0041      +0.2534
     +0.0001      +0.0896
     +0.1615      +0.6340
     +0.0085      +0.3033
     +0.3115      +0.7471
     +0.8391      +0.9571
     +2.5199      +1.2599
     +0.0000      +0.0441
     +0.0747      +0.5227
     +0.1059      +0.5705
     +3.3498      +1.3529
     +0.0103      +0.3186
     +0.6201      +0.8874
     +0.5671      +0.8678
     +0.0209      +0.3802
     +0.0206      +0.3787
     +0.0974      +0.5587
     +0.0423      +0.4535
     +0.0557      +0.4858
     +0.7364      +0.9264
     +0.0781      +0.5287
     +0.0126      +0.3349
     +0.0098      +0.3144
     +0.0028      +0.2297
     +2.4035      +1.2451
     +0.1972      +0.6664
     +0.2817      +0.7285
     +0.0021      +0.2144
     +0.1102      +0.5761
     +1.6649      +1.1359
     +2.3656      +1.2402
     +0.2360      +0.6970
     +0.0002      +0.1141
     +0.4460      +0.8172
     +1.4785      +1.1027
     +0.1112      +0.5775
     +0.0490      +0.4705
     +0.0404      +0.4484
     +0.0029      +0.2325
     +0.0966      +0.5574
     +4.0185      +1.4158
     +0.0249      +0.3971
     +4.5101      +1.4573
     +2.2168      +1.2202
     +0.4115      +0.8009
     +0.0547      +0.4836
     +0.8374      +0.9566
     +0.0126      +0.3350
     +0.0673      +0.5092
     +1.4923      +1.1053
     +0.0016      +0.1995
     +0.0031      +0.2351
     +0.1608      +0.6333
     +0.3568      +0.7729
     +0.4076      +0.7990
     +0.0001      +0.1095
     +0.0063      +0.2820
     +0.1107      +0.5768
     +0.0096      +0.3129
     +0.1065      +0.5712
     +0.0004      +0.1376
     +0.1143      +0.5814
     +0.0176      +0.3644
     +0.1956      +0.6650
     +1.1767      +1.0415
     +0.3233      +0.7541
     +0.0133      +0.3394
     +0.0631      +0.5011
     +0.0455      +0.4618
     +0.0074      +0.2936
     +0.1023      +0.5655
     +0.0150      +0.3498
     +0.2519      +0.7085
     +0.0000      +0.0272
     +0.8238      +0.9527
     +0.9374      +0.9840
     +0.0191      +0.3720
     +0.0001      +0.1041
     +0.0592      +0.4932
     +3.5625      +1.3738
     +0.0660      +0.5068
     +0.0256      +0.4001
     +0.2691      +0.7203
     +0.0201      +0.3767
     +0.0188      +0.3704
     +0.2138      +0.6800
     +0.0067      +0.2859
     +0.0903      +0.5482
     +0.1137      +0.5807
     +0.0524      +0.4785
     +1.2657      +1.0607
     +0.1020      +0.5651
     +1.8374      +1.1643
     +0.0083      +0.3015
     +0.0429      +0.4551
     +0.7187      +0.9207
     +0.5322      +0.8541
     +0.0188      +0.3701
     +2.0810      +1.2011
     +0.0432      +0.4558
     +0.1690      +0.6412
     +0.1042      +0.5682
     +0.0136      +0.3416
     +0.0073      +0.2926
     +0.3040      +0.7426
     +0.2492      +0.7065
     +0.1477      +0.6200
     +0.2899      +0.7338
     +0.3122      +0.7475
     +0.0122      +0.3325
     +0.7021      +0.9154
     +1.2806      +1.0638
     +2.3873      +1.2430
     +0.1592      +0.6316
     +0.0054      +0.2712
     +0.4548      +0.8212
     +0.0311      +0.4198
     +0.8770      +0.9677
     +8.9734      +1.7308
     +0.3145      +0.7489
     +0.3217      +0.7531
     +0.0015      +0.1980
     +0.0371      +0.4388
     +0.0006      +0.1545
     +0.2457      +0.7040
     +4.5804      +1.4629
     +0.0382      +0.4422
     +0.0079      +0.2985
     +0.1329      +0.6038
     +0.0171      +0.3616
     +0.0507      +0.4746
     +0.0483      +0.4687
     +0.3989      +0.7947
     +0.4474      +0.8178
     +0.4365      +0.8128
     +0.9582      +0.9894
     +0.0865      +0.5423
     +0.0103      +0.3189
     +0.0009      +0.1752
     +0.1477      +0.6199
     +0.1438      +0.6158
     +3.2626      +1.3440
     +0.0080      +0.2986
     +0.2861      +0.7314
     +0.4005      +0.7955
     +1.1184      +1.0284
     +0.2634      +0.7164
     +0.0505      +0.4742
     +0.0407      +0.4492
     +1.1322      +1.0315
     +0.1180      +0.5861
     +0.0383      +0.4423
     +0.0006      +0.1536
     +0.0065      +0.2844
     +0.0023      +0.2187
     +0.9964      +0.9991
     +0.0275      +0.4072
     +0.0116      +0.3284
     +0.2148      +0.6808
     +0.2222      +0.6865
     +0.1296      +0.5999
     +1.8834      +1.1715
     +0.0212      +0.3815
     +0.1022      +0.5654
     +0.0937      +0.5533
     +0.0176      +0.3641
     +0.0489      +0.4702
     +0.0827      +0.5363
     +0.0001      +0.0957
     +0.0024      +0.2212
     +0.4961      +0.8392
     +0.3552      +0.7720
     +0.0016      +0.2010
     +0.1946      +0.6642
     +1.3609      +1.0801
     +0.1302      +0.6007
     +0.4442      +0.8164
     +0.0280      +0.4090
     +1.2506      +1.0575
     +0.1507      +0.6231
     +0.0003      +0.1310
     +0.1093      +0.5750
     +0.4473      +0.8178
     +0.1598      +0.6323
     +0.0533      +0.4806
     +1.3856      +1.0850
     +2.6165      +1.2718
     +0.0002      +0.1161
     +0.0000      +0.0044
     +0.8433      +0.9583
     +0.2023      +0.6706
     +0.0592      +0.4933
     +5.1363      +1.5054
     +0.4273      +0.8085
     +0.0887      +0.5457
     +0.0283      +0.4100
     +0.2983      +0.7390
     +0.6763      +0.9068
     +0.4274      +0.8085
     +0.0685      +0.5117
     +0.4851      +0.8345
     +0.2578      +0.7125
     +0.0140      +0.3441
     +0.0135      +0.3408
     +0.0050      +0.2653
     +0.8800      +0.9685
     +0.1824      +0.6535
     +0.0956      +0.5561
     +0.0045      +0.2585
     +0.3820      +0.7862
     +0.1031      +0.5666
     +0.1616      +0.6341
     +0.0045      +0.2586
     +0.0765      +0.5258
     +0.0002      +0.1118
     +1.2142      +1.0497
     +0.0378      +0.4410
     +0.2793      +0.7270
     +0.0484      +0.4689
     +0.4254      +0.8076
     +0.7016      +0.9152
     +0.3688      +0.7793
     +0.8172      +0.9508
     +0.0736      +0.5209
     +0.2990      +0.7395
     +0.0028      +0.2294
     +0.0007      +0.1652
     +2.7554      +1.2884
     +0.0000      +0.0409
     +3.0795      +1.3247
     +0.4189      +0.8045
     +0.7276      +0.9236
     +0.0177      +0.3647
     +0.0367      +0.4376
     +0.2547      +0.7104
     +1.2568      +1.0588
     +0.4857      +0.8348
     +4.1194      +1.4247
     +0.6924      +0.9122
     +0.5996      +0.8800
     +0.0146      +0.3475
     +0.6775      +0.9072
     +2.6009      +1.2699
     +0.2530      +0.7092
     +0.0017      +0.2018
     +0.0635      +0.5019
     +0.0006      +0.1579
     +0.0012      +0.1848
     +0.0261      +0.4018
     +3.4957      +1.3674
     +0.2758      +0.7247
     +0.0000      +0.0556
     +0.0857      +0.5411
     +2.9524      +1.3108
     +1.2552      +1.0585
     +0.1886      +0.6590
     +0.0244      +0.3950
     +0.0000      +0.0078
     +1.4061      +1.0889
     +0.4722      +0.8290
     +0.1483      +0.6206
     +0.5100      +0.8451
     +0.1835      +0.6545
     +0.1830      +0.6540
     +0.0258      +0.4009
     +0.0265      +0.4036
     +0.0488      +0.4700
     +0.0449      +0.4603
     +0.0308      +0.4189
     +0.1755      +0.6473
     +0.1488      +0.6211
     +1.6271      +1.1294
     +0.2208      +0.6855
     +0.1410      +0.6128
     +0.2481      +0.7058
     +0.3830      +0.7867
     +0.0018      +0.2061
     +0.0274      +0.4069
     +0.0001      +0.0961
     +0.1192      +0.5876
     +0.0023      +0.2188
     +0.2127      +0.6791
     +0.2959      +0.7375
     +0.0008      +0.1675
     +0.0131      +0.3386
     +0.0007      +0.1645
     +0.0002      +0.1117
     +0.2871      +0.7320
     +0.5788      +0.8722
     +0.0516      +0.4765
     +0.0257      +0.4004
     +0.4061      +0.7983
     +0.1933      +0.6631
     +0.4024      +0.7964
     +0.9175      +0.9787
     +0.0016      +0.2013
     +0.9461      +0.9862
     +1.2251      +1.0521
     +0.3804      +0.7853
     +0.0816      +0.5344
     +0.0054      +0.2712
     +0.0126      +0.3350
     +0.0328      +0.4255
     +0.4410      +0.8149
     +1.0198      +1.0049
     +0.6036      +0.8814
     +3.7135      +1.3882
     +0.0048      +0.2638
     +0.7945      +0.9441
     +0.0620      +0.4990
     +0.1342      +0.6053
     +0.0200      +0.3762
     +0.0323      +0.4240
     +0.2449      +0.7035
     +0.8512      +0.9605
     +0.0003      +0.1368
     +6.2105      +1.5786
     +0.0091      +0.3092
     +0.0511      +0.4755
     +0.1954      +0.6649
     +0.0013      +0.1908
     +0.0230      +0.3894
     +0.4338      +0.8116
     +0.0792      +0.5304
     +0.1016      +0.5646
     +0.3288      +0.7572
     +0.1033      +0.5669
     +0.0640      +0.5030
     +0.1283      +0.5985
     +1.3385      +1.0756
     +0.0113      +0.3258
     +1.3756      +1.0830
     +0.0660      +0.5069
     +0.0328      +0.4256
     +0.9680      +0.9919
     +0.2473      +0.7052
     +0.0063      +0.2817
     +0.0709      +0.5160
     +0.0912      +0.5495
     +0.0115      +0.3273
     +0.0508      +0.4747
     +0.7426      +0.9283
     +0.2613      +0.7149
     +0.0041      +0.2538
     +0.3283      +0.7569
     +0.1243      +0.5938
     +0.0027      +0.2271
     +0.0107      +0.3220
     +0.0028      +0.2293
     +2.0806      +1.2010
     +0.6336      +0.8922
     +0.6376      +0.8936
     +0.0328      +0.4255
     +0.2037      +0.6718
     +0.1371      +0.6085
     +0.7983      +0.9452
     +0.0040      +0.2514
     +0.0078      +0.2968
     +0.7332      +0.9253
     +3.8280      +1.3988
     +0.3182      +0.7511
     +0.0396      +0.4462
     +0.0044      +0.2575
     +0.0003      +0.1263
     +0.0476      +0.4672
     +0.3179      +0.7509
     +2.1042      +1.2044
     +0.0022      +0.2174
     +0.0032      +0.2386
     +1.2281      +1.0527
     +0.0258      +0.4006
     +0.2683      +0.7197
     +0.8375      +0.9566
     +4.8784      +1.4862
     +0.4591      +0.8232
     +0.0177      +0.3645
     +0.3918      +0.7912
     +2.0470      +1.1961
     +0.0000      +0.0443
     +0.4200      +0.8050
     +1.2389      +1.0550
     +0.9099      +0.9767
     +0.0058      +0.2759
     +0.0656      +0.5060
     +0.0125      +0.3345
     +0.2152      +0.6811
     +1.2406      +1.0554
     +0.0694      +0.5133
     +0.0850      +0.5400
     +4.4958      +1.4561
     +1.2895      +1.0656
     +0.5984      +0.8795
     +1.0855      +1.0207
     +0.1773      +0.6489
     +1.0006      +1.0002
     +0.5384      +0.8566
     +0.2309      +0.6932
     +0.0037      +0.2464
     +0.0693      +0.5131
     +0.0145      +0.3472
     +0.1053      +0.5696
     +0.0911      +0.5495
     +0.7055      +0.9165
     +0.0303      +0.4173
     +0.3791      +0.7847
     +0.0023      +0.2191
     +0.1188      +0.5871
     +3.3127      +1.3491
     +0.7549      +0.9321
     +0.2781      +0.7262
     +0.2757      +0.7246
     +0.0083      +0.3015
    +10.8157      +1.8135
     +0.5161      +0.8476
     +0.0083      +0.3019
     +0.0279      +0.4088
     +0.8259      +0.9533
     +0.4760      +0.8306
     +0.0009      +0.1726
     +0.0007      +0.1600
     +0.1664      +0.6387
     +0.7188      +0.9208
     +0.0285      +0.4110
     +0.0158      +0.3545
     +0.0446      +0.4595
     +0.0153      +0.3519
     +0.2107      +0.6775
     +0.4755      +0.8304
     +2.6581      +1.2769
     +0.0033      +0.2406
     +0.4455      +0.8170
     +0.4469      +0.8176
     +0.0235      +0.3917
     +0.0298      +0.4154
     +0.0003      +0.1289
     +0.3247      +0.7549
     +0.1855      +0.6563
     +0.0757      +0.5245
     +0.6086      +0.8832
     +0.0049      +0.2650
     +3.1303      +1.3301
     +0.2137      +0.6799
     +0.1069      +0.5718
     +0.0215      +0.3828
     +0.0150      +0.3497
     +0.4448      +0.8167
     +2.8533      +1.2997
     +0.4404      +0.8146
     +0.0664      +0.5075
     +0.6672      +0.9038
     +0.1247      +0.5943
     +0.0087      +0.3050
     +0.0006      +0.1581
     +0.2343      +0.6957
     +0.0860      +0.5416
     +1.0909      +1.0220
     +0.0259      +0.4013
     +0.0354      +0.4339
     +0.2724      +0.7224
     +0.1567      +0.6291
     +0.4252      +0.8075
     +0.0635      +0.5019
     +0.2688      +0.7200
     +0.0667      +0.5082
     +0.3468      +0.7674
     +0.0188      +0.3701
     +0.0149      +0.3497
     +0.2783      +0.7263
     +0.0177      +0.3648
     +0.2966      +0.7379
     +0.0642      +0.5034
     +0.0051      +0.2666
     +0.0550      +0.4843
     +0.6721      +0.9054
     +0.0019      +0.2100
     +0.1881      +0.6586
     +0.1082      +0.5736
     +0.4425      +0.8156
     +0.0274      +0.4068
     +0.4294      +0.8095
     +0.0074      +0.2930
     +0.1233      +0.5926
     +0.0066      +0.2845
     +2.3057      +1.2323
     +0.1475      +0.6197
     +0.0000      +0.0431
     +0.0042      +0.2549
     +0.4053      +0.7979
     +0.6545      +0.8994
     +0.1992      +0.6681
     +0.0190      +0.3712
     +0.0265      +0.4036
     +0.6368      +0.8933
     +0.7396      +0.9274
     +0.5910      +0.8768
     +0.0039      +0.2504
     +0.2456      +0.7040
     +0.0085      +0.3038
     +0.0138      +0.3425
     +0.0166      +0.3592
     +0.0001      +0.1011
     +0.0162      +0.3566
     +1.0443      +1.0109
     +0.0290      +0.4127
     +4.7967      +1.4799
     +0.2351      +0.6963
     +5.4806      +1.5301
     +1.3045      +1.0687
     +0.2631      +0.7162
     +0.0188      +0.3701
     +0.8739      +0.9669
     +0.3182      +0.7510
     +0.0051      +0.2670
     +0.0566      +0.4878
     +0.0016      +0.1987
     +0.0048      +0.2638
     +1.0137      +1.0034
     +0.0080      +0.2992
     +0.6543      +0.8994
     +0.0036      +0.2457
     +0.2117      +0.6783
     +0.5570      +0.8639
     +0.2871      +0.7320
     +0.6451      +0.8962
     +7.2164      +1.6390
     +0.0019      +0.2100
     +0.2474      +0.7053
     +0.2605      +0.7144
     +3.4125      +1.3591
     +0.1538      +0.6263
     +0.0013      +0.1897
     +0.0037      +0.2471
     +0.3315      +0.7588
     +0.0078      +0.2974
     +0.7905      +0.9429
     +0.0405      +0.4486
     +3.0042      +1.3165
     +0.2437      +0.7026
     +0.0023      +0.2198
     +2.1948      +1.2172
     +0.1925      +0.6623
     +0.1685      +0.6407
     +0.2590      +0.7134
     +0.0012      +0.1851
     +0.7696      +0.9366
     +0.0339      +0.4290
     +0.0126      +0.3351
     +0.0225      +0.3873
     +0.0007      +0.1653
     +2.4461      +1.2506
     +0.0672      +0.5092
     +0.0225      +0.3874
     +0.4452      +0.8168
     +1.6577      +1.1347
     +0.0029      +0.2313
     +2.3680      +1.2405
     +0.0302      +0.4167
     +0.0121      +0.3319
     +4.3379      +1.4432
     +0.0121      +0.3314
     +0.0312      +0.4202
     +0.7122      +0.9186
     +0.6459      +0.8965
     +0.0000      +0.0810
     +0.2562      +0.7114
     +0.2234      +0.6875
     +0.1784      +0.6499
     +0.8522      +0.9608
     +0.1537      +0.6261
     +0.1687      +0.6409
     +0.0302      +0.4167
     +1.0173      +1.0043
     +0.0542      +0.4824
     +0.8074      +0.9479
     +0.0929      +0.5521
     +0.0027      +0.2276
     +1.5598      +1.1176
     +0.0162      +0.3570
     +0.0157      +0.3538
     +0.0122      +0.3325
     +0.0092      +0.3096
     +0.3148      +0.7491
     +0.2940      +0.7363
     +0.0914      +0.5498
     +0.4857      +0.8348
     +0.3506      +0.7695
     +0.8864      +0.9703
     +0.0344      +0.4307
     +1.3379      +1.0755
     +0.3314      +0.7587
     +0.0240      +0.3938
     +0.0015      +0.1981
     +0.0000      +0.0764
     +0.0069      +0.2883
     +0.6362      +0.8931
     +0.0034      +0.2407
     +1.3300      +1.0739
     +0.2642      +0.7170
     +0.0144      +0.3461
     +0.4505      +0.8193
     +0.0351      +0.4328
     +0.4869      +0.8353
     +0.3779      +0.7841
     +0.2304      +0.6928
     +0.0400      +0.4471
     +0.0044      +0.2574
     +0.0900      +0.5478
     +1.2863      +1.0650
     +0.0979      +0.5594
     +0.0479      +0.4678
     +0.0343      +0.4305
     +0.0572      +0.4891
     +0.3868      +0.7886
     +0.0687      +0.5119
     +1.5097      +1.1085
     +0.1412      +0.6130
     +0.1381      +0.6096
     +0.3483      +0.7682
     +0.1680      +0.6403
     +0.0288      +0.4119
     +0.2822      +0.7288
     +0.6578      +0.9006
     +0.1022      +0.5654
     +0.0338      +0.4288
     +0.0137      +0.3424
     +0.4165      +0.8034
     +0.0000      +0.0493
     +1.2053      +1.0478
     +0.9699      +0.9924
     +0.1640      +0.6363
     +0.1573      +0.6298
     +0.0000      +0.0802
     +0.7196      +0.9210
     +0.0083      +0.3019
     +0.3191      +0.7516
     +0.1328      +0.6037
     +0.0248      +0.3968
     +1.6581      +1.1348
     +0.0355      +0.4340
     +0.1444      +0.6164
     +0.0042      +0.2546
     +0.0030      +0.2340
     +0.0025      +0.2232
     +0.0757      +0.5246
     +0.0745      +0.5225
     +0.4724      +0.8291
     +0.0005      +0.1529
     +1.1471      +1.0349
     +0.0104      +0.3195
     +1.0315      +1.0078
     +0.7733      +0.9377
     +0.0127      +0.3358
     +0.0054      +0.2705
     +0.0782      +0.5288
     +0.0197      +0.3748
     +0.0997      +0.5619
     +0.1498      +0.6221
     +0.3395      +0.7633
     +0.0000      +0.0216
     +0.0153      +0.3515
     +0.2223      +0.6866
     +5.7920      +1.5513
     +0.0239      +0.3930
     +0.6301      +0.8910
     +0.0517      +0.4768
     +0.7963      +0.9447
     +0.5664      +0.8675
     +0.0237      +0.3924
     +1.8431      +1.1652
     +0.0591      +0.4930
     +1.4965      +1.1060
     +0.0969      +0.5579
     +0.3039      +0.7425
     +0.0445      +0.4594
     +0.2441      +0.7029
     +0.0598      +0.4945
     +0.0003      +0.1360
     +0.0001      +0.1090
     +1.2891      +1.0656
     +0.0024      +0.2213
     +1.8624      +1.1682
     +0.0287      +0.4115
     +0.3102      +0.7463
     +0.0164      +0.3579
     +0.0012      +0.1865
     +0.0197      +0.3747
     +0.0094      +0.3113
     +0.0212      +0.3817
     +0.0185      +0.3690
     +0.0053      +0.2700
     +0.0825      +0.5359
     +2.3366      +1.2364
     +0.6293      +0.8907
     +0.0005      +0.1499
     +0.1718      +0.6438
     +0.2521      +0.7086
     +0.0250      +0.3975
     +0.2320      +0.6940
