-1.51879430E-01
+2.06840811E-01
-1.02523172E+00
+7.07649625E+00
-1.69412174E-01
+4.52277129E-02
+1.75067403E+00
+1.22065388E+00
+7.54202020E-01
+5.85946755E-01
+1.25172003E+01
-1.01641154E-01
+1.40879443E+00
-7.08073300E-01
+9.21486775E-01
+1.65447125E+00
+5.08624594E+00
-6.40055680E-01
+2.64465966E+00
-1.05167337E+00
+3.57774001E+00
+2.20516775E-01
-4.28736153E-01
+9.96209699E-01
+7.60294966E+00
+9.20688982E-01
+2.17855489E+01
+2.14068004E+01
+6.48115403E-01
-1.00353702E+00
-5.77566877E-01
-7.24119741E-02
-5.75278937E-01
-1.77507312E+00
-8.68652344E-02
-6.42713861E-01
-2.36615274E-01
+3.94620261E+00
+2.47151917E-01
+3.71223406E+00
+5.74100309E-01
-1.50638961E-01
+1.09630068E+01
-6.57208591E-01
+2.19986757E+00
-4.93638191E-01
-1.30166442E-01
-9.60706341E-01
+1.26181688E+00
-1.28115545E+00
+2.10017397E+01
-3.66939196E-01
-3.43801368E-01
+5.38544766E-01
-9.13674059E-01
-1.66358134E-01
+2.01106523E+00
-5.49177341E-01
+3.80980445E-01
-8.13097885E-01
+1.69875865E-01
+1.46713250E-01
-1.48709975E+00
+6.32231848E-02
-1.09222894E+00
+9.04023232E+00
-9.22420690E-01
-6.30850390E-01
+3.93541860E-01
-7.59493211E-01
-8.76642088E-01
-9.99103283E-01
-4.38179286E-01
-9.42054013E-01
-6.31908159E-01
+2.45699198E+00
+8.27473100E-01
-6.52922247E-02
+2.38935972E-01
+9.58561028E-01
-6.85982406E-02
+2.81029157E+00
-2.51053584E-01
-1.71330343E-01
+4.43855976E+00
-1.16236676E-01
+5.19306467E-01
-8.16119283E-01
+1.16864431E+00
+3.27866494E-01
-7.05238233E-01
-6.79552735E-01
-8.36477418E-01
-7.51421259E-01
+4.98968556E+00
-5.96311534E-01
+1.76075123E-01
+2.52854324E+00
+2.20073392E-01
-9.86717637E-02
-1.51156267E-01
+2.60836892E-01
-2.98423946E-01
-7.41978866E-01
-5.22275219E-01
-4.80792649E-01
-8.27703685E-01
-2.02236198E-01
+5.54031876E+00
-1.99908230E+00
-1.59513821E-01
+3.41601521E-01
-5.93843447E-01
+8.31349178E-01
-3.43177289E-01
-1.74903931E+00
-8.45587122E-01
+3.31043808E+00
-8.71713844E-01
-1.04935086E+00
+5.18160486E+00
-7.88467709E-01
+1.38155374E+00
+7.98618036E+00
+3.47268293E+00
-6.27025230E-01
-7.20267422E-01
-4.05335667E-01
-1.06727206E+00
-9.36362798E-01
-3.23214487E-01
-1.24851413E-02
+5.57829915E-01
-1.58931264E+00
-1.07410282E+00
+3.48290861E-01
+6.96999175E-01
-6.18094161E-01
+3.40797331E+00
+2.36440259E-01
-7.92619456E-01
-8.58469361E-01
+1.82837110E+01
+2.85713409E-01
-5.86082174E-01
+2.76416440E-01
+3.09363631E+00
-9.50039306E-01
-1.06309286E+00
-3.77221921E-01
+5.55839812E-01
-5.06210990E-01
+1.95142755E-01
+1.04569097E+01
-7.24806761E-02
+5.73268586E-01
-1.39729700E-01
+5.85068259E-01
-8.08186300E-01
-2.05229422E+00
-7.63442868E-01
-5.73672809E-01
-1.07465450E+00
+3.55616383E+00
-1.33434036E+00
+1.05924505E+00
-7.88568843E-01
+3.01192056E+00
-1.56277249E-01
+1.57029736E+00
-7.31958737E-01
+3.88789930E-02
+9.01423247E-01
-3.30561166E-01
+2.34271422E-01
-1.03577182E+00
-5.03921455E-01
+9.00413653E-02
+9.82250928E-01
-3.31351994E-01
-6.28615670E-01
+3.30464197E+00
-6.04197639E-01
+1.33665307E+01
-5.82517385E-01
-8.26235404E-01
-1.61446780E+00
-1.15489379E-01
+2.68942564E+00
+9.22366340E-01
+6.08325194E-02
-6.14036043E-01
+3.52586606E+00
+4.18016897E-01
-4.04849165E-02
+1.95487482E-01
-1.66750753E+00
+3.23666957E-02
-2.30614512E-01
+1.50285704E+00
-1.54708406E-01
+2.50637662E+00
+1.57483264E+01
+7.17463300E-01
-1.62022828E-01
-1.10611166E+00
+8.25949136E-01
-4.13135514E-01
-1.48762248E+00
+5.26433427E+00
+1.95090911E+00
-9.70584426E-01
-3.42871482E-01
+4.08204002E-01
+6.41913067E+00
-6.13610349E-01
-1.32836269E+00
+2.87446920E+01
+1.28587102E-01
+3.79649434E+00
-8.07853299E-01
+1.68886043E+00
-2.51688580E-01
+2.91063820E-01
+3.89015586E+00
-5.67631439E-01
-1.06199423E+00
-4.29551527E-01
-7.40782067E-01
+3.70334321E-01
-1.12744652E+00
-7.13930449E-02
-1.36860070E+00
-7.03924156E-01
-4.72397177E-01
-9.65367805E-01
-5.93105835E-01
+4.02010618E+00
-3.73034104E-01
-8.49774333E-01
+4.82419580E+00
+1.91232768E+00
-1.73455713E+00
-1.38071943E+00
+1.14026358E+01
+9.50829288E+00
-3.49546269E-01
-9.21857971E-02
-5.07963916E-01
+1.77696937E+00
+7.86838688E-01
-2.51341300E-01
-6.55705561E-01
-7.32148841E-01
-4.91293973E-01
-3.88585063E-01
+2.29233568E+01
-3.91371447E-01
+2.27029644E+00
-4.94755152E-01
+8.39869783E+00
+1.54470982E+01
+1.14399544E+00
-1.09477465E-01
+7.22169399E-01
+4.76381693E-01
+1.22178372E-02
+1.92004580E+00
+1.15538470E-02
-1.40744200E-02
-3.13456584E-01
-2.03145826E+00
-5.61858716E-01
+7.38807825E-01
+4.09537537E+00
+3.52143553E+00
+8.09047815E-01
+1.03400910E+00
-7.63761277E-01
-4.88705637E-01
-9.80110532E-01
-2.37590797E-01
+3.03819792E+00
-1.41660840E-01
-3.04410745E-01
+4.95533899E-01
+1.80985561E+00
-1.00978924E+00
-2.33027060E-01
-9.12717485E-01
-5.06411201E-01
-5.55234386E-01
+1.10298069E+00
-2.69517119E-01
+4.34711164E-01
-6.23122220E-01
+6.53085983E+00
+1.66942679E+00
-3.89053165E-01
-4.09723328E-01
-7.74830368E-01
+6.76895222E-01
-6.65064189E-01
-3.48394240E-01
+1.68776759E-01
+1.51912293E+00
+1.03763974E+00
-2.88973847E-03
-5.94303539E-01
-4.89636708E-01
-3.52199829E-01
-5.57211683E-01
+1.12748306E+00
-1.29698485E+00
+4.14522198E+00
-1.10791780E+00
-4.64597621E-01
-5.34109721E-01
-1.18158473E+00
+1.58619869E+00
-2.39308541E-01
+8.14352417E-01
-2.47111348E+00
+9.41192914E-01
-3.75720067E-01
+1.29870253E+00
+1.12779134E+00
+2.33038729E+00
+1.68276661E+00
-1.41978152E+00
+2.98988095E+00
+7.64964735E-02
-9.05664976E-01
+1.40692125E+00
-1.14177652E+00
-5.70296995E-01
-2.01934769E-01
+8.57511148E+00
-1.54408270E-01
-1.11600453E+00
-9.99170713E-01
-1.11074421E+00
-4.82847924E-01
+2.71505865E+00
-2.42695747E-01
+7.32071602E-01
-2.32538761E+00
+1.72728279E+00
-3.40576478E-01
+3.75507336E-01
-4.44450102E-01
+3.94599587E-01
+4.24235096E-01
+7.61140899E-01
+6.95877464E+00
+5.50883282E+00
-2.26139851E-01
-7.39042474E-02
+1.75481290E-01
-4.52376254E-01
-6.31693473E-01
-6.85222220E-01
-1.15180584E+00
-1.93295908E-01
+2.90633401E+00
-1.37939923E+00
-7.25779146E-01
-7.79653640E-01
-3.79292492E-01
-7.05892811E-01
-1.38443068E+00
-4.01557304E-01
+7.12817341E+00
-8.77465404E-01
-8.10562613E-01
+3.39608132E-01
-9.30650394E-01
-3.76750835E-01
-1.43960794E+00
-8.11809444E-01
-4.22832627E-01
-7.66482649E-01
-7.43260695E-01
-1.10030845E+00
-5.94386180E-01
-1.55189287E+00
+2.03151680E+00
-1.61633780E-01
+2.92802138E-01
+1.68845671E-02
-6.15075720E-01
-1.25464320E+00
-5.37320263E-01
-3.96763411E-01
-1.66579215E+00
-2.75145459E-01
-9.14551102E-01
+4.88163228E-02
+2.22717348E+00
+1.12913022E+00
-1.83966901E+00
-6.85100211E-01
-1.41249946E+00
-3.02202370E-01
-4.22113310E-01
+7.33263047E+00
+9.46530947E-01
-1.06149669E+00
+7.26115108E-01
-3.40203476E-01
+4.35324085E-02
-1.10468494E+00
-9.06945911E-01
-9.64443612E-01
-2.78439350E-01
+9.21139392E+00
+2.23532331E+01
+5.27722643E-01
+3.21829194E+00
-5.85758973E-01
+1.07186917E+00
-2.26865321E-01
-4.58161786E-01
-1.01003842E+00
+5.72573248E-01
-2.26423525E-01
+1.29324187E-01
-1.35527671E+00
+1.49151365E-01
-9.30676685E-01
+3.70158210E-01
-9.93082289E-01
-3.62896917E-01
+5.49451934E+00
+2.83254609E-01
+1.66157766E+01
+1.38102155E+00
+8.11152790E-01
-1.00598080E+00
+4.62339751E-01
+1.14812578E-01
+2.38434253E-02
-5.46180866E-01
+4.99069851E+00
+3.19988247E+00
-1.27684539E+00
-9.99517881E-01
+1.48946772E+00
-1.25918279E+00
-4.73747365E-01
-2.57931967E-01
-8.84303857E-01
+1.27883236E+00
+9.27899039E-01
-4.31056173E-01
-7.04629825E-01
-9.17670658E-01
+4.56127695E+00
-4.63531233E-01
-1.54473840E+00
+7.25366554E+00
-1.38984235E+00
+2.55385800E-01
-2.54803339E-01
+1.89406202E-01
-2.59580084E-01
-8.99357308E-01
+2.36310580E+01
-3.68792166E-01
-1.42326015E+00
+1.77286102E-01
+2.08142810E+00
-5.32304032E-03
-1.47757571E+00
-4.66658430E-01
+4.69854711E+00
+2.72972850E+00
+4.15475924E-01
-9.58345329E-01
-2.20291987E+00
+9.89766853E-01
+7.32078755E+00
+7.80469549E-01
+4.58250661E+00
-7.33833438E-01
-4.62988315E-01
+4.50653035E+00
-1.49056465E+00
-5.23275282E-01
-5.80380424E-01
-2.56032375E-01
+6.55438903E-02
+8.74319150E-02
-8.67010579E-01
+8.92943948E-02
-3.83214707E-01
-1.03867691E+00
-9.59311624E-01
+1.66142422E-02
-6.41867393E-01
+1.18834705E+01
-1.88977195E-01
+3.24709874E-01
+1.02584598E+00
+9.32841591E+00
-5.07798393E-01
-7.76474120E-02
-2.15069775E-01
-8.51725619E-01
-8.74547225E-01
-1.07826154E+00
+1.63032094E+00
+2.29055969E-01
+1.65134523E+00
+4.52058344E-01
-1.22803152E-01
+8.30176321E+00
-7.95555671E-01
-4.09093583E-01
+7.10170824E+00
+3.95787259E+00
-1.41412132E+00
+1.93075484E+00
-7.76972108E-01
-5.22184751E-01
-4.52453130E-01
+3.69902707E+00
-2.36063152E-01
-1.34332555E+00
+1.18136469E+00
+1.87167174E+01
+7.20731463E-01
-2.63627015E-01
-1.74631691E+00
+7.90910123E-01
+3.07824249E-02
-7.59741992E-01
-1.06523671E+00
+9.88786648E-01
-1.38940007E+00
+1.05641526E+00
+4.53101966E-01
+5.72309425E-01
-8.96980909E-01
-1.52378751E-01
-1.76972662E-01
-1.00972630E+00
+1.10265274E+01
-9.41402050E-01
-3.18831799E-01
-1.19587933E+00
+5.74496909E-01
+4.93232858E+00
-1.00771689E+00
+3.85407778E+01
+1.13306566E+00
-4.84285420E-01
-5.22200476E-01
-3.27082451E-01
-2.32705207E-01
-7.03415830E-01
+2.48939895E-01
+1.90902694E+00
-6.23197933E-01
+1.92163626E+00
-7.33851350E-01
+4.83798468E+00
+9.31557294E-01
-1.92645998E+00
-1.35246753E+00
+6.95690287E-01
-9.53559219E-01
-5.53159820E-01
+1.81169914E+00
-4.44600873E-01
+1.24753064E+00
-4.36640331E-01
-8.34815351E-01
-3.40665440E-01
+1.00217752E+00
+1.75666559E+01
-2.17179648E-01
+4.50261859E+00
+1.35179475E-01
+1.51143771E-01
-2.89669747E-01
-1.04098036E+00
-1.56714227E+00
-1.45970789E-01
+1.12223018E+01
-3.21952321E-01
+7.43616054E-01
-9.86213659E-01
+2.43819785E-01
-6.80110469E-01
-3.29584256E-01
-9.16135795E-01
-1.34410455E+00
-1.13922651E+00
-1.69929479E+00
-9.09656903E-01
+9.08560074E-01
+1.40430272E+00
-2.20045675E-01
+2.25774084E+00
-1.27254197E+00
-1.47347163E+00
-6.12266581E-01
-1.21223095E-01
+4.80339581E-01
-2.23261279E-01
+2.33215587E+00
-5.26480265E-01
-8.03894342E-01
+3.48298411E-01
+6.81542728E-01
+9.75177089E-01
-1.07470199E+00
+2.81016440E-01
-9.92617765E-01
+7.38140612E-01
+2.75465154E+00
-1.13678666E+00
-9.59881035E-01
-8.83209126E-01
-9.58936783E-01
-8.73083972E-01
-1.08664378E-01
+7.84459246E-01
-1.96981235E-02
+2.14152563E-01
-9.00553758E-01
+1.84892370E+00
+2.67816552E-01
-3.49723578E-01
-2.28942267E-01
+1.51861182E+00
+6.30213258E+00
-1.68513827E+00
+2.44394312E+01
+2.86565388E-01
+2.55822386E-01
+2.15879458E+00
-1.35082853E-01
+8.16875074E+00
-6.01008346E-01
-4.02314053E-01
-8.05520626E-01
+4.24363004E+00
+1.14588901E+00
-7.99679657E-01
+4.13455007E+00
-6.48393954E-01
-7.08452104E-01
-8.83441217E-01
-1.13127343E+00
+2.62833654E+01
-1.81596410E+00
+2.29633364E+01
-8.12853490E-01
+4.33709587E+00
-5.36667222E-01
-7.36971358E-01
-9.52714057E-01
+6.84469464E-01
+6.48119343E-01
-2.30228274E-01
+3.44740224E+00
-6.27732907E-01
-6.61221697E-01
+2.59897608E+00
-1.09352181E-01
+1.75811840E+00
-3.98088054E-01
-1.11570926E+00
+1.34163782E+00
-1.32021685E+00
+8.83702258E-01
+3.76985972E+00
+6.65837252E-03
+1.18828763E+00
-1.02309306E+00
-7.78907654E-01
-7.55809154E-02
+4.58194374E+00
-1.72821761E-01
-3.07502733E-01
+1.10131527E-01
-7.40778416E-01
-1.08581033E+00
-1.08670882E+00
-1.73672204E+00
-1.94159328E+00
-5.96731366E-01
-6.40450742E-01
+5.93392243E-01
-1.18324007E+00
+1.68512521E+01
-3.92495633E-01
-1.35072109E+00
+7.88585006E-01
+2.03296612E+01
-4.76463956E-01
-6.79353297E-01
+7.84732585E+00
-5.31283827E-01
-9.57784255E-01
+2.00333281E+00
-8.19882738E-01
+2.22287622E-01
-2.73283640E-01
-7.44109732E-01
-1.07950870E+00
-1.04262511E+00
-1.57246092E-01
+2.64491191E+00
-8.63389066E-01
-4.38665524E-01
-1.79621373E-02
+1.18157368E+01
-7.30977881E-01
-1.01088779E+00
-7.14633084E-01
-2.01440484E-01
-5.33874174E-01
-6.51654199E-01
-5.09124973E-01
+2.57617458E+00
+1.17801288E-01
+1.05476080E+00
-6.89061437E-01
-6.98820417E-01
-3.63917116E-01
-7.20360290E-01
-6.85729798E-01
-2.96879401E-01
-3.97935444E-01
-1.55269284E+00
-3.57826809E-01
-4.61908261E-01
-6.27344387E-01
+1.24093887E+01
+1.20176451E+00
-3.65429695E-01
-5.14458478E-01
-2.32894509E-01
+9.61063012E-01
+1.27192000E-02
-1.05624205E+00
-1.05104379E+00
+5.83985663E-01
+4.39117949E+00
-6.96964298E-01
-1.03317364E+00
-5.56908029E-01
+7.51683759E-01
-8.47169433E-01
+3.41721605E+00
-1.36588403E-02
-6.64983844E-01
+2.48171349E+00
+4.60978660E-01
+6.69544437E+00
-9.32219946E-01
+1.05656159E+00
+4.80816146E+00
-1.24011908E+00
+3.69141438E+00
+3.91978714E+00
-3.76415408E-01
-4.19584139E-01
-5.24642032E-01
+2.48500053E+00
-4.69542538E-01
+1.15219363E+00
+7.27247624E+00
+3.21253378E-02
+1.10459136E+00
+5.02329988E-01
+3.14047793E-01
-9.68636165E-01
-1.24605365E-01
-1.14191440E+00
+6.72580815E-01
-6.49641814E-01
-4.07901849E-02
-3.99499790E-01
-6.78345861E-01
-6.65344428E-01
-9.37329885E-01
-8.06021600E-01
+4.24040286E+00
-2.02528017E-01
+9.32880339E+00
-1.04475344E+00
+2.10350143E+00
+4.33932915E+00
+1.79174928E-01
-2.16598437E+00
-9.47578054E-02
-6.64166753E-01
+8.78098811E-01
-6.21889086E-01
-3.22277213E-01
+1.92433949E+01
-7.53560021E-01
-5.05672585E-01
+5.34992313E-01
-6.48622412E-01
+4.91453149E-01
+2.34844825E-01
-2.74687779E-01
-1.34448975E+00
+2.22994735E-01
-1.39456488E+00
+3.88199054E+00
-7.33382027E-01
-2.52760899E-01
-1.26220984E-01
-3.94813627E-01
+2.73597922E+00
+3.12188091E+00
-2.49384570E-01
-2.71619410E-01
-8.57663418E-01
+2.32813187E+00
+7.70339367E+00
-1.26788371E+00
-9.30373505E-01
+4.22004086E-01
+2.71404322E+00
+6.58632424E-01
-5.01200115E-02
+1.21278391E+00
+1.35369445E+00
+1.15064604E+00
+6.61396456E-01
-4.61610449E-01
+1.07110354E+00
-6.63571389E-02
-2.27836748E-01
-2.82844428E-01
-6.35715345E-01
-4.81577747E-01
+1.57591154E+00
-1.19368064E+00
-5.40808219E-01
-6.78870253E-01
-3.22285297E-01
+2.05952283E-01
+4.79606454E-02
-5.20145893E-01
+2.69917581E+00
-8.15381979E-01
-1.45746063E-01
-4.07942219E-01
+2.93033180E+00
+1.60265215E+00
+3.49142730E+00
-7.58630740E-01
+3.18147151E+00
-6.80757831E-02
+6.18306348E-01
-1.15606524E+00
+2.48335090E-01
+2.43580876E-01
+5.50466182E+00
-8.49137465E-01
+5.04570167E-01
-2.55556937E-01
-1.50801116E-01
-2.30587505E-01
+1.98515552E+00
+7.17143561E-02
-8.42249511E-01
+3.39791406E-01
-5.72714140E-03
+1.80961293E+00
-8.40381302E-01
-5.84037211E-01
+9.49764615E+00
+2.62780042E-01
+4.10997577E+00
-8.27585684E-01
+1.92521741E+00
-2.48734563E+00
-4.78292546E-01
+5.04117856E+00
+7.94421015E-01
+1.00348259E+00
-1.08575635E+00
-1.76225384E-01
-1.27545816E+00
+1.19173536E+00
-2.91385238E-01
-4.18718745E-01
-1.17537302E+00
-1.03548440E+00
+4.18952349E-01
-1.13633904E+00
-3.12479500E-01
+3.71000051E+00
-8.12598425E-01
-1.40256163E+00
+3.82529843E+00
+1.18570498E+00
+1.37272928E-01
-4.92820951E-01
+4.27065252E+00
+2.06003090E+00
-5.93073749E-01
-6.05783735E-01
-8.36033530E-01
-5.49635846E-01
+3.05144181E+00
+1.10373471E+01
+3.20821251E-01
-4.52258496E-01
-5.87630632E-01
-1.93223282E-02
-2.10694352E+00
+9.18053361E-01
-9.23438842E-01
-7.24678545E-01
+1.30975711E+01
-6.17253338E-01
+8.39642833E-01
+1.12146791E+01
-7.72109679E-01
-5.02994548E-01
+7.55569779E+00
-1.54338603E+00
+2.76772055E-01
+4.88608737E-01
-2.15350185E-01
-3.15799917E-01
-7.31886296E-01
-8.12280366E-02
-5.82114889E-01
-1.23903955E+00
+2.73542907E+00
-4.83946390E-01
-8.07892563E-01
-7.16277126E-01
+3.33663491E-01
+5.87032914E+00
+9.87495648E-01
+1.54529372E+00
+3.09031311E-01
-3.22304689E-01
-9.30990848E-01
-4.04389439E-01
-1.02016129E+00
-1.13806171E+00
-9.57550141E-01
+4.19697681E-01
+1.64248902E+01
-8.93418615E-02
-9.40218270E-01
+3.18603662E-01
-5.27864245E-01
-7.05264661E-01
-5.82683964E-01
-8.01764598E-01
-8.46327295E-01
+1.32773111E-01
-1.25809190E+00
-8.85201114E-03
-1.71514866E+00
+2.63390025E+01
+1.53888686E-01
-8.43109219E-01
-2.43234596E-01
-4.37807171E-01
-5.52515793E-01
-5.30464921E-01
-1.17147853E+00
+1.51834113E-01
+3.88409298E-01
-1.18322670E+00
-6.72032357E-01
-9.78955763E-01
+4.31697558E-01
+3.13962063E+00
-7.91294227E-01
+1.15406392E+01
+1.49685169E-01
-3.57965154E-01
-1.48899480E-02
-1.00745992E+00
+4.07661913E+01
+2.14557592E+00
-3.05809380E-01
-7.37411213E-01
-3.27892987E-01
-7.78164608E-01
+1.43200382E+00
-1.88362218E+00
-6.79346122E-01
+4.75400334E-02
-9.01088656E-02
+7.43055202E-01
+1.41097062E+01
+1.18155497E+01
+2.62918643E+00
+1.57208661E-01
-6.22895249E-01
+2.15044902E-02
+1.19239946E-01
-6.36917763E-01
-4.04025748E-01
-5.08738372E-01
-9.10466417E-01
+2.04956950E+01
+1.08804360E-01
-3.39207577E-01
-1.19165665E+00
+2.19862922E-01
-1.61048904E-01
-3.61534214E-02
-3.53995569E-02
-1.59873295E-01
+1.99653439E+00
-2.43603767E-01
+6.52700333E+00
-1.31976482E+00
+1.52342161E+00
+1.05321254E+01
+3.50930304E+00
+1.81031855E-01
-5.11611346E-01
+1.07878618E+00
-5.16742346E-02
-8.39572864E-01
-1.81801511E+00
-2.78269410E-01
+2.25023382E+01
-4.85869963E-02
-7.33560753E-01
-3.18515169E-01
-2.27718256E-01
-4.84220875E-02
-6.48794970E-01
-3.66258953E-01
-1.21351599E+00
-2.62928659E-01
-6.72760191E-01
+2.51970387E+00
+4.85589175E+00
+1.97196664E-01
+4.23084218E+00
-9.77606137E-01
-6.80720356E-01
+2.20392279E+00
-1.53723918E+00
-1.22719262E+00
+2.15521028E-01
-9.91109701E-01
-1.54497019E-01
-1.35567071E+00
+2.15944571E+00
-4.42109569E-01
-9.71904080E-01
-1.47037444E+00
+4.09096841E-01
-1.26745773E+00
+9.00030016E-02
+2.44404526E+00
-1.41095852E-01
-4.03316851E-01
+6.19048359E+00
-5.35783852E-01
+2.52732564E+00
+5.95734581E-01
+1.11157314E+00
-7.41994726E-01
-2.53349705E+00
+5.45621019E+00
-2.26040365E-01
-5.52868463E-01
+2.68002664E+00
-6.48491278E-01
+5.03910046E-01
+4.20459581E+00
-9.16848014E-01
-3.30326787E-02
-2.97381979E-01
+3.63551751E+00
-2.70062851E-01
-1.56576360E+00
+1.52556027E+00
-4.78377925E-01
-4.40509312E-01
-1.08333136E+00
+2.81959182E+00
-3.20128850E-01
-1.40862851E+00
-7.53990072E-01
-1.21007047E+00
+1.33336405E+01
+1.62843403E+01
-1.71372200E+00
+3.76832726E-01
+5.53259449E-01
-4.65856020E-01
+3.01667471E+00
-4.67794516E-01
+7.55495388E-01
-9.71912370E-01
-1.01309572E+00
+1.22456157E-01
-8.70617594E-01
+8.45150749E-01
-1.43251819E+00
+2.44763334E+00
-4.73864828E-01
-3.05312739E-01
+4.45056995E+00
+4.81261204E+00
-1.23164306E+00
+1.17712917E+01
-4.70953364E-01
-6.05929930E-01
-7.58856357E-01
+4.40299101E-02
-3.19129666E-01
+2.16699009E-01
-2.45235347E-02
+7.08781295E-01
-9.96043387E-01
+4.87476653E+00
-7.37205760E-01
+1.75349396E+00
+3.14720724E+00
-2.98636391E-01
+1.46817756E-01
+2.62746868E+00
+2.63949526E-01
+8.10818643E+00
+2.50972599E-01
+3.06431523E-02
+1.07756559E-01
+1.16213958E+00
-7.76910407E-01
-6.88597600E-01
-4.28532272E-01
-1.20396231E+00
-1.81639992E+00
-4.04511896E-01
-6.69833461E-01
+5.16320605E-01
-1.16222942E+00
-1.34815951E+00
-8.79216060E-01
-1.44611235E+00
+1.82263391E-01
+5.19513880E+00
-2.18299857E+00
+4.63359607E-01
-7.82972025E-01
+2.70182326E+00
-1.09258704E-02
+1.69766558E+01
-4.44423322E-01
-5.55000455E-01
-7.42167544E-01
-1.02215393E-01
-1.33975104E+00
-3.39171153E-01
-1.57689017E-01
+4.20723077E+00
-5.39868491E-01
-4.62601731E-01
-2.28996153E-01
-4.74160543E-01
-3.50244856E-01
-7.70260503E-01
+3.81120950E+00
-1.02943773E+00
-1.31062249E-01
+6.22046801E-01
-7.72600704E-01
-9.47282500E-01
-1.12260161E+00
-1.52658311E-01
-2.43295062E-01
-5.71899671E-01
+5.40117588E+00
-9.57631513E-01
+6.34425408E+00
-8.23737218E-01
-6.00401083E-01
-9.58758263E-01
-6.09253106E-03
-5.32761984E-01
-2.19308435E-01
+6.63670311E-01
-1.06994799E+00
+2.74348533E+00
-3.81159793E-01
-7.62804475E-01
-9.66727937E-01
+6.45217222E+00
-1.07838005E+00
-6.46398197E-01
-2.41900868E-01
-7.79849061E-01
+3.46991946E+00
+2.61776327E+00
-9.59278819E-02
-2.99529721E-01
-4.53661611E-01
-4.13601738E-01
-7.91572107E-03
-5.43259502E-01
-8.10347304E-01
+8.60084863E+00
+2.25124761E-01
-5.00555067E-01
+1.19090885E+00
+8.34743536E+00
+1.50131080E+00
+6.31190026E+00
+3.58188914E+00
-2.38828807E-01
-7.89287697E-02
-1.79490131E+00
-1.05835110E-01
-1.20432001E+00
+2.15658427E-01
-1.88892713E+00
-8.68343331E-01
-8.04466907E-01
-3.38914468E-01
-3.49565525E-01
-7.71847489E-01
-3.66315689E-01
-2.76959772E-01
-2.83395889E-01
+2.30793219E+00
-4.65242168E-01
+1.91949843E-01
-5.58995892E-01
-1.93909846E+00
+5.12238012E+00
+8.06645388E+00
+1.14507862E+01
-4.78653858E-01
-7.21538005E-02
+4.07803751E-01
-3.13585936E-01
-1.09763317E+00
-6.66849735E-01
-2.03247106E-01
-2.73269872E-01
-1.74286304E-01
+2.87436966E+00
+7.18729924E+00
+7.14981789E-02
-7.86250938E-01
-1.05223423E+00
-4.82840128E-01
-5.86698640E-01
-3.21013521E-01
-1.10386166E+00
+1.44750565E+00
+2.00577881E-01
-6.27115513E-01
-5.36004741E-02
-1.14274019E+00
-6.84067029E-01
-5.74894541E-01
-2.96416850E-01
-1.13813010E+00
+6.27170460E-02
+1.56528287E+00
-6.96532444E-02
-3.33711176E-01
+9.10758389E-01
-9.24973049E-01
+1.77042164E+00
+1.56270810E+00
-1.42087573E+00
+5.47388883E-01
+1.23296359E+01
+9.24643137E+00
+3.40528313E-02
-1.01285066E+00
-1.69878511E-01
-6.95771450E-01
+3.18071471E-03
+3.42426869E-01
+7.99625382E+00
+1.19871337E-01
-1.21489907E+00
-2.89657678E-01
-1.04860964E+00
-6.02923336E-01
-3.99099539E-01
+2.50500667E-01
-1.04532689E+00
-2.44110846E-01
-5.49959233E-01
+4.06889066E-01
+5.17383597E+00
-1.33708447E-01
-6.49342154E-01
-5.31883278E-01
+2.75055832E+00
-7.00149366E-01
-1.62479457E+00
+1.38902154E+00
-4.78281198E-01
+1.59593156E-01
-1.18580150E+00
-1.21395402E+00
-8.40565783E-01
-1.94874990E-01
+6.76225432E+00
+4.97790398E+00
-7.13307219E-01
-4.58099986E-01
+6.53418142E+00
-1.11745868E+00
+1.63496707E-02
-9.01027196E-01
+2.44246547E+00
-6.05833292E-01
-1.53262050E+00
+1.25475213E+01
-3.63812127E-01
-1.14249926E-01
-6.88360099E-02
-3.11187486E-01
+1.48329608E-01
-5.81211040E-01
+2.58887250E-01
-4.93369394E-02
+4.63417169E+00
-1.35838987E+00
-3.89811499E-01
+8.73373400E-01
-6.71973837E-01
+1.28345228E+00
-9.11489127E-01
-1.68204737E-02
-5.99180245E-01
-2.85460597E-01
-1.66736026E-01
-4.74701367E-01
-8.09481904E-01
-6.18531841E-01
-9.44223670E-01
-3.65682089E-01
-8.77305777E-01
+1.50923684E-01
-1.00105256E+00
-3.82242186E-01
+1.12848491E+01
-1.36972167E+00
-4.34497409E-01
+2.07555149E-01
-5.25239988E-01
+9.13477581E+00
-1.60741234E-01
-8.78294077E-01
-2.71001027E-01
-5.19386806E-01
+3.15941163E+00
-2.90659501E-01
-4.69448679E-01
-7.13301918E-01
-9.26611517E-01
+2.42242421E-01
+1.83453301E+00
-7.28252102E-01
+4.04082174E-01
-7.97731418E-01
-3.72222083E-01
-1.40105310E+00
+1.33648757E+01
+1.06232929E+01
-4.14941505E-01
-4.88163016E-01
-7.45933688E-01
-8.25263996E-01
+1.26657177E+00
+4.67232638E+00
-1.50105301E+00
+2.30796169E+00
-1.04240316E+00
-1.09047189E+00
+8.38609413E-01
+5.45031491E-01
-4.15844255E-01
-8.79229552E-01
-3.78493925E-01
+2.46055268E+00
-5.34234937E-02
+3.17025772E+00
-3.36890172E-01
-1.02253705E+00
-5.59455735E-01
-1.75067129E-01
-7.79119144E-01
+4.39891933E-01
+4.10571822E-01
-4.14676091E-01
-1.33680738E+00
+1.93051941E+00
-1.74569035E+00
-9.20981262E-01
+4.16922843E+00
-2.23093926E-01
-1.14281830E+00
-1.44598237E+00
-6.97965796E-01
-1.04426128E+00
+7.52439319E+00
-3.78666013E-01
-8.67735212E-01
-6.32490271E-01
+8.27727301E-01
-3.42826756E-01
+1.42904186E-01
+8.56097936E+00
-5.23463806E-01
-1.03004750E+00
-3.79126663E-01
+6.17454164E-01
-2.56048829E-01
-2.31185778E-01
-1.17379087E+00
-3.25988858E-02
+2.00304217E-02
-1.19799410E+00
-1.49618105E-01
+1.00304009E-01
-2.41491609E-01
-2.03766731E-01
+1.05932014E-01
+9.78700595E-01
+1.82870739E-01
+5.77280133E+00
+4.63176753E-01
+6.36591321E-01
-9.63214411E-01
-7.53499168E-01
+1.33173362E+00
-1.30773792E+00
-4.57510285E-01
-8.16093212E-01
+1.31112608E+00
+6.36880422E-01
-1.15485392E+00
-8.00793283E-01
-3.09146365E-01
+1.92155786E+00
-3.67921954E-01
+1.99831102E+00
+1.30829882E-01
-1.86871903E-01
+5.32084152E+00
-3.78791149E-02
-2.55956189E-01
-6.26915243E-01
-5.43844458E-01
-4.18382076E-02
+5.35321946E+00
-3.10182234E-01
+2.92829215E+00
-8.56949069E-01
-5.52199121E-01
-9.80238875E-02
-1.00672274E+00
-1.12143723E+00
+3.23954954E-01
-1.05333268E+00
+4.13499290E-01
+1.43186204E+00
+3.55827944E-02
-2.12481993E-01
+1.00744733E+01
+4.80899085E+00
+3.95493283E+00
+2.09936478E+00
-1.34180187E-01
+6.53618203E-01
-6.60081709E-02
-1.30208488E-02
-1.02511213E+00
-8.36570730E-02
+7.65117007E-01
+5.98715341E+00
-2.30551432E-01
+2.15871669E+00
+9.06326385E-01
+2.83760710E+00
-9.24247194E-01
-6.63169531E-01
+4.26220312E+00
+2.63119534E+00
-7.96400889E-01
+7.05127964E-01
-1.38485782E+00
+1.76395177E+01
-4.30493400E-01
+2.52572519E-01
+9.24898818E+00
-3.68985052E-01
-1.24064865E+00
+2.49595011E+00
+3.39187726E-01
-5.35471041E-01
+2.52074364E+00
-5.97628142E-01
-1.11031480E+00
-1.53576518E+00
-8.92940702E-01
-3.29399356E-01
-9.40470642E-01
+2.34229390E+01
+5.79988982E+00
+1.26136223E-01
-1.08415106E+00
+7.65999035E-01
-7.60025908E-01
-3.47361539E-01
-4.73409360E-01
-4.15537212E-01
-1.17350068E-01
-7.05225674E-01
+4.71917219E+00
-9.59587235E-01
+1.39033089E+00
-1.56669686E+00
-1.39937399E+00
+4.22590222E+00
+1.40262582E+01
-9.20774129E-01
+2.24748445E+01
-3.14627887E-01
-2.80622256E-01
-3.45321781E-01
+3.86921206E+00
-7.05878691E-01
+2.09509622E+00
+2.51182887E-01
-1.20084540E+00
+1.19450129E+00
+1.08476852E+00
+2.78922018E+01
+7.81443780E-01
+3.51160674E+00
-8.27254237E-01
+1.00107150E-01
+1.66831442E-01
+1.10594688E+00
-1.42188935E+00
-8.40749243E-01
-9.80133676E-01
-5.28078077E-01
-1.87610655E+00
-4.15682865E-01
-6.45085156E-01
+1.47847413E+01
+3.11394361E-01
+1.34762902E+00
-1.36539848E+00
-2.82139814E-01
-5.75532128E-01
+4.10430562E+00
-8.59447633E-01
-2.60519276E-01
-5.97751729E-01
-3.52732175E-01
-3.10531014E-01
-1.22525696E+00
+7.49575064E-01
-1.24512733E+00
-1.00482449E+00
-8.86166296E-01
+1.00477214E+01
-7.42840617E-01
-1.13285878E-01
-5.28553852E-01
-1.07416323E+00
-2.85147633E-01
+7.01727017E+00
-8.95125965E-01
+1.00339006E-01
-8.32881684E-01
-6.45230460E-01
+1.76744373E+01
-1.40708161E+00
-8.14596538E-01
+1.61008580E-01
-6.18151130E-01
-9.71982321E-01
+5.93855326E-01
-1.01255717E+00
-7.03258685E-01
+1.10301359E+01
-1.15183452E+00
+3.93325996E+00
-1.11423980E+00
-8.78125379E-01
+1.07892334E+00
-9.09736599E-01
-6.26256126E-01
-1.86506221E-01
-3.75065712E-01
-3.61021859E-01
-5.24663354E-01
-6.68827695E-01
-2.19085742E-01
+4.05369107E+00
+7.68322711E+00
-5.83477958E-01
+3.65473795E+00
-5.63418858E-01
-8.91699127E-01
+1.23031400E+00
-1.18946351E+00
+1.82188619E+00
-4.32680537E-01
-4.94680113E-02
-2.26502049E-01
-4.00708846E-01
+1.19156554E+01
-1.15457965E+00
+1.10751564E+00
+9.49086985E-02
+7.05971355E+00
+8.66178183E-01
+3.60601361E-01
+1.76858511E-01
+1.78758839E-01
-2.58266090E-01
-3.34858866E-01
-1.61517395E+00
+1.31614365E-01
+9.45276869E+00
-5.81083829E-01
-1.67616312E+00
-2.50687956E-01
-3.91143193E-01
-5.92465564E-02
-6.90477856E-01
+2.25703828E+00
+2.43993095E+00
+2.58340092E-01
-1.69060935E-01
-6.83094510E-01
-3.57546660E-01
-6.41767041E-01
-1.25528433E+00
-7.72472769E-01
+5.18413458E+00
-2.88490393E-01
+1.41434008E+00
+5.86703934E-01
-4.94383983E-01
+1.05847231E+01
+1.64250489E+00
-1.63512642E+00
+1.68090944E+00
-6.39757172E-01
-8.07690863E-01
+6.01688563E-01
-1.54436807E+00
+1.19602229E+00
+6.25978593E+00
-6.94729288E-01
-1.96863848E-01
-5.01440524E-01
-6.14645149E-01
-5.77644459E-01
-3.51829998E-01
-3.67960224E-01
-1.40380910E+00
-1.57817307E-01
-3.29603761E-01
-1.39252666E+00
+8.27546389E-01
+3.29290544E+00
-3.15867938E-01
-7.73443369E-01
+4.37545775E-01
+3.67477439E+00
-1.83349431E+00
-2.23086513E-01
-1.53992241E+00
+2.76783772E+00
-2.31757168E-01
+1.71360785E-01
+1.17470488E+00
-4.79920155E-01
-6.39702076E-01
-4.65799157E-01
+1.86643615E+00
-1.84508917E+00
-8.08032823E-01
+4.14104143E+00
-8.73244149E-01
-1.71345731E+00
+3.49779988E+00
+8.65281034E-02
-2.63670595E-01
+4.38011973E-01
-3.23234977E-01
+5.49133085E-01
+2.70407363E+00
+1.95721772E+00
-1.79425333E-01
-3.13213144E-02
-1.13708239E+00
+1.18580454E+00
+1.49849666E+01
+3.01011842E-01
-5.16319247E-01
-5.24168449E-01
-9.33066935E-01
+7.78178715E-01
+2.03449626E+00
-5.25117102E-02
-5.13276508E-01
-2.09328363E-02
+2.93894921E-01
-3.55178040E-01
+9.50053181E-01
-9.40804071E-01
-7.72522714E-02
-8.44311922E-01
-9.39001018E-01
+1.32286467E+00
+2.78421456E+00
+1.29033008E+00
+2.97291185E+00
-1.02266685E+00
+1.52260923E+01
-7.20902912E-01
-1.06194956E+00
-5.19802688E-01
+1.27763700E+00
-8.03624866E-03
-1.06785110E+00
-1.77222919E+00
-8.22087916E-01
-4.43097730E-01
+3.49653556E-04
-6.58778607E-01
-7.55091460E-01
+3.40623722E+00
+8.00933560E-01
-6.08751055E-01
+3.05131132E-01
+2.51559050E+00
+5.20222947E-01
-1.68096150E-01
-7.12223910E-01
+8.23310478E+00
-5.21900043E-01
-7.43957373E-01
-1.01257489E+00
-1.61175827E+00
-7.73908321E-02
-1.47468665E-01
-1.03247462E+00
+2.64859952E+00
+1.41681674E+01
-3.31963438E-01
-9.47698362E-02
+1.37324962E+01
-4.77096969E-01
-3.77611946E-01
+1.37376440E-01
-1.63285374E+00
-2.51062883E-01
-9.10005825E-01
-8.35610636E-01
-1.00296089E+00
+8.24875393E-01
-4.82301679E-01
+6.61810121E-01
-2.39748779E-01
-2.60935941E-01
-1.05850781E+00
+4.21523660E-01
-1.55916384E+00
-1.21220039E-01
-7.12093880E-01
-2.34719010E-01
-3.86004653E-01
-5.91019108E-01
+9.89440518E-01
-2.00784841E+00
-1.27176753E+00
-3.55252802E-01
+2.85973658E+00
-8.37280224E-01
-9.79258037E-01
-3.80263536E-01
+3.46055276E+00
+1.00730704E+01
+8.43545362E+00
+9.59078288E-01
+3.80102069E+00
+1.50706671E+00
-5.94581591E-01
+1.79829920E+01
+1.61078346E+00
+5.53845927E-01
+2.61267754E+00
+5.68773314E+00
+8.33768066E-01
-2.80707754E-01
-6.70862625E-01
-1.03391787E+00
-1.68309019E+00
+1.54287310E+01
+1.63729360E+01
+1.31830825E+00
-2.92726210E-01
-1.14271266E+00
+7.54163222E+00
+1.25806322E+00
+1.74171371E+01
+1.32160850E-01
-2.76807485E-01
-1.58415417E-01
-1.09117579E+00
-5.82537979E-01
-1.84559138E-01
+1.55643311E+01
+2.15314936E+00
+6.31379683E+00
-3.17288937E-01
-9.03774272E-01
+6.88666654E-01
+4.48381379E+00
-8.21159679E-01
-2.03598228E-01
-1.02060142E+00
-6.32812093E-01
+2.26415032E+00
+1.12015126E+01
-1.96521972E+00
-8.52995209E-01
+1.23396180E+01
-7.59838420E-01
-6.00954499E-01
+3.40280727E+00
-6.69809884E-01
-5.91842902E-01
-5.34098852E-01
+2.90278457E+00
+9.53426186E-01
+5.75350940E+00
+1.31720801E+00
-5.95077983E-01
-3.94227842E-01
-9.26736021E-01
-6.94626127E-01
+5.38918010E+00
-1.55399593E-01
-1.14875019E+00
-1.25130105E+00
-1.74259018E+00
-5.19623301E-02
-1.10167888E+00
+6.68574370E-01
-9.90775874E-01
-6.03084288E-01
-1.19182138E+00
+1.01040420E+00
-7.90794690E-02
+9.29029076E+00
+1.60105289E+01
+3.96002839E+00
+1.62392723E+00
+2.47751657E+00
+5.94030145E+00
-2.84494170E-01
+4.63657155E+00
-5.40816272E-01
-8.23951866E-01
-4.75585356E-02
+1.76811649E+00
+1.00305131E+01
+2.77117355E+01
-1.31253150E+00
-4.54173353E-01
-2.40281647E-01
-1.39207601E+00
-1.02110643E+00
-5.15357305E-01
-5.39582094E-02
-5.69418600E-01
-1.04112579E+00
+2.51894290E+00
-7.63270448E-01
-7.04250819E-01
-9.52952513E-01
-1.98241894E-01
+3.56877418E-01
-1.21934131E+00
-2.91645145E-01
-7.42831834E-01
-6.11030024E-01
+2.20660415E+00
-7.92409673E-01
+5.88704234E-01
-3.25665527E-01
-8.39320919E-01
+9.57556753E+00
-3.25264310E-01
-1.44355634E+00
+2.18394419E+00
+1.57247739E-01
+2.27178096E-01
-4.37840759E-01
-4.20724698E-01
-1.33041146E-01
+3.03946570E+00
+3.51519368E-01
+1.65444282E+00
-1.34261784E+00
+2.02077475E+01
+1.02220688E-01
-1.10737855E+00
+6.85923661E-01
+4.53094910E-01
+6.29770675E-01
-6.40219147E-01
-7.04821282E-01
-9.74871122E-01
-9.84623515E-01
-5.54380692E-01
-1.85344764E+00
+6.48264644E-01
-2.86398179E-01
+9.47456741E-02
+4.83072510E-01
+6.65375941E+00
+4.46575735E+00
-2.07140859E-01
-1.60393988E-01
-5.38217594E-01
+1.80695021E-02
-5.58396646E-01
+5.76486431E+00
+2.99928591E+00
-5.59227415E-01
-1.68197750E+00
-3.75853335E-01
-2.21518745E-01
-1.14983140E+00
+4.56816455E-01
-1.67599786E-01
-2.19478320E-03
-5.84690320E-01
+5.53725510E+00
-1.22897639E+00
+1.27238078E-01
-6.86493220E-01
-3.99034805E-01
-4.11837242E-01
+1.36296323E+01
+1.77899365E+01
+1.99210861E-02
-5.82059022E-01
-1.08508050E+00
-9.48817376E-01
-6.61234855E-01
-9.46607778E-01
-2.90760401E-01
-4.35772830E-01
+2.30705615E+00
-1.04767751E+00
-2.04428221E+00
+1.98940114E+00
+4.58955770E+00
+3.04883155E-01
-4.16921417E-01
-1.50022225E-01
+9.94455038E-01
-1.95177965E+00
-5.62401594E-01
+5.76745962E-01
-1.23159594E+00
-1.13283664E+00
+4.72212832E-01
+4.70141823E+00
-3.95084233E-01
-1.03571341E+00
+6.58989368E+00
-1.38461476E+00
+2.23279889E+01
+5.72323676E-01
-1.65872017E+00
+1.00227850E+00
+3.83145424E+00
-1.23686596E+00
-3.24265710E-01
+1.05067347E+00
-2.50159373E-01
-1.22827977E+00
-5.68510340E-01
+5.13717403E-01
+6.66646997E+00
+2.54854822E+00
-6.63140132E-01
-1.20588016E+00
-8.79795183E-01
-1.02881973E+00
+1.19058969E+00
-5.97054021E-01
-1.05308287E+00
-5.75440129E-01
+6.10615114E-02
-1.47243407E-01
-1.15833501E+00
+4.11917194E+00
+4.74393406E-01
+2.38557292E+00
-9.68848633E-01
-1.09132414E-01
+6.91907244E-01
-7.82774221E-02
+4.17915240E+00
+1.18271673E-01
+2.33204308E+00
-4.21222147E-01
+1.41516969E+01
+1.62136229E+00
+4.30591248E+00
-7.88280223E-01
-3.00911478E-01
-1.51667280E-01
-1.08860418E+00
+8.78968307E+00
-7.47266534E-01
-3.47398568E-01
+1.05942182E+01
-5.32412405E-01
-8.30849292E-01
+1.33610587E-01
-9.14192420E-01
+4.04797808E+00
+4.62501704E-01
+4.30499656E+00
-1.61311441E+00
+2.14359652E+00
+2.07057850E+00
-1.85930892E+00
+2.26018578E+00
-1.45276019E-01
-2.08028844E-01
+9.83965657E-02
-5.66780659E-01
-8.16557576E-01
-1.25563518E+00
+1.79362399E+00
-1.53863298E-01
-4.07011443E-01
-7.23407426E-01
-1.09487035E+00
-8.94669213E-01
+3.48350435E+00
+2.16416032E+00
-4.69927015E-01
-7.12057894E-01
-1.25529774E-01
-9.64682214E-01
-9.25472054E-01
-4.66670321E-01
+2.96211317E-02
+1.81553060E-01
+9.99621565E-01
+4.17698460E+00
-6.07017521E-01
+3.63739000E+00
-6.56995425E-01
-4.78700144E-02
+1.08022882E+00
-7.64458941E-01
+2.25911861E+00
+1.75265162E+00
+8.57626575E-01
+9.01395005E-01
-9.68697097E-01
+2.93923849E+00
+9.65050518E-01
+6.50373131E-01
+3.65186576E+00
-6.13525530E-01
-1.25644616E+00
-1.09815125E+00
-6.19022637E-02
+1.08485865E+01
-2.60357930E-01
+2.99086487E-01
+2.20296216E-01
+5.13870289E-01
+2.09961050E+00
+1.55308652E+00
-1.37627750E-01
+2.50558994E+00
+7.45522325E-01
-9.23998640E-01
-4.50921318E-01
-9.43411013E-01
+8.70055643E-03
-8.34339865E-02
-6.29693843E-01
-9.14851441E-01
+6.73804011E-03
+6.76763835E+00
+3.24879366E-01
+1.41794806E+00
+7.61472231E+00
-6.51033105E-01
-1.15565593E+00
+3.80289613E-01
-5.11935367E-01
-5.29471729E-01
+5.36027873E+00
-1.22234675E+00
+4.53254507E+01
-3.69495862E-01
-2.75180374E-01
+9.96610429E-01
-3.54586686E-01
+7.20914899E-01
+3.25317938E+00
+5.40143695E-01
+3.27665782E-01
-1.25474445E+00
-1.07470996E+00
-1.28048072E-01
-4.83072137E-01
+3.28970412E+00
-3.18609990E-01
+5.79142468E+00
-1.41386355E+00
-5.31590889E-01
+1.05977181E+00
+5.22224955E+00
-6.14559356E-02
-9.71353117E-01
+3.36790880E-01
+3.28964711E+00
-7.97422466E-01
-4.63668671E-01
-5.65900101E-01
+3.13699922E+00
-7.13462118E-01
+2.73408638E+00
+3.90092378E+00
-4.04869997E-01
-1.23165978E+00
-3.17200379E-01
+2.91459193E-01
-3.11358771E-01
+1.45063307E+01
-7.67047271E-02
-6.61623096E-02
+6.03223529E+00
-3.90349281E-01
+5.28099301E+00
-5.68679126E-01
+2.09417514E+00
-2.72553299E-01
+2.77160549E+01
+4.81853777E+00
-1.28455777E+00
+2.16470400E+00
-5.92904573E-01
-4.75823477E-01
+4.40307836E-01
+6.95010937E+00
-6.82533262E-02
-1.41854183E-01
-4.43893655E-01
+9.72310154E-01
+4.00197789E-01
-6.91991521E-01
-3.44531354E-02
+1.52511487E+01
+7.01115607E-02
-5.02018937E-01
+8.80858137E-01
-4.44148753E-01
-8.42105857E-02
-2.56928833E-01
-5.22360722E-01
-1.49273498E+00
-1.16798101E+00
-4.82364559E-01
-9.49689906E-01
-6.74873420E-01
+1.06675359E+00
-6.36345559E-01
+9.14328040E-01
+1.33968441E+00
-9.30704790E-01
+2.99547748E-01
-2.46769205E-02
-1.87679679E-01
-4.64896914E-01
+1.13167763E+01
-1.27405290E+00
+4.46149825E+00
+1.19740632E-01
+1.32616354E+00
+3.01987721E+00
-1.69263747E+00
+8.55390234E-01
-7.77961385E-01
-8.01922632E-01
+5.58256316E-01
-6.69918066E-01
-4.82957589E-01
-5.28678460E-01
+1.14421785E+00
+2.10619321E+00
+9.34075312E+00
-9.24316343E-01
-4.73320529E-01
-5.21933448E-01
-1.84650983E-01
+2.07530064E+01
+1.58898682E+00
-6.88987516E-01
+2.90585105E+00
+4.22328983E+00
+3.43755775E+00
-1.70051671E+00
-7.50003939E-01
+4.51143254E+00
+9.06269805E+00
+2.68363319E+00
-6.52459797E-01
+1.17268113E-01
+3.99581799E-01
-2.61183362E-01
-7.25579729E-01
-7.01075884E-01
-6.61616822E-01
+1.96150566E+00
+1.57462054E+00
-1.02408343E+00
+6.01799197E+00
-6.00711029E-01
-1.26079097E+00
-3.31066266E-01
-8.56106122E-01
-5.69644178E-01
+6.01165989E+00
-5.54797638E-01
+1.88896849E+01
+3.24905508E+01
-4.98067920E-01
+4.31748492E+00
-8.65883029E-01
+1.07306824E-01
+3.23773785E+01
-4.23248369E-01
+8.54616364E-01
-2.39382518E-01
+3.19060059E-01
+9.98383651E+00
-4.95109393E-01
-1.07796171E+00
-6.97482620E-01
-6.29369232E-01
-6.00351043E-01
-1.19009384E-01
-3.22638789E-01
-1.39770730E-01
+7.35484772E+00
-1.18255692E+00
-9.33602488E-01
-2.62517290E-01
+3.74386295E-01
-3.93401209E-01
-1.27335642E+00
-7.90764419E-01
-7.25963705E-02
-1.77090813E+00
+2.15448692E+00
-7.45208783E-01
-8.01937329E-01
-1.84252195E+00
+3.19226521E-01
-1.14159664E+00
-1.60753013E+00
-1.06649447E+00
+6.99184773E-01
+3.49324304E-01
+3.64665707E+00
-9.01449311E-01
-5.61784581E-01
+4.38001272E-01
-8.41434838E-01
-1.15341418E-01
+2.90691936E+00
-1.42068219E+00
+2.62031529E+00
+1.00322174E+01
-9.16479697E-01
-1.30732754E+00
-1.14807785E+00
-7.49685079E-02
-1.12953784E+00
+4.48515970E-01
-2.65861724E-01
-1.00503914E+00
-1.49190843E+00
+5.36423917E+00
-5.61361860E-02
+6.91464638E-01
+2.40913847E+00
-9.12250137E-01
+1.80794053E+01
+2.07979875E+00
-1.37547793E+00
+3.55148660E-01
-7.61044960E-01
+4.23458148E-01
+7.34718381E-02
-1.20325587E+00
-4.90022674E-01
+3.00300205E+00
+2.57477941E+00
+4.36865846E+00
+1.73575445E+00
+7.23687303E-01
-2.58368630E-01
-1.09483845E+00
+1.99149316E+01
-7.48584802E-01
-1.43705025E+00
-1.21105681E+00
+5.47420295E+00
-1.14051562E+00
+4.01101836E+00
+2.70904268E-01
+4.63168616E+00
-1.14491811E+00
-2.69860920E-01
-1.01191533E+00
+8.57157173E-01
-5.59630934E-01
-2.20583638E-01
+3.41111643E-01
-7.53526556E-01
+1.37635770E-01
-3.55674304E-01
-4.24443140E-01
+4.39859555E+00
-2.51951995E-01
+5.00488467E-01
+5.35710126E+00
-6.91068879E-01
+4.19288717E+00
-7.68754576E-01
-2.63630658E-01
-4.14589439E-01
-2.48295083E-01
-1.30635406E+00
-4.07037160E-01
-1.30433501E+00
-7.43358005E-01
-6.76434038E-01
+5.17821545E+00
-7.23613769E-01
+6.73712500E-01
+1.21486022E+00
+1.45239492E+00
-1.11328707E+00
-9.32446850E-01
-2.67500360E-01
+2.22992776E+01
+1.38431696E+01
+3.44296355E-01
-3.73894138E-01
-9.26680817E-02
+5.34616817E+00
+7.67550840E-01
+5.37552289E-01
+1.41897282E+01
-1.26573001E+00
-6.91319354E-01
-9.11367851E-01
-5.39751363E-01
+3.50436231E+00
+2.37556997E+00
-1.98884139E+00
-1.00465211E+00
+3.11946400E-01
-1.23042327E+00
+3.24308646E-01
+1.38961800E+00
+6.25148210E-01
-2.54642006E-01
-6.87530342E-01
-1.74256551E+00
-1.36502857E+00
-2.62527117E-01
-1.08485996E-01
+1.81658417E+00
+3.84099183E+00
+3.51734628E+00
+1.95036170E+01
+2.00282500E+00
+2.48131251E-01
-5.93370925E-01
+1.19471257E+00
-2.46718594E-01
-8.66525991E-01
+5.10106503E+00
-1.01256885E+00
-2.98002669E-01
+6.14383145E+00
-7.07841122E-01
-1.03297354E+00
-7.30270922E-01
-6.83702865E-01
+1.18479505E+01
-4.72197246E-01
+1.32154663E+00
+1.40680432E+01
-4.87683528E-01
-5.05431646E-01
-8.48628899E-01
+3.88422963E+00
-1.05743075E+00
-9.22298033E-01
-5.30608109E-01
+6.58165832E-01
-4.54350357E-01
-2.56668758E-01
-8.23967998E-01
-6.79136693E-01
+5.57356512E-01
-8.09403602E-01
+6.50102158E-01
+3.26600134E+01
-9.29581582E-01
+1.36348291E+00
-9.86870858E-01
-2.19968982E-01
+1.97415322E-01
+6.00844420E-02
+1.09253959E+01
-4.32014165E-01
+1.76243801E+00
+4.34580219E+00
+4.64936548E-01
+4.37063625E+00
+2.85802976E+01
-1.73271301E+00
-1.98337015E-01
+1.27129536E+01
+2.75185736E-01
+3.72672983E-01
+2.35144534E+00
-8.64471528E-01
-5.54009310E-01
+2.68809451E+00
+2.57105500E+00
-3.83264661E-01
+1.67351524E+00
+4.65749378E+00
+1.49589906E+01
-4.08337043E-01
-4.69332358E-01
-1.41363253E+00
+7.49109347E+00
+3.24898778E-01
-5.32855757E-01
-6.86971507E-01
-6.48280169E-01
+1.22043798E+00
+3.57964477E+00
-1.01566782E-01
+1.95003267E+00
+4.79353083E+00
+1.16929408E-01
+5.96064036E-01
-1.19735872E+00
+3.68536533E-01
-2.00232597E-01
+1.73129131E+00
-1.35954090E+00
+1.20198909E+00
-2.54802063E-01
+4.31319526E+00
-1.21104313E+00
-6.00035014E-01
+4.83636357E+00
-1.70702831E+00
-3.75754779E-01
+5.55513664E-01
-5.06964944E-01
-9.98175285E-01
+7.60874632E+00
+2.01724616E-01
-1.41022673E-01
-1.02161561E+00
+8.84563117E+00
-7.96078337E-02
-3.35001186E-01
+1.49132554E+00
+3.81526336E+00
+1.49964757E-01
-1.22662298E-02
+9.99201479E-01
+1.34925082E+00
+3.03291373E-01
-2.33366234E-01
+6.58011020E-02
+1.18711025E+00
-7.33889015E-01
-6.52746754E-01
-5.79827601E-01
-1.53569517E+00
+4.40860500E-02
-5.13615600E-01
+1.83190547E+00
+1.31393542E+00
+1.36238420E+01
-4.31571839E-02
-4.16718868E-01
-1.97696759E-01
-7.45069887E-01
-1.28560772E+00
+6.36341686E+00
+4.89107510E-01
-1.30324915E+00
+1.24193769E-01
+1.45192647E-01
-2.88633017E-01
-9.34179865E-01
+1.00637135E+01
+1.49918559E+00
-2.07145871E+00
-4.38621773E-01
-2.05506674E+00
+1.76337469E+00
-1.29457665E+00
-7.45949425E-01
+7.72257495E-01
-1.39928208E+00
+7.76421393E-01
-6.32391425E-01
-8.65589003E-01
-5.05436149E-01
-1.41093269E+00
-6.69502023E-01
+5.12207599E-01
-1.90443292E-02
+2.75151389E+00
+1.14660992E-01
-9.20033897E-01
-7.07203018E-01
-2.12762470E-01
-1.87209622E+00
+1.13533203E+00
-6.44562890E-01
+1.27780647E+00
-2.63232920E-01
-2.70950698E-01
+1.79196819E+00
+6.42311331E-01
-2.61710146E-01
-8.10204352E-01
+1.28771868E+00
+7.31330157E-02
-1.75775864E+00
-5.56913812E-01
-1.15073910E+00
+3.27395846E+00
-1.51096199E+00
-1.53372937E+00
+2.07755182E-01
+1.12102381E+00
-8.78649219E-02
+2.25984066E+00
+8.55462707E+00
+2.69623797E+01
+5.12109636E+00
-7.04163542E-01
-8.78003724E-01
+9.34056646E+00
-9.14758494E-01
-5.51770731E-01
-1.00764220E+00
-8.36604510E-01
-7.34532534E-01
+1.58746420E+00
+2.73722378E+00
+2.49967926E-01
-1.49835565E+00
+8.73713463E-01
+4.38665501E+00
-7.85713796E-01
+3.16240749E+00
+9.03900759E-03
+2.46147747E+00
-4.38874199E-01
+4.52808744E+00
-7.32118233E-01
+1.45225814E+00
-1.56822491E-01
-5.91544344E-01
+1.53106302E+00
-4.99074844E-01
+5.58334139E+00
-1.05895966E+00
+1.33435972E+01
+9.57387816E-01
-9.03425724E-01
-8.30577083E-01
+2.54106826E+01
+6.70156116E-01
+1.54204348E+01
-1.08397552E+00
+1.27385220E+00
+3.13389292E+00
-2.73578128E-01
-1.22747950E+00
-3.15356982E-01
-4.41814621E-01
+1.28311795E+00
+2.00141079E+00
+1.93850690E+00
-2.86390794E-01
-2.23405450E-01
-6.45457761E-01
-4.78665206E-01
-1.39180677E+00
+2.57605355E+00
-6.60163025E-01
+2.06685537E-01
-1.48943918E+00
-1.03541734E+00
-8.69912623E-01
-7.45664264E-01
-4.56132963E-01
-6.66876417E-01
+1.13352155E+00
-9.40336558E-01
-3.57917778E-01
-3.68636115E-01
-1.96110313E-01
-1.32281915E+00
-8.40650780E-01
-1.94224565E+00
-7.39265394E-01
-6.08400541E-02
-7.35493016E-01
-3.33464491E-01
+3.68443119E-01
+4.03194607E-01
+2.07945971E-01
+1.06005527E+00
-4.42206113E-02
-3.09743343E-01
+7.94775760E-01
+1.37590923E+00
+3.16441232E-01
+2.04778601E+00
+1.35876111E+00
-2.22737874E-01
+1.51468413E-01
+6.91683666E+00
+1.38628567E-02
-9.63085796E-01
-9.00883025E-01
-3.10989086E-01
+5.56479977E-01
-1.20693970E+00
+1.77153392E+01
-9.86172543E-01
+4.56675859E+00
-4.11969071E-01
+7.53052009E-01
+2.03396676E+00
+4.51644472E-01
+5.83214474E-01
-7.58442908E-02
+1.29000556E-01
+1.94316083E+00
-3.86548967E-01
-7.64640244E-01
+3.20782704E-02
-1.78194051E+00
-1.84239460E+00
-7.04401060E-01
-4.64438136E-01
-7.12427817E-01
+1.93759123E+00
+5.46418463E+00
+1.25604788E+00
+2.90519652E+00
+2.56062242E+00
-4.69516465E-01
+4.52018712E-01
+2.22614733E+00
+2.62819752E+00
-3.14857788E-01
-9.71083030E-01
-1.14408144E+00
-4.66917216E-01
-8.73776954E-02
+1.10671142E+01
+4.17166341E+00
-1.18457402E+00
-6.38822192E-01
-1.36605587E+00
-8.23971272E-02
-2.82205007E-01
-1.23177209E+00
+1.01135804E+00
-6.86985896E-02
+2.43698078E+00
-1.94573963E-01
-3.81364326E-01
+3.87911773E-02
-8.60676244E-01
-4.88276895E-01
+3.00011738E-01
-3.80242340E-01
-6.65014235E-01
+5.70025024E+00
-1.28928428E+00
-3.07030979E-01
-1.13693233E+00
+2.11327059E+00
-5.55949918E-01
+4.99826179E-01
+1.58454143E+01
-1.11423045E+00
-4.12281801E-01
+2.53166824E-01
-3.41203535E-01
+7.08347971E-01
-5.09709025E-01
-1.19703443E+00
+2.40196155E+00
-8.98735929E-01
+4.96350609E-02
-3.25620225E-01
+4.09458484E+00
-9.38176686E-01
+2.18211186E+00
+5.38602592E-01
-3.91775942E-01
-1.24230622E+00
-6.65242159E-01
-3.38708570E-01
+1.34568063E+01
+3.88828660E-02
-2.04779808E-01
-1.49311031E+00
+5.03002480E+00
-1.20928339E-01
+3.08722807E-01
-5.02620989E-01
-5.09392079E-01
-8.33580011E-01
-1.38670776E+00
-1.08216442E-01
-1.40865443E+00
+1.58587090E-01
-1.30508711E+00
+1.01544649E-01
-7.90863445E-01
-7.43934319E-01
+2.26500842E+00
-6.55682250E-01
-1.42764003E+00
-5.44244499E-01
+1.27117311E+00
-3.69928879E-01
+3.11702754E+00
-4.30499134E-02
+1.30351947E+00
-1.17229639E-01
-2.14603248E-01
+2.42242952E-01
-1.89276700E+00
+1.82823700E-01
-3.52733512E-01
-8.54099690E-01
-1.65379162E+00
+1.05193854E+01
-5.16380897E-01
-5.74252824E-01
+1.42537529E+01
+1.06715375E+00
+9.29302370E+00
-3.43828948E-01
+1.98637544E+01
-5.32519448E-01
+8.71805190E-02
+6.70729300E-01
-6.95220210E-01
-1.53332013E+00
-1.01435129E+00
+1.63404432E+00
-2.60313309E-01
-4.45983715E-01
-3.13025682E-01
-6.26986073E-01
+5.89280541E-01
-1.15264561E+00
-3.92238345E-01
-3.53568687E-01
-5.58507103E-01
-4.60450232E-01
+8.98014976E-02
-8.67378332E-01
+3.40574941E+00
-6.98916099E-02
-9.12434587E-01
-5.36517755E-01
+7.14997741E-01
+5.13998059E+00
+1.88723487E+01
+9.82974779E+00
+1.68534453E-01
+3.83447194E+00
-7.88738563E-01
-6.43696212E-01
-7.34052348E-01
-6.58475310E-02
+5.54598556E+00
+2.65210013E-01
+7.47146896E-01
+2.33764142E+00
-1.19495625E+00
-8.80868111E-01
-9.32481572E-01
+5.48863543E-01
+3.75419915E+00
-1.42450625E+00
+4.10477901E+00
-5.82657458E-01
-9.10404326E-01
-1.38643909E+00
-1.74548915E-01
-1.38394349E+00
+1.74979653E-01
-1.33385474E+00
-9.59627222E-01
-3.63955974E-01
-6.34944809E-01
+4.28486175E-01
-2.35487852E-03
+1.64478297E+00
+2.88741258E-01
+8.89481240E+00
-1.23744533E+00
+7.56298847E+00
-1.41993914E+00
+6.55475512E+00
-3.70745534E-01
+6.33435636E-02
-2.41567091E-01
-1.20947647E+00
+6.22008817E+00
+1.28442582E+00
+8.20851180E-01
-1.55350518E+00
-2.21868522E-01
-1.64989079E-01
-1.01941662E-01
+3.73094225E+00
-9.83626470E-01
-1.04468123E+00
-4.29614271E-01
-1.74743957E+00
+2.11391415E+01
-1.78027039E-01
+2.99250022E-01
+5.51838642E-01
-8.83878163E-01
+2.60564528E-01
-7.54732887E-01
-8.63012287E-01
-7.65716687E-01
-9.66711696E-01
-3.22515218E-01
-3.56103660E-01
-8.48503819E-01
-6.99547909E-01
-6.83213297E-01
+1.18299054E+01
-1.53862214E+00
-1.14518930E+00
-3.77364756E-01
+1.73870465E+00
-7.38873960E-01
+3.81558121E+00
-2.36952127E-01
-1.69384177E+00
+2.58583422E+00
-8.19407282E-01
-3.31907966E-01
-7.02021952E-01
-2.68310672E-01
-9.87734269E-01
-5.21996031E-01
-2.32538333E-01
-4.98258525E-01
-6.64054873E-01
-2.16732687E-01
+5.66056816E-01
-1.21621391E-01
-5.56035283E-01
+2.65741385E+00
-5.10129138E-01
-6.06415547E-01
-1.06556020E+00
-2.11943250E+00
+9.60888722E+00
-2.24730628E-01
-9.15596049E-01
-8.94485319E-01
+4.56615484E+00
+1.93205287E+00
-7.42840545E-01
-6.58849479E-01
-6.65087252E-01
-1.71766807E+00
+2.48693388E+00
-3.29043799E-01
+6.29226175E-01
-4.26473102E-01
+2.60736588E+00
+8.91797501E+00
-3.10214556E-01
-7.50982587E-01
-8.25958186E-01
-2.76614470E-01
+2.44110425E+01
+2.92598282E-01
-7.52305622E-02
+5.82990472E+00
-3.21216103E-01
+4.96275337E-01
-1.24585954E-01
-6.90481503E-01
+1.06431187E+00
-3.07898430E-01
+6.91967728E+00
+9.79724697E+00
+5.56808474E-01
-6.01674345E-02
+4.12364776E+00
-3.49539890E-01
-7.10179470E-01
+8.41832745E-01
+1.86920194E+00
+4.01974672E+00
-1.05265298E+00
-1.31819198E+00
+1.76704867E+01
+7.30426716E-01
-3.18920602E-01
+1.08595033E+01
-1.28540500E+00
+6.44177928E-01
+1.84585262E+00
+6.27443693E+00
+4.42863989E-02
+2.01314841E+00
+4.63110691E+00
+4.22449504E+00
-6.05170975E-01
-1.31517338E+00
-9.97934263E-01
-1.24520151E+00
-1.41389939E+00
-1.92066281E-01
+1.29987484E-01
-6.69626533E-01
-1.01974623E+00
+8.50621504E-01
+1.94717738E+00
+1.58959673E+00
-1.25179347E+00
-5.02270841E-01
+4.21515128E-01
+1.36122432E+01
+4.54074633E+00
-3.31285597E-01
+2.40872264E+00
-2.74551642E-01
+1.09172952E+01
-2.17897596E-01
-8.74524656E-01
+3.38089694E+00
-1.67872692E-01
-1.16302826E+00
+7.50910312E+00
-5.99106085E-01
+6.69741856E-01
-1.68412296E+00
-2.02131960E-01
-2.81933622E-01
+1.25967105E-02
+4.20967379E+00
+3.08462477E-01
+3.71333232E+00
-5.19709936E-01
-3.57046207E-01
-1.98344601E+00
-8.95464741E-01
-2.73879655E-02
-4.60125513E-01
-7.17826927E-01
-6.51416153E-01
+3.71107586E-01
+4.53041889E-01
+3.73475068E-01
+2.53125624E+01
-1.18827252E+00
+2.37868333E+00
+9.08600708E-02
-1.49279656E+00
-2.41758589E+00
-4.40593301E-01
+3.50258527E+01
-4.06264079E-01
+2.05435012E+00
+1.20672646E+01
+5.37893108E+00
+1.84447929E+01
+2.21386603E+01
+1.25051412E+01
+2.25124929E+00
+3.16983122E+00
+2.21370505E+01
+2.30693201E+00
-1.99770286E+00
-8.15430531E-01
-6.82290637E-01
-1.25997321E+00
-1.75227731E+00
+2.66489075E-01
+5.23089397E-01
-9.70610265E-01
-1.46681672E+00
-2.58391385E-01
-5.47140704E-01
+4.12814374E+00
-9.72313838E-01
-9.92432805E-01
-4.93981845E-01
-7.85523385E-01
+6.30183864E-01
+1.86089197E+00
-1.01550188E+00
-1.00325792E+00
-2.91302051E-01
-8.13750062E-01
-3.00705029E-01
