+9.35230405E-01
+1.06665072E+00
+3.26587408E-04
+7.37186066E+00
+2.88757020E-01
+4.09028363E-01
+2.53240381E+00
+1.28942895E+00
+1.18341164E+00
+1.34106731E+00
+1.32855903E+01
+1.19451614E-01
+2.79448535E+00
+1.74215836E-03
+2.40338009E+00
+2.98155956E+00
+5.98504962E+00
+3.94230014E-01
+2.66126964E+00
+2.45587341E-01
+4.24196247E+00
+4.44042867E-01
+4.89464936E-01
+1.41110609E+00
+8.04573893E+00
+1.51186092E+00
+2.26448222E+01
+2.22425056E+01
+1.55244226E+00
+7.07267951E-02
+1.05711056E-02
+9.74510999E-02
+1.66583863E-03
+1.36048913E-01
+6.82920124E-01
+1.91822380E-01
+5.21390505E-01
+4.36468229E+00
+8.39232075E-01
+4.34066908E+00
+1.28921168E+00
+1.26060986E-01
+1.22242892E+01
+5.19708661E-02
+2.64296616E+00
+9.88761440E-02
+6.34096383E-01
+1.13101300E-01
+1.57070079E+00
+4.62720556E-02
+2.18494811E+01
+7.43238375E-02
+7.04855870E-02
+1.38742124E+00
+1.52818648E-02
+4.38716935E-01
+2.52054322E+00
+8.14911289E-02
+8.33125408E-01
+4.63803533E-03
+5.66347632E-01
+3.63337397E-01
+1.62563771E-01
+1.86228879E-01
+8.22187439E-01
+9.22770684E+00
+1.06599231E-01
+4.26993478E-02
+9.91784963E-01
+1.52529203E-01
+3.72615357E-01
+2.67907468E-01
+1.45357900E+00
+1.20965717E-01
+7.63026143E-01
+3.18303207E+00
+1.61166256E+00
+1.13707595E-01
+1.73775093E+00
+1.55580247E+00
+1.19235868E+00
+3.24446907E+00
+3.12064155E-01
+1.09027827E+00
+6.23595983E+00
+1.70232998E-01
+1.39150125E+00
+3.60303955E-03
+1.55538385E+00
+8.79268218E-01
+1.75286006E-04
+1.03631368E-01
+2.68809268E-01
+4.32978870E-04
+6.36928446E+00
+3.31883796E-02
+8.49108789E-01
+3.41525572E+00
+8.40185157E-01
+2.67853121E-02
+6.05615824E-01
+4.80532388E-01
+4.27545371E-01
+1.70867099E-01
+3.15334679E-02
+3.31754571E-02
+6.52789563E-01
+4.46153983E-01
+5.84679434E+00
+2.12854565E-04
+1.06770113E+00
+5.35403387E-01
+2.45236181E-01
+1.41842195E+00
+7.50852287E-02
+2.14698845E-01
+2.75970056E-04
+4.09369603E+00
+5.19414438E-01
+3.37492464E-01
+6.17252494E+00
+1.08207462E-01
+2.10404904E+00
+8.66593654E+00
+4.06324883E+00
+1.75294434E-01
+5.81097446E-02
+1.05205135E-01
+2.16681149E-03
+2.66961142E-01
+2.04461773E-01
+3.93205078E-01
+2.23666077E+00
+5.54052631E-03
+2.74049171E-03
+8.42759851E-01
+2.72453300E+00
+3.35971423E-01
+4.42387159E+00
+1.09231624E+00
+1.28283505E-01
+5.86113756E-01
+1.99525617E+01
+1.49228992E+00
+2.78604570E-01
+1.23522697E+00
+3.31121953E+00
+2.50548429E-03
+1.05342909E-01
+1.19507054E-01
+9.22491901E-01
+1.27157755E-02
+8.17975519E-01
+1.15318479E+01
+5.50919939E-01
+1.21708227E+00
+4.47452489E-01
+1.40168244E+00
+2.60259789E-02
+1.06194256E-01
+2.64128382E-01
+1.16282485E-01
+3.83478145E-01
+4.09381317E+00
+9.34865998E-02
+1.65468236E+00
+5.99845587E-01
+3.05322726E+00
+2.33491996E-01
+2.47997508E+00
+3.98802233E-02
+8.85954996E-01
+1.77283157E+00
+3.81289305E-01
+5.95782414E-01
+5.02083021E-02
+1.11532255E-01
+4.54686160E-01
+2.12786043E+00
+6.55575268E-01
+1.42588261E-03
+3.99218935E+00
+3.84240607E-01
+1.36094082E+01
+2.13903676E-01
+2.21133877E-02
+4.48182063E-02
+1.17869440E+00
+3.52582036E+00
+2.50257580E+00
+5.14769067E-01
+8.98453399E-02
+4.01387379E+00
+1.37553829E+00
+6.61055116E-01
+1.69372478E+00
+7.30991050E-02
+1.21058389E+00
+1.24573116E+00
+1.77433378E+00
+6.65065864E-01
+3.06539518E+00
+1.67993206E+01
+1.28886875E+00
+4.07255547E-01
+4.16682158E-04
+1.57577528E+00
+2.87127143E-03
+8.92652513E-02
+5.78117856E+00
+2.25791356E+00
+5.38755439E-01
+9.24430380E-01
+5.16027203E-01
+6.85416804E+00
+3.31731756E-01
+3.98745375E-01
+2.92913249E+01
+6.72182127E-01
+4.40567041E+00
+3.20618840E-01
+2.59417969E+00
+4.78280830E-01
+1.18450771E+00
+4.59046033E+00
+6.50959650E-02
+4.16661358E-03
+4.72721966E-01
+1.04082082E+00
+9.65662782E-01
+9.50580834E-03
+2.59757779E-01
+3.05576894E-02
+5.16049764E-02
+1.00762111E+00
+2.00564961E-02
+6.59067384E-01
+4.83321244E+00
+7.61438050E-01
+3.56446370E-03
+5.76367512E+00
+2.90225050E+00
+1.05845093E-04
+3.96425660E-02
+1.19217855E+01
+1.01830480E+01
+1.47193489E-01
+1.72236040E-02
+3.35071233E-01
+2.42593009E+00
+1.57706913E+00
+6.96493771E-01
+8.35808054E-01
+6.32557208E-02
+2.24081443E-01
+1.38458693E-01
+2.32735048E+01
+7.24531693E-02
+2.67304575E+00
+1.70884726E-01
+8.81070283E+00
+1.56789763E+01
+2.25857296E+00
+2.06563598E-01
+8.35219495E-01
+1.42265475E+00
+5.00275352E-01
+2.73370587E+00
+8.52956080E-01
+2.26067096E-01
+1.25925724E-01
+8.94469094E-04
+3.77009493E-01
+1.16859451E+00
+4.99888740E+00
+4.00821056E+00
+1.17411530E+00
+1.77083536E+00
+4.80008516E-02
+3.70814917E-03
+1.07849101E-03
+1.91928600E-01
+3.65382172E+00
+2.63696151E-02
+1.00290238E+00
+1.42198327E+00
+2.17437563E+00
+2.49952133E-03
+8.20211928E-01
+1.12423301E-02
+6.85974492E-02
+7.80233027E-02
+1.60071057E+00
+2.47087462E-02
+1.27270241E+00
+7.82644564E-02
+7.47767455E+00
+3.24634778E+00
+1.60024525E-01
+1.50841889E-04
+4.79412739E-02
+8.56006734E-01
+1.43674639E-01
+3.77578094E-01
+5.27437604E-01
+2.68415167E+00
+1.85778250E+00
+1.38076093E+00
+3.76588766E-01
+2.00631931E-01
+1.17315928E+00
+8.16744232E-05
+1.57277116E+00
+3.88614514E-02
+4.54422715E+00
+2.87081551E-03
+7.27783672E-01
+2.39632507E-01
+3.80787121E-01
+2.08477485E+00
+9.61927396E-02
+1.09435668E+00
+2.77104750E-01
+1.21900642E+00
+9.98110695E-01
+2.12326243E+00
+1.75100197E+00
+2.95858307E+00
+3.70835387E+00
+1.65162487E-01
+3.73787111E+00
+3.74571225E-01
+3.96044173E-01
+2.48492453E+00
+3.32673454E-02
+6.36355965E-01
+1.52029491E+00
+9.14311132E+00
+4.74136129E-03
+1.45587546E-01
+1.17073009E-02
+1.53200379E-01
+3.30666648E-01
+3.28829663E+00
+2.33024515E-01
+1.46295026E+00
+8.08928695E-03
+2.14934690E+00
+2.21305366E-01
+7.34929961E-01
+8.82689044E-01
+1.58356091E+00
+6.22991662E-01
+7.97642023E-01
+7.76245564E+00
+7.32966722E+00
+4.61016110E-03
+1.06611163E+00
+5.43708191E-01
+3.02575411E-02
+5.55348411E-01
+2.76487612E-02
+8.04864373E-02
+1.53970292E-01
+3.63989885E+00
+6.26596624E-01
+1.14801852E-01
+5.66596685E-01
+1.41922465E-01
+5.44408998E-03
+1.08722770E-01
+9.10358755E-02
+7.67024066E+00
+3.19629194E-01
+5.34424746E-02
+6.79435322E-01
+4.66006373E-01
+3.28990908E-02
+2.90160131E-02
+3.66159706E-01
+4.00851794E-02
+6.78982388E-02
+1.15685545E-01
+4.99180667E-01
+6.02391820E-01
+1.48362902E-02
+3.89728405E+00
+3.82427306E-01
+1.06095733E+00
+1.21568168E-01
+1.10191451E-02
+7.19807724E-02
+2.50950571E-01
+1.17440080E-02
+1.07217721E-01
+8.03717762E-05
+3.30007085E-01
+2.91579579E-01
+2.57983217E+00
+1.88630853E+00
+2.32215254E-01
+1.64109039E-01
+2.57469117E-03
+3.35980652E-03
+5.49688723E-01
+9.52648463E+00
+2.34596088E+00
+6.22625881E-02
+1.45858487E+00
+3.57771660E-02
+7.79601413E-01
+1.46253900E-01
+1.38831184E-02
+5.19859524E-03
+4.38996888E-01
+1.01092188E+01
+2.27180966E+01
+1.07466546E+00
+3.54870568E+00
+1.87024374E-01
+1.31980546E+00
+1.71274115E-01
+2.55534860E-02
+8.61969786E-02
+1.17789856E+00
+4.10803625E-01
+9.19870769E-01
+1.26428389E-02
+1.32706647E+00
+5.09652468E-03
+1.32578433E+00
+3.64551786E-01
+3.63304798E-01
+5.84480356E+00
+1.46488812E+00
+1.70110714E+01
+2.18533878E+00
+2.09663275E+00
+3.37148245E-05
+8.96017143E-01
+1.28747133E+00
+1.22747576E+00
+2.27237224E-02
+5.57108776E+00
+4.22780797E+00
+7.77903809E-02
+5.15434485E-01
+2.95773906E+00
+6.91972800E-01
+1.65147296E-02
+4.45596120E-03
+3.33530105E-02
+1.84148716E+00
+2.26261956E+00
+4.64484850E-01
+2.62880673E-01
+1.91016881E-02
+4.84314661E+00
+6.85901816E-02
+3.08479648E-03
+8.59706882E+00
+1.14766478E-01
+1.11920115E+00
+3.99207094E-01
+1.21033154E+00
+5.06793408E-01
+6.68784661E-02
+2.38353549E+01
+1.31606298E+00
+7.21621861E-02
+9.53041191E-01
+2.16337319E+00
+1.31779323E-01
+1.95836139E-08
+1.51578060E-01
+4.92411519E+00
+3.55125264E+00
+1.31506861E+00
+1.83522530E-01
+1.96144557E-02
+1.15568105E+00
+8.54567535E+00
+1.38870727E+00
+5.32280143E+00
+4.04587053E-01
+9.72301439E-01
+6.13718375E+00
+6.48586904E-02
+1.89012041E-01
+2.95780888E-03
+8.92532337E-01
+1.52243582E+00
+5.38533146E-01
+1.10004596E+00
+6.03876094E-01
+8.34489637E-01
+3.54140770E-02
+2.58183582E-01
+7.41992189E-01
+5.46910627E-02
+1.28742976E+01
+5.80503207E-01
+9.62445676E-01
+1.34870500E+00
+1.03191824E+01
+2.82368175E-01
+2.51344506E-03
+1.38868896E+00
+2.48337471E-01
+3.32641393E-01
+5.37941124E-01
+2.73642633E+00
+1.38619023E+00
+2.23876429E+00
+2.04564549E+00
+7.16221976E-01
+9.37499442E+00
+1.67349919E-01
+5.05407392E-02
+8.00158886E+00
+4.87446809E+00
+1.73675465E-01
+3.64031014E+00
+2.28804705E-01
+6.53531790E-01
+1.84573497E-01
+5.24058909E+00
+5.33321957E-01
+6.90549274E-02
+1.67974681E+00
+1.97431456E+01
+1.19406905E+00
+6.43727768E-01
+2.47825062E-01
+1.73866354E+00
+8.04726455E-01
+4.19496444E-06
+3.44265336E-04
+1.68075518E+00
+7.74669401E-04
+1.38359002E+00
+1.35857355E+00
+1.89013778E+00
+3.75367782E-05
+1.93726964E-03
+4.66298787E-01
+1.69206153E-02
+1.17069331E+01
+1.06917396E-01
+1.89519678E-02
+1.66098604E-02
+1.12186529E+00
+6.34887225E+00
+3.49383040E-03
+3.94708849E+01
+1.60715228E+00
+2.48005639E-01
+7.83231126E-02
+6.79598660E-02
+1.01344738E+00
+5.23430636E-03
+9.75980346E-01
+2.71710229E+00
+1.74046269E-01
+3.10929622E+00
+2.19422364E-01
+5.85025379E+00
+1.76921309E+00
+2.56185002E-02
+1.36283097E-02
+2.05762436E+00
+5.46526108E-01
+1.99437759E-02
+2.57382948E+00
+1.05867284E-04
+2.07837300E+00
+1.58960752E-01
+4.67732489E-03
+1.46350984E-01
+1.51277235E+00
+1.77987469E+01
+1.35916862E+00
+5.04858682E+00
+1.70351757E+00
+3.93856293E-01
+2.75587438E-01
+1.45790648E-02
+2.11922609E-04
+1.96328417E-01
+1.16133016E+01
+2.02400457E-01
+2.50676366E+00
+1.32319647E-01
+1.03439321E+00
+7.57502652E-03
+9.66764544E-01
+6.00765014E-02
+7.01886077E-02
+5.53371322E-01
+8.96338315E-02
+5.87183776E-02
+2.48742111E+00
+2.03275789E+00
+2.84312378E-01
+2.52746680E+00
+2.14513491E-02
+2.12337438E-02
+7.47985436E-02
+4.96645425E-01
+1.44368004E+00
+5.97895925E-03
+3.00251837E+00
+2.62337041E-01
+5.07535056E-01
+1.39877169E+00
+2.48592930E+00
+1.31722127E+00
+4.98364638E-02
+7.18649541E-01
+8.51698766E-03
+1.11761514E+00
+3.64662115E+00
+2.25571026E-03
+6.19886310E-02
+1.67943355E-02
+3.25899365E-01
+3.06988644E-02
+2.01613499E-01
+1.31537886E+00
+8.17839929E-01
+1.12128827E+00
+1.91957648E-01
+1.97787537E+00
+5.03245756E-01
+1.04464335E+00
+3.81891631E-01
+2.06627875E+00
+6.73018565E+00
+7.25475694E-02
+2.55970497E+01
+1.13777606E+00
+8.92968582E-01
+3.29558720E+00
+1.26534736E-01
+8.58996418E+00
+2.19230715E-02
+3.96604466E-01
+1.12190348E-01
+4.34155081E+00
+2.44459996E+00
+7.21902248E-02
+4.20225107E+00
+7.91694080E-01
+2.75130721E-01
+2.67112676E-03
+3.21649850E-02
+2.67698140E+01
+5.01504118E-03
+2.43695536E+01
+2.07372712E-01
+5.84095869E+00
+2.71108029E-02
+1.24146795E-02
+2.44815776E-02
+1.10870035E+00
+1.30778718E+00
+1.29251682E-01
+4.66041804E+00
+5.49585605E-02
+2.39183489E-04
+3.32412053E+00
+2.18312242E-02
+2.54295143E+00
+5.54027642E-01
+2.08464556E-02
+1.68721588E+00
+1.00753310E-02
+1.06643286E+00
+4.13564204E+00
+3.55361953E-01
+2.51173078E+00
+7.12150031E-01
+2.05727203E-03
+4.19553725E-01
+5.66612647E+00
+1.80578275E-01
+1.99875320E-01
+5.86671873E-01
+1.73652198E-02
+1.16799713E-01
+1.74723021E-02
+1.68717188E-01
+4.76469569E-03
+5.16010291E-02
+2.00779878E-02
+1.03953435E+00
+2.09790064E-01
+1.79832851E+01
+8.59119378E-04
+1.84574115E-01
+1.37050874E+00
+2.14117824E+01
+4.10515535E-01
+5.05676836E-01
+8.46846143E+00
+1.43145030E-02
+2.34103153E-02
+2.78759690E+00
+3.72340687E-01
+1.30003504E+00
+9.66258260E-01
+3.41535110E-02
+1.42374526E-01
+2.05583303E-01
+1.43808890E-01
+3.26684229E+00
+1.30503580E-01
+9.41416969E-03
+5.74068095E-01
+1.37360500E+01
+2.00684656E-02
+2.66871003E-01
+7.75627190E-02
+3.39420766E-01
+5.39279253E-01
+1.43612822E-02
+6.90962310E-02
+3.97896900E+00
+1.95104182E-01
+2.07860591E+00
+1.95749890E-02
+2.87524858E-01
+1.37964270E+00
+1.33228400E-02
+1.84931263E-01
+6.96002720E-01
+5.55150650E-01
+5.34987648E-01
+3.01913594E-02
+4.24594003E-02
+5.04957439E-01
+1.41075652E+01
+3.07332054E+00
+7.13890433E-01
+6.15772808E-01
+7.36643299E-01
+1.76796483E+00
+3.97961838E-01
+2.53626628E-01
+6.97702857E-01
+1.37306458E+00
+4.86188808E+00
+1.56804456E-01
+1.09468961E-02
+4.19771511E-01
+9.75703192E-01
+1.55728878E-01
+3.78195331E+00
+1.68953949E+00
+6.30216495E-01
+3.43536732E+00
+2.02594547E+00
+7.36614750E+00
+2.07365870E-01
+2.02365405E+00
+4.93843523E+00
+1.20586424E-04
+3.99544881E+00
+4.69695273E+00
+6.14668304E-02
+3.69006900E-02
+1.12817348E-03
+3.34518077E+00
+4.45974857E-02
+1.90777744E+00
+7.76287358E+00
+4.40985101E-01
+1.74938530E+00
+1.48626200E+00
+7.07692282E-01
+8.40238453E-02
+1.25067620E-03
+2.21661820E-01
+1.23160066E+00
+6.32915969E-03
+1.73812037E-01
+3.99310936E-01
+7.61576771E-02
+1.88872241E-01
+3.66674428E-01
+2.29284915E-01
+4.61042628E+00
+1.72400712E-01
+9.85498478E+00
+2.02307518E-01
+2.93435993E+00
+5.46292369E+00
+7.38472405E-01
+8.31472362E-03
+3.34176504E-01
+1.56034021E-06
+1.74658145E+00
+5.73198545E-02
+1.00604262E-02
+2.03184687E+01
+6.92781916E-02
+2.94526527E-02
+1.51754460E+00
+9.45399330E-01
+1.28762179E+00
+9.31593325E-01
+2.89004129E-01
+2.00195734E-01
+9.81667353E-01
+3.15296783E-01
+4.20611294E+00
+7.53369358E-03
+4.49113917E-01
+5.13877064E-02
+6.70188517E-01
+4.13476517E+00
+3.44840919E+00
+1.37089999E+00
+2.51796584E-02
+9.08593165E-01
+3.90907825E+00
+9.23425155E+00
+1.51630726E-01
+7.39734246E-03
+5.85595222E-01
+3.12366458E+00
+2.05245401E+00
+5.04611614E-01
+1.84170894E+00
+2.14355020E+00
+2.53134867E+00
+1.19032741E+00
+2.20178443E-02
+1.34604648E+00
+1.24588314E-01
+6.76627453E-01
+1.14105037E+00
+5.63591320E-01
+1.63401210E-01
+1.88913518E+00
+8.30857516E-02
+4.24350092E-01
+1.25040421E+00
+5.21382483E-01
+7.87313729E-01
+1.27571440E-01
+2.19357225E-01
+3.03549573E+00
+4.32109582E-01
+8.52725342E-01
+1.07393858E-01
+3.70902663E+00
+1.72870817E+00
+4.19570611E+00
+6.56798445E-01
+3.59076608E+00
+1.23634792E+00
+1.00079753E+00
+9.69025943E-03
+5.62216811E-01
+6.84770710E-01
+6.75913269E+00
+1.06967149E-01
+1.05335654E+00
+1.88255489E+00
+4.30009074E-01
+8.69093563E-02
+2.79145422E+00
+9.60395278E-01
+4.61113056E-02
+1.56061705E+00
+3.72907276E-01
+3.49079356E+00
+4.78460624E-02
+1.25284036E-01
+1.05543822E+01
+7.23529375E-01
+4.76318544E+00
+4.54423633E-01
+2.80399227E+00
+2.33507769E-04
+1.76831709E-01
+5.46139257E+00
+1.16551396E+00
+2.08525285E+00
+1.75631114E-01
+1.67292765E-02
+1.75527679E-02
+1.30891858E+00
+9.62373985E-02
+1.38074073E-05
+7.56865436E-02
+6.37818165E-03
+1.28342507E+00
+9.98274393E-02
+6.06616133E-02
+3.73879624E+00
+1.55365447E-01
+2.78933346E-01
+4.32140473E+00
+1.74002160E+00
+1.13631684E+00
+3.39660834E-01
+4.78577863E+00
+2.70363602E+00
+1.49767575E-02
+9.27561038E-01
+4.63936437E-01
+4.31652594E-01
+3.35616071E+00
+1.20826721E+01
+1.60034198E+00
+1.15369926E-01
+3.32382741E-02
+9.47675764E-01
+4.12405718E-01
+1.50079023E+00
+3.49306136E-02
+3.14786931E-02
+1.36573934E+01
+4.69019195E-02
+1.40797037E+00
+1.15974278E+01
+3.85075497E-01
+3.54881027E-01
+9.08555841E+00
+4.64020345E-01
+5.02460214E-01
+8.60444106E-01
+2.50167669E-01
+1.06642598E-02
+4.81778219E-01
+4.59257093E-01
+1.13275258E-01
+6.20817747E-02
+3.18766105E+00
+4.94354234E-01
+1.12925039E-01
+1.64665852E-03
+3.51815918E-01
+6.54539366E+00
+1.64806593E+00
+3.12673558E+00
+1.58663213E+00
+2.90009788E-01
+1.03474242E-02
+1.97281775E-04
+6.42788279E-02
+1.73784206E-01
+7.88022377E-02
+9.84023771E-01
+1.75159723E+01
+2.51113172E-02
+5.65513700E-02
+8.37714528E-01
+8.67628665E-02
+2.49973730E-01
+1.31485998E-01
+2.71244711E-01
+3.43324233E-02
+4.53961549E-01
+2.19653541E-02
+3.96381627E-01
+8.69636060E-04
+2.74785604E+01
+1.02777824E+00
+1.37942978E-02
+5.90563270E-03
+7.29421251E-01
+3.40224584E-02
+2.66550781E-01
+1.36970585E-01
+7.08284853E-01
+1.69976115E+00
+7.54797993E-02
+4.01317522E-01
+1.42485508E-01
+1.09291656E+00
+3.69784937E+00
+5.09810437E-02
+1.27032897E+01
+4.60420585E-01
+4.96705470E-01
+2.90911052E-01
+2.58886463E-02
+4.16704255E+01
+3.02103781E+00
+9.39387349E-02
+2.25103183E-01
+6.32528279E-03
+1.75679796E-02
+1.90015151E+00
+1.45281892E-02
+2.17306537E-01
+1.11424379E+00
+1.83851178E-01
+2.35892276E+00
+1.48018050E+01
+1.24382152E+01
+4.07806579E+00
+5.45134337E-01
+2.84765590E-02
+7.30905061E-01
+6.10684370E-01
+4.98436049E-02
+1.35322471E-02
+8.49810185E-02
+2.06607624E-03
+2.15623616E+01
+5.22667471E-01
+2.91962676E-01
+4.57268300E-03
+1.11482148E+00
+1.07846274E-01
+2.61356248E-01
+6.71838085E-01
+1.07190163E+00
+2.22051692E+00
+1.63521814E-01
+6.78384765E+00
+7.87900720E-02
+2.22273574E+00
+1.14193456E+01
+3.91489365E+00
+3.70242370E-01
+6.88381882E-01
+1.46582290E+00
+7.71645826E-01
+2.02647531E-01
+9.13000117E-02
+1.92606959E-04
+2.37194476E+01
+1.67085649E-01
+5.58547590E-03
+6.19143454E-01
+4.21939717E-02
+2.95045735E-01
+2.99359488E-01
+9.41795029E-02
+3.03639920E-02
+3.82247511E-03
+2.39548940E-02
+3.41252754E+00
+5.03314635E+00
+7.45257181E-01
+5.66610272E+00
+5.10437837E-01
+2.11852600E-02
+3.24074843E+00
+1.14308774E-03
+2.19583305E-01
+1.83455295E+00
+5.77322404E-02
+5.69911622E-01
+9.06468512E-03
+2.68615955E+00
+2.00447355E-01
+1.17563123E-01
+7.56699497E-07
+1.30918312E+00
+7.72379237E-01
+7.74788786E-01
+3.23923504E+00
+7.77030912E-02
+5.22044184E-03
+7.00456552E+00
+1.85139448E-01
+3.77938006E+00
+1.26109376E+00
+1.78500087E+00
+4.73225848E-01
+2.02096624E-01
+6.41464190E+00
+8.40218739E-02
+1.32427193E-01
+4.28796519E+00
+9.38156994E-02
+1.41587091E+00
+5.19543151E+00
+2.04144796E-01
+1.46393934E-01
+2.27538152E-01
+4.70046888E+00
+2.64994106E-01
+2.18001836E-03
+2.31958837E+00
+1.80972394E-01
+5.26744900E-01
+6.97786025E-02
+3.74689433E+00
+2.56622645E-01
+1.76048258E-01
+1.69711327E-01
+8.03397857E-02
+1.39815567E+01
+1.73576785E+01
+5.26717682E-03
+5.98440040E-01
+1.20267925E+00
+9.62840676E-03
+4.92346067E+00
+2.38049313E-01
+1.50754900E+00
+9.63278616E-02
+2.01717097E-02
+1.48099056E+00
+4.05208329E-02
+1.06944160E+00
+9.95741116E-03
+2.97708326E+00
+4.47248133E-01
+2.30561842E-01
+5.18148302E+00
+5.28053141E+00
+3.10980571E-01
+1.25340745E+01
+6.93714694E-02
+5.85488259E-01
+5.22626186E-01
+7.66759385E-01
+4.87061627E-02
+1.00321651E+00
+6.83331979E-01
+1.17677696E+00
+1.21089595E-02
+6.06435058E+00
+3.16239625E-02
+2.84473216E+00
+4.19287961E+00
+3.99124722E-01
+4.89104887E-01
+3.25718322E+00
+6.20509475E-01
+9.39483345E+00
+3.45732478E-01
+7.77635144E-01
+1.49812549E-01
+1.57988788E+00
+4.99186157E-02
+1.66986641E-01
+5.34449146E-01
+2.21055377E-02
+1.69680430E-01
+9.77061247E-01
+8.11074990E-04
+8.58788818E-01
+2.76422705E-01
+4.79279962E-02
+5.19898373E-05
+5.67836973E-02
+5.48503818E-01
+6.18044236E+00
+1.22032276E-01
+1.67787790E+00
+1.22443266E-01
+2.76552430E+00
+2.90845643E-01
+1.74128667E+01
+1.06631955E+00
+1.57406417E-02
+4.02703293E-02
+3.29609614E-03
+8.37573756E-02
+4.95712010E-01
+7.62126420E-04
+4.89703187E+00
+2.47164774E-02
+2.81708761E-01
+1.69115110E-01
+6.35714752E-01
+3.67381647E-03
+4.88244140E-01
+5.27171380E+00
+3.23275479E-01
+3.15882845E-01
+1.20117774E+00
+8.77006088E-01
+2.80230801E-02
+2.22286793E-01
+4.98713154E-01
+5.52211236E-02
+2.27186319E-02
+7.04209561E+00
+6.33351842E-01
+6.72797160E+00
+8.61826565E-02
+2.31017944E-01
+1.55272230E-01
+6.92236970E-01
+3.98136064E-01
+3.32562014E-01
+9.08716278E-01
+6.89422882E-03
+3.80024404E+00
+2.07460215E-02
+1.36751010E-01
+2.26224997E-03
+6.57980707E+00
+8.70303491E-03
+1.63319181E-02
+1.14926334E+00
+3.91747815E-02
+4.45387024E+00
+3.45013663E+00
+3.33656205E-01
+1.22800395E-01
+1.52562333E-02
+8.48568701E-03
+1.01894649E-01
+4.83790766E-01
+1.20879023E-01
+9.84558751E+00
+1.47047631E+00
+3.91124064E-02
+1.69104581E+00
+1.00496007E+01
+1.83636616E+00
+6.66155743E+00
+4.94483445E+00
+3.44967939E-01
+1.03119739E-02
+5.88073696E-02
+2.78292156E-01
+1.68684366E-01
+8.73059593E-01
+1.65794515E-01
+3.39272436E-01
+1.24020069E-02
+1.57362447E-01
+1.55882831E-01
+4.14094163E-01
+1.09407916E-01
+3.66519619E-01
+7.82483816E-03
+2.48297014E+00
+7.62632870E-02
+5.46016622E-01
+4.33462209E-02
+8.96285608E-03
+6.39497220E+00
+8.47496580E+00
+1.19586522E+01
+2.87888477E-01
+1.52338318E-01
+6.47816089E-01
+4.02804610E-01
+2.89665511E-02
+2.48082824E-01
+5.47381849E-01
+2.61196961E-01
+1.03633559E-02
+3.72577968E+00
+7.44273278E+00
+1.90593729E+00
+3.31797646E-02
+3.68553020E-01
+2.49749137E-02
+6.79310432E-03
+9.37740968E-01
+1.28077882E-01
+1.73342426E+00
+2.12121703E+00
+6.03773859E-01
+1.33872670E+00
+2.28990454E-01
+2.62925978E-02
+2.07226595E-01
+3.51116989E-01
+1.22116208E-01
+8.65992997E-01
+2.38505821E+00
+3.11315117E-01
+4.06845242E-02
+1.37850633E+00
+5.33559030E-01
+2.23774094E+00
+2.72090636E+00
+4.97325123E-02
+2.52676353E+00
+1.33495207E+01
+9.61398029E+00
+6.16542543E-01
+4.24388906E-01
+3.28135937E-01
+2.85202308E-02
+1.26071422E-01
+1.07282129E+00
+8.56825468E+00
+7.90487887E-01
+4.89017343E-03
+2.49180930E-02
+2.73240050E-01
+3.15872590E-01
+7.29952216E-03
+2.08654593E+00
+1.55562570E-01
+1.20643173E+00
+2.83737514E-04
+1.01114042E+00
+5.42255477E+00
+2.54780740E-01
+3.53855438E-01
+7.02432999E-01
+3.26441319E+00
+2.40242368E-02
+6.75106612E-03
+2.70170895E+00
+3.23925200E-03
+6.57839619E-01
+1.37625555E-01
+1.21914897E-03
+1.83576520E-04
+8.98556329E-01
+7.34115952E+00
+6.01995669E+00
+2.70805742E-02
+5.65327473E-01
+7.43279455E+00
+5.09915089E-02
+7.54666705E-01
+6.93860747E-02
+2.95879990E+00
+5.41095826E-01
+5.60605584E-04
+1.42552259E+01
+2.90179155E-01
+5.76842028E-01
+3.51934840E-03
+2.85157224E-01
+9.53795033E-01
+1.03565595E+00
+8.18923708E-01
+5.79586921E-02
+5.53976413E+00
+2.56967683E-01
+9.18242831E-02
+2.23598938E+00
+3.56202939E-04
+1.71041431E+00
+1.36738427E-01
+9.06323212E-01
+2.77072011E-01
+1.44660312E-01
+9.25427836E-02
+1.22123677E-01
+5.16063166E-03
+3.37386774E-01
+1.27792393E-03
+2.05315667E-01
+2.11756689E-02
+7.72065094E-01
+2.60839848E-01
+7.43519398E-02
+1.17795874E+01
+4.39858951E-02
+6.51213223E-03
+1.06749882E+00
+2.67670019E-01
+9.47975337E+00
+1.91213521E-01
+1.48262710E-01
+4.66613441E-02
+1.60885049E-01
+3.43272793E+00
+4.26321184E-01
+2.25604357E-01
+9.89550123E-02
+1.90594484E-01
+1.14369816E+00
+3.27021455E+00
+3.93632622E-01
+8.87300290E-01
+3.38984227E-02
+3.35580872E-01
+1.21490841E-02
+1.34558207E+01
+1.15139456E+01
+9.16540020E-03
+6.35866393E-03
+1.33330798E-02
+7.32342758E-01
+2.58091377E+00
+5.11342381E+00
+4.34121277E-02
+2.81447504E+00
+1.85464772E-01
+6.64336869E-02
+1.65916199E+00
+1.37309439E+00
+2.64216518E-01
+7.72285375E-05
+1.91193938E-01
+3.61965824E+00
+1.88388538E-04
+4.62600680E+00
+9.40510993E-02
+2.22273757E-01
+1.25011520E-01
+7.08568281E-01
+3.66935714E-01
+8.02521693E-01
+7.63773362E-01
+1.47372316E-01
+2.00314890E-02
+3.88934379E+00
+2.52136693E-02
+1.19909937E-01
+5.20731364E+00
+6.02994130E-02
+2.59286955E-01
+2.27448145E-01
+1.09829420E-02
+2.37803757E-02
+8.21372099E+00
+2.83170674E-01
+3.49641467E-01
+1.20940714E-02
+1.39695155E+00
+3.42829184E-01
+5.46517165E-01
+1.01071894E+01
+7.42805508E-02
+7.92372153E-02
+7.66851107E-01
+8.58413102E-01
+1.31230586E-02
+1.34217066E-02
+1.77747355E-02
+2.05425857E-01
+8.27274136E-01
+6.89567080E-01
+1.03244346E+00
+4.21573878E-01
+8.16521775E-01
+9.32624149E-02
+6.28438373E-01
+1.42970588E+00
+1.32271656E+00
+7.64984362E+00
+1.57996941E+00
+1.99732746E+00
+7.13337997E-02
+1.64630879E-01
+2.35320725E+00
+5.57418741E-03
+9.71984760E-01
+1.43113967E-01
+1.86361859E+00
+1.09739224E+00
+1.48778811E-02
+8.78302637E-03
+7.87957574E-04
+2.67752328E+00
+1.65375839E-02
+2.25302073E+00
+3.59805562E-01
+1.01703166E-01
+7.21073174E+00
+3.61659410E-01
+1.26707596E+00
+3.00477937E-01
+6.62601820E-01
+3.88383656E-01
+6.49805223E+00
+2.37147381E-01
+3.50864562E+00
+1.39409226E-02
+3.63395665E-03
+3.09849756E-02
+2.51070347E-01
+1.52357848E-02
+5.96684075E-01
+1.73362631E-01
+1.65937782E+00
+1.94836492E+00
+5.68810069E-01
+2.89872143E-02
+1.08797055E+01
+5.22304748E+00
+5.60730760E+00
+2.62086352E+00
+8.26696350E-01
+1.87717802E+00
+3.65970559E-01
+4.78928328E-01
+2.81176536E-02
+8.57346882E-02
+1.39202313E+00
+6.67014137E+00
+5.36058905E-01
+2.70588167E+00
+1.57580610E+00
+3.48632146E+00
+4.59503544E-02
+1.50500934E-01
+5.21761188E+00
+3.83875044E+00
+2.63025281E-01
+1.48351707E+00
+4.21174887E-01
+1.91147879E+01
+2.38285592E-01
+7.16892303E-01
+9.93224167E+00
+2.33298801E-01
+8.72030329E-02
+3.45186836E+00
+6.06109741E-01
+2.31768661E-02
+2.85937259E+00
+1.04230710E-01
+4.65089287E-02
+3.93231482E-01
+3.73854331E-02
+7.90211509E-03
+7.27233675E-02
+2.46723938E+01
+7.21083880E+00
+7.43688351E-01
+1.33700675E-01
+1.09060490E+00
+1.54672513E-01
+2.52556084E-01
+5.82514248E-01
+7.84621351E-01
+5.19377567E-01
+1.38623213E-01
+5.32662354E+00
+1.22282861E-01
+2.16573441E+00
+5.11023763E-01
+5.27527684E-01
+4.46046408E+00
+1.49529505E+01
+7.62478682E-02
+2.29946119E+01
+1.48871983E-03
+3.98255041E-01
+3.19254853E-01
+4.15150516E+00
+3.52659973E-02
+3.00753402E+00
+5.50463084E-01
+2.06557614E-04
+1.72678446E+00
+2.30042433E+00
+2.86367807E+01
+1.30714422E+00
+3.71423937E+00
+2.60667585E-01
+5.09771339E-01
+4.72299748E-01
+2.32108495E+00
+5.72478643E-02
+2.25916407E-01
+2.77836994E-01
+1.81219662E-02
+1.20210895E-01
+2.91099324E-01
+8.91256289E-01
+1.53651606E+01
+6.80310704E-01
+2.75740082E+00
+4.40586042E-04
+1.05963994E+00
+5.13514476E-02
+5.92332633E+00
+5.47826209E-02
+3.02855734E-01
+5.99224717E-01
+1.36530772E-02
+2.88984766E-01
+1.79550059E-02
+1.19477788E+00
+1.47693573E-01
+8.93262724E-03
+3.53267832E-02
+1.10245146E+01
+1.95776938E-01
+4.78594243E-01
+2.39054736E-01
+2.18381545E-02
+8.12189329E-01
+8.10792907E+00
+1.03487839E-01
+5.07758479E-01
+6.20514817E-03
+1.18054175E-03
+1.95637748E+01
+3.66901542E-01
+1.05061919E-02
+7.81330315E-01
+2.41634120E-01
+2.74194534E-02
+9.01518832E-01
+1.00930777E-02
+4.68521910E-03
+1.22043189E+01
+1.06601699E-01
+4.47865239E+00
+4.86251810E-03
+1.68066395E-01
+1.29519157E+00
+1.07383396E-01
+9.56486273E-03
+3.73162456E-01
+4.23178750E-01
+1.87200931E-01
+2.72501414E-02
+1.05284088E-01
+5.97341608E-01
+4.51268948E+00
+9.17093788E+00
+3.38247729E-01
+4.78004097E+00
+9.51797352E-01
+1.50169800E-02
+1.59401402E+00
+4.72230422E-01
+2.34157798E+00
+4.88180188E-01
+1.26521662E-04
+5.22561368E-01
+3.50965462E-01
+1.29260929E+01
+5.53770884E-01
+2.01077473E+00
+1.36707689E+00
+7.16535364E+00
+9.46751834E-01
+7.46779418E-01
+7.66659650E-01
+9.39165349E-01
+7.31688414E-04
+8.94051948E-02
+2.47121377E-03
+1.35850075E+00
+9.53682615E+00
+8.75328585E-01
+3.15048152E-02
+1.31551797E-01
+6.55605858E-02
+1.25740591E+00
+9.03978062E-02
+3.57410409E+00
+2.57247413E+00
+7.62759392E-01
+9.24135662E-02
+1.23604843E-01
+3.05225809E-01
+1.20130964E-01
+1.28997851E-01
+2.00635813E-01
+5.37084224E+00
+4.03338895E-02
+2.37619872E+00
+1.60596931E+00
+2.97064290E-04
+1.08290963E+01
+2.22800763E+00
+2.45139415E-04
+2.58605811E+00
+1.07698045E-01
+1.55051376E-01
+9.93734397E-01
+3.93279273E-01
+1.74049628E+00
+7.91625622E+00
+1.52899478E-01
+2.50587072E-01
+2.25156681E-01
+4.19268415E-01
+4.23540592E-01
+2.90529061E-01
+1.71940504E-03
+3.26700244E-04
+4.38413096E-01
+8.69426376E-02
+2.58417139E-05
+2.00712233E+00
+4.49779932E+00
+6.22292104E-02
+3.40780402E-03
+1.87020722E+00
+4.13045678E+00
+3.51599784E-01
+8.11765082E-02
+2.44704232E-05
+3.61350428E+00
+4.51015061E-01
+1.08851412E+00
+1.94637378E+00
+6.10244440E-01
+5.77670202E-02
+1.14258348E-03
+2.48493482E+00
+2.42817381E-02
+1.72466243E-02
+5.19261166E+00
+5.52508720E-03
+3.05096138E-02
+3.76032398E+00
+9.68320747E-01
+2.48289222E-01
+1.15529625E+00
+4.05241642E-02
+1.06038677E+00
+3.87391114E+00
+3.25125421E+00
+9.07779272E-02
+2.04081843E+00
+4.39663268E-01
+1.55632370E+00
+1.65715107E+01
+1.48391020E+00
+4.09199809E-01
+2.54301468E-01
+6.31196873E-01
+1.28559339E+00
+2.68203322E+00
+6.39483792E-01
+1.21153753E-02
+1.35178571E-01
+6.03812776E-01
+2.78746203E-01
+2.95652558E+00
+3.69239862E-01
+2.15232260E-01
+1.09680204E-03
+6.87680221E-03
+2.04007305E+00
+4.19159617E+00
+1.39422883E+00
+3.35990187E+00
+3.97843939E-04
+1.58486936E+01
+1.07741753E-02
+2.44194322E-03
+1.08666842E-01
+1.62494373E+00
+1.42875776E+00
+3.99893159E-01
+8.59903427E-03
+1.55122121E-02
+1.12718944E+00
+8.27046521E-01
+3.43048632E-01
+1.73941422E-02
+5.03534883E+00
+1.20712826E+00
+3.23836654E-01
+1.22281910E+00
+3.13037837E+00
+7.32770667E-01
+2.01732193E-01
+2.21751009E-02
+8.60375182E+00
+9.25334322E-03
+1.94286065E-01
+7.59955872E-03
+1.50059021E-01
+8.36375575E-01
+7.19309409E-01
+7.90843117E-04
+3.72630486E+00
+1.48943903E+01
+4.26805853E-03
+1.17357265E-01
+1.44735293E+01
+7.77120196E-02
+3.84698136E-02
+6.76190633E-01
+2.20304389E-01
+7.68010066E-01
+6.31933044E-03
+2.75300743E-01
+1.55477457E-02
+1.69537655E+00
+6.68766466E-03
+1.49542535E+00
+6.69471763E-01
+2.28474231E-04
+6.31641003E-01
+1.74449414E+00
+3.03805631E-01
+5.50760772E-01
+2.60221113E-03
+2.90829243E-01
+1.13398226E+00
+2.23855845E-01
+1.34372408E+00
+4.14904017E-02
+1.51764255E-01
+1.53958375E-04
+4.66595825E+00
+6.17176082E-02
+3.57598659E-03
+3.59702034E-02
+3.74123390E+00
+1.09581439E+01
+9.07951508E+00
+2.10651967E+00
+4.69513290E+00
+2.61675194E+00
+4.41593115E-04
+1.84977927E+01
+1.82877557E+00
+1.13746803E+00
+3.11885629E+00
+6.50920680E+00
+1.61899622E+00
+1.10175702E-01
+2.20946867E-02
+1.21600387E-01
+2.43784117E-01
+1.70319082E+01
+1.73142908E+01
+2.00009223E+00
+2.11145242E-03
+2.61157258E-03
+9.35329891E+00
+2.06802305E+00
+1.79401077E+01
+1.92835044E-01
+1.10235706E-01
+3.27815603E-03
+3.22310328E-03
+7.63665256E-02
+1.04499995E+00
+1.68498100E+01
+2.78856852E+00
+6.82769294E+00
+5.42774225E-01
+5.66807818E-01
+1.65028799E+00
+5.52397520E+00
+4.76271763E-01
+8.79853894E-01
+3.25214735E-03
+1.15611536E-03
+2.88467097E+00
+1.19642738E+01
+1.30983025E-01
+2.88995715E-01
+1.32792648E+01
+1.40547795E-01
+1.09526321E-01
+4.22630411E+00
+5.07563811E-02
+5.61616420E-01
+6.48570489E-02
+3.21341036E+00
+2.41214062E+00
+6.57712216E+00
+1.52455547E+00
+5.27713331E-04
+7.29888295E-04
+2.43199272E-03
+8.20924862E-02
+5.89133388E+00
+4.99672911E-01
+5.68854780E-01
+6.10800060E-02
+4.84702957E-02
+2.15429665E-01
+1.24081319E-01
+1.26519411E+00
+6.55128910E-03
+3.51735299E-01
+5.97153833E-03
+1.39174716E+00
+1.39041498E-01
+9.62192258E+00
+1.72605676E+01
+4.02528750E+00
+2.24271635E+00
+2.73625829E+00
+6.18230682E+00
+1.14451137E-02
+5.52674366E+00
+8.29581558E-02
+5.69233078E-02
+3.41962571E-01
+2.99458880E+00
+1.06236523E+01
+2.81254613E+01
+4.90610895E-02
+3.52358198E-01
+4.04690509E-01
+1.23476025E-01
+2.25738307E-02
+2.80500895E-01
+1.51101335E+00
+1.43608821E-01
+4.81378731E-02
+2.63573722E+00
+9.67844222E-03
+2.15486558E-05
+2.21062460E-01
+7.00525309E-02
+9.68843510E-01
+4.51879702E-02
+2.31094332E-01
+3.33371312E-01
+6.83205225E-01
+3.68556823E+00
+4.73400678E-01
+1.26096585E+00
+1.36637979E-02
+1.55624139E-02
+1.02518433E+01
+4.57145544E-01
+1.82492453E-01
+3.00618861E+00
+9.82858008E-01
+1.23477288E+00
+1.03701917E-04
+2.26993008E-01
+6.50811357E-01
+3.72932993E+00
+8.78033998E-01
+2.60417977E+00
+5.21204843E-04
+2.06539693E+01
+1.08378454E+00
+2.06026541E-01
+1.20797944E+00
+1.18120795E+00
+7.43519915E-01
+5.72442073E-02
+3.45121555E-03
+3.93136179E-02
+8.29588293E-03
+1.82518037E-04
+1.70201785E-02
+9.80114167E-01
+1.58073265E-01
+6.04360945E-01
+1.30907950E+00
+6.74766494E+00
+5.31806790E+00
+1.08494455E-02
+3.87196624E-04
+1.39752235E-01
+8.89089831E-01
+3.39044347E-01
+6.08766193E+00
+3.49854892E+00
+9.64434457E-02
+1.37645197E-01
+9.83164827E-02
+1.08567970E+00
+2.22135721E-01
+1.48120517E+00
+9.04338906E-01
+5.68061802E-02
+5.68783169E-02
+5.98849529E+00
+1.01139234E-03
+1.09532829E+00
+8.99256431E-02
+5.30328057E-01
+2.03190004E-01
+1.44412284E+01
+1.82897830E+01
+4.77053991E-01
+3.92493976E-02
+3.13390617E-03
+1.83491206E-01
+3.30854512E-01
+1.49613719E-01
+3.61042059E-01
+1.47431341E-01
+2.70642299E+00
+5.36276384E-04
+1.68520729E-02
+2.27981969E+00
+6.16464445E+00
+1.21460690E+00
+2.05722592E-06
+7.20433492E-01
+1.62817917E+00
+2.66846057E-02
+3.28643112E-02
+1.42592301E+00
+3.13208858E-01
+3.37610315E-03
+1.11797689E+00
+5.60326143E+00
+5.80578816E-01
+2.70165251E-01
+7.11289621E+00
+1.17532308E-02
+2.32303343E+01
+8.69335607E-01
+8.76717775E-02
+2.02125658E+00
+4.68378485E+00
+3.22952492E-05
+2.30410645E-01
+1.57823039E+00
+3.17842629E-01
+1.19002523E-01
+2.24988356E-02
+8.39087819E-01
+7.93960077E+00
+3.43487409E+00
+3.72854236E-02
+4.65173299E-02
+2.00859695E-03
+6.27640271E-03
+1.48298443E+00
+3.31437416E-04
+1.97779656E-03
+4.03691825E-01
+6.36331873E-01
+3.88067604E-01
+7.52228933E-06
+4.49506494E+00
+8.86976165E-01
+2.67000230E+00
+3.13986463E-05
+1.18532337E+00
+1.34299731E+00
+1.26569408E+00
+4.45109515E+00
+4.51055306E-01
+3.41736136E+00
+1.39075463E-01
+1.51537036E+01
+2.68323100E+00
+4.43333978E+00
+2.31900083E-01
+3.37072435E-01
+8.98611944E-01
+2.01819572E-01
+9.28806539E+00
+3.12589576E-03
+4.70217869E-01
+1.09800398E+01
+2.40683486E-01
+2.65024312E-01
+5.07857084E-01
+1.47224856E-02
+5.54066710E+00
+6.73683457E-01
+5.88271866E+00
+2.74828444E-01
+4.42795892E+00
+3.02391976E+00
+3.09621356E-02
+3.01279248E+00
+8.56684133E-02
+5.86472941E-02
+7.60938999E-01
+9.79987252E-05
+4.03665324E-02
+2.58417349E-03
+2.43899142E+00
+7.34663981E-01
+1.10573681E+00
+1.71637184E-01
+7.07209151E-02
+1.65311630E-02
+4.87681056E+00
+3.31897692E+00
+4.47121613E-01
+1.26255499E+00
+3.18296725E-01
+1.50116549E+00
+2.07453573E-05
+1.82383272E-02
+4.31288501E-01
+4.13730689E-01
+1.25642152E+00
+4.43639757E+00
+2.94121366E-01
+4.65741896E+00
+2.02846949E-02
+1.97873706E-01
+1.94182441E+00
+5.23993256E-02
+2.95163854E+00
+2.77039049E+00
+1.02512552E+00
+1.95423970E+00
+7.30525616E-01
+3.89414330E+00
+1.48303910E+00
+1.31656416E+00
+3.76204822E+00
+1.06904744E-02
+6.57842826E-02
+5.26297425E-02
+4.62161718E-01
+1.11878006E+01
+1.35950436E-01
+1.16441197E+00
+4.45700743E-01
+1.21326482E+00
+2.64945162E+00
+2.13190240E+00
+7.24680446E-02
+2.96704186E+00
+1.48158658E+00
+6.98865260E-02
+1.78052298E-01
+1.91898101E-01
+4.15613706E-01
+1.85479675E-01
+4.15374404E-01
+1.67368014E-04
+5.62899462E-01
+7.49951577E+00
+1.05809914E+00
+2.03846598E+00
+8.44781407E+00
+2.06463272E-02
+2.48711583E-02
+8.28674745E-01
+4.41504549E-01
+2.65839902E-02
+6.87199850E+00
+4.35475267E-02
+4.63887423E+01
+5.45163723E-06
+2.18807029E-02
+1.79736080E+00
+2.03953658E-03
+1.25819636E+00
+4.43469008E+00
+1.01791037E+00
+3.58580276E-01
+3.97988326E-02
+8.78505916E-02
+8.80378577E-01
+2.72843389E-02
+3.67443213E+00
+1.97833288E-01
+6.12077446E+00
+5.24487863E-02
+2.28735717E-01
+1.90777291E+00
+6.35068056E+00
+1.13905944E+00
+1.52478160E-01
+1.19218161E+00
+4.17231841E+00
+3.96873075E-01
+3.12813082E-01
+6.70177131E-02
+4.25287388E+00
+2.14911491E-02
+3.81340822E+00
+4.58579292E+00
+6.95265591E-02
+3.71637025E-02
+1.92066017E-02
+1.66474402E+00
+4.84941137E-03
+1.50200420E+01
+5.39651442E-01
+8.63799708E-05
+7.36888104E+00
+3.15420960E-01
+6.50390675E+00
+4.15738277E-01
+2.96216339E+00
+1.77536396E-01
+2.85046888E+01
+5.85302295E+00
+5.11485244E-01
+2.70962715E+00
+2.02064495E-01
+6.51034402E-02
+8.74214932E-01
+7.34971871E+00
+1.35764815E+00
+1.36819403E-03
+1.55276045E-03
+1.68509742E+00
+1.03436747E+00
+1.93891757E-01
+9.07132251E-02
+1.59317224E+01
+4.98781210E-01
+1.78629339E-03
+1.75001249E+00
+2.09793617E-01
+9.80446954E-03
+3.04195818E-01
+1.44395885E-02
+2.04936667E-02
+3.39433050E-01
+9.91481988E-03
+2.18618788E-02
+6.15233959E-02
+1.72670451E+00
+2.27567990E-01
+1.25680680E+00
+1.80139927E+00
+2.60233069E-01
+1.87612756E+00
+1.06826778E-02
+2.29425400E-03
+3.46276516E-01
+1.14725224E+01
+5.79819917E-02
+5.48346112E+00
+1.09612730E+00
+1.69555584E+00
+3.22052355E+00
+6.98686697E-02
+1.75904988E+00
+4.81114504E-01
+1.97727558E-02
+1.92589618E+00
+1.86403363E-01
+1.31785206E-01
+1.14208272E+00
+1.18465263E+00
+2.97199716E+00
+9.59445523E+00
+5.58561576E-01
+2.42221264E-01
+2.11021369E-04
+4.70651999E-01
+2.18482604E+01
+2.77261651E+00
+1.46436756E-01
+3.91943878E+00
+6.07184952E+00
+3.60087453E+00
+9.51914636E-02
+3.37042101E-04
+5.53696622E+00
+9.58714290E+00
+3.36279583E+00
+5.61204108E-01
+1.19152789E+00
+1.29265484E+00
+3.17709490E-02
+5.70156346E-03
+3.48987757E-02
+6.66743603E-06
+2.35298325E+00
+2.10461211E+00
+9.00348801E-02
+6.43901971E+00
+1.88316343E-01
+2.34611065E-02
+2.51690526E-01
+1.41063840E-01
+2.02698759E-02
+6.79703196E+00
+2.17482252E-01
+1.93013170E+01
+3.26274593E+01
+2.42234970E-01
+5.07532678E+00
+2.94099201E-01
+6.68088772E-01
+3.24320308E+01
+1.19503661E-01
+1.72404523E+00
+1.33203749E-01
+1.30019524E+00
+1.15749705E+01
+1.46899298E-04
+4.69204669E-01
+2.73340658E-02
+7.93441719E-01
+4.37067048E-02
+4.91073723E-01
+1.73107480E-02
+1.59847568E-01
+8.88956038E+00
+4.70947564E-03
+4.14003748E-03
+1.31770277E-02
+5.40247274E-01
+7.47898544E-01
+5.52915930E-03
+3.15812853E-01
+4.04103404E-01
+1.80163319E-02
+3.14286328E+00
+1.20861505E-03
+5.09481981E-02
+1.68601370E-03
+1.19366331E+00
+1.07084538E+00
+1.09245772E-01
+3.96990882E-02
+1.70234761E+00
+1.05537229E+00
+3.96184850E+00
+9.02749205E-03
+2.48770885E-01
+1.35084138E+00
+1.08589745E-01
+1.23939220E-01
+3.24920752E+00
+4.32819261E-02
+3.06463602E+00
+1.06316229E+01
+2.17082729E-03
+1.15478158E-02
+7.01824271E-02
+2.06039244E-01
+3.00165169E-01
+1.17309192E+00
+3.59699699E-03
+2.06616302E-03
+4.80488339E-01
+5.65614467E+00
+3.18256647E-01
+8.55867006E-01
+2.85946371E+00
+7.31207455E-02
+1.92715852E+01
+2.67083962E+00
+3.18287267E-02
+6.70057908E-01
+3.24365940E-01
+1.44134463E+00
+6.65644516E-01
+2.17229240E-01
+6.79612866E-01
+3.44604628E+00
+3.85471562E+00
+4.92653754E+00
+2.48860755E+00
+1.76043197E+00
+8.81625676E-03
+1.00652277E-03
+2.08224597E+01
+1.53957721E-02
+1.79751943E-01
+1.41838704E-01
+6.17334421E+00
+2.07335272E-01
+4.30589322E+00
+7.60565816E-01
+5.94717038E+00
+6.39980106E-02
+1.58500710E-01
+5.93431116E-01
+2.06146981E+00
+3.50271603E-04
+1.61329322E-01
+6.86567623E-01
+5.58713627E-01
+5.87645854E-01
+4.19001405E-01
+5.37039890E-02
+5.13452803E+00
+1.06154435E-01
+1.00459808E+00
+6.31211615E+00
+2.78641130E-01
+4.94879790E+00
+3.97295892E-04
+2.94801785E-01
+1.51124870E-02
+8.66434981E-01
+6.89530241E-02
+1.65368287E-01
+1.13571764E-01
+6.23160292E-02
+1.78395915E-02
+5.43181007E+00
+4.17625932E-01
+2.11716469E+00
+1.48130613E+00
+2.43638937E+00
+2.91057629E-01
+2.10044336E-03
+5.08497631E-01
+2.27624236E+01
+1.40252043E+01
+5.95593164E-01
+3.28167562E-01
+1.09382740E-01
+5.80727728E+00
+1.01814140E+00
+1.50871195E+00
+1.47892652E+01
+2.27435430E-02
+1.80917838E-01
+4.03039950E-01
+8.20700527E-01
+3.96477636E+00
+3.39423820E+00
+1.26937078E-01
+6.85382647E-02
+9.35799897E-01
+2.20359639E-02
+1.51227325E+00
+1.69934618E+00
+1.27481920E+00
+1.66616325E-04
+2.77218575E-06
+2.91413795E-01
+1.14828126E-02
+4.18721976E-01
+7.31048972E-02
+1.97830431E+00
+4.60563154E+00
+3.56249559E+00
+2.02314962E+01
+3.92144428E+00
+9.83735779E-01
+4.88916958E-01
+2.22979468E+00
+6.10350510E-01
+3.31211232E-02
+6.31995424E+00
+9.46569903E-01
+4.71104223E-02
+6.39870855E+00
+2.99113534E-01
+1.53561988E-02
+1.62431070E-01
+7.52235391E-01
+1.26030668E+01
+1.11131127E-01
+1.86994763E+00
+1.56639701E+01
+7.48871655E-03
+4.48319415E-03
+1.76167667E-01
+5.02873281E+00
+5.45790148E-02
+1.38335760E-01
+1.19474110E-01
+9.63547860E-01
+3.19535850E-02
+1.04104222E-01
+5.73126750E-01
+2.45905766E-02
+7.03328765E-01
+6.26393857E-01
+2.12875128E+00
+3.35605188E+01
+4.67634178E-01
+2.87198748E+00
+2.90791699E-01
+5.62001244E-01
+3.95493004E-01
+9.38209351E-01
+1.16033996E+01
+2.59002447E-01
+2.15867460E+00
+5.62194265E+00
+1.56974287E+00
+5.18303347E+00
+2.87260692E+01
+1.76375069E-01
+5.17458943E-01
+1.33329129E+01
+7.72445464E-01
+4.05307568E-01
+2.67844142E+00
+1.12744953E-01
+7.41623418E-01
+3.63570616E+00
+2.96510427E+00
+1.31330482E-01
+1.90985155E+00
+5.84010694E+00
+1.56580392E+01
+1.28264447E-04
+4.09233704E-02
+3.09521771E-01
+8.34843669E+00
+8.04090291E-01
+5.20441203E-01
+1.46587438E-01
+4.89573185E-01
+2.81526722E+00
+4.69191647E+00
+9.86016302E-02
+3.18252163E+00
+5.39802663E+00
+9.96685269E-01
+1.72984543E+00
+9.79809081E-02
+1.05272458E+00
+5.44244833E-01
+1.74941723E+00
+3.52253327E-02
+1.68029265E+00
+3.73702401E-01
+5.67477049E+00
+8.11420935E-06
+2.29344088E-01
+5.74015434E+00
+2.43778247E-02
+3.74117734E-02
+1.32785941E+00
+1.90784995E-02
+6.77382374E-03
+9.17270808E+00
+5.10528828E-01
+3.73408481E-01
+5.60695805E-01
+9.68704374E+00
+6.05884206E-02
+1.26617691E+00
+1.71040600E+00
+4.74223386E+00
+1.05008695E+00
+1.20132987E+00
+1.30605798E+00
+1.73346877E+00
+5.39487067E-01
+7.21074032E-02
+6.97414459E-01
+1.28090021E+00
+2.92355074E-01
+1.33089569E-02
+5.67230968E-01
+2.22010444E-02
+2.13531909E+00
+1.46817671E-03
+3.89558605E+00
+1.61658340E+00
+1.41436112E+01
+6.50049201E-01
+2.26772903E-01
+6.96051768E-03
+1.87061919E-01
+9.03236904E-03
+7.68869561E+00
+1.21594847E+00
+2.24991140E-02
+8.95354454E-01
+1.07572370E+00
+4.49103618E-02
+2.45258966E-02
+1.13718078E+01
+2.03993424E+00
+4.10804522E-03
+9.96605893E-02
+2.64835380E-02
+3.11062333E+00
+2.61116377E-01
+2.44637949E-03
+1.78445371E+00
+5.86173526E-02
+1.68938460E+00
+5.88277200E-01
+1.47534387E-01
+6.12723692E-01
+4.16820298E-01
+5.45040425E-05
+1.06161649E+00
+1.47464402E-01
+3.11326469E+00
+4.96659552E-01
+1.61401257E-01
+5.17776222E-01
+1.05987850E-01
+2.74640780E-01
+1.49735347E+00
+3.43198073E-03
+1.99077260E+00
+9.07954092E-01
+2.62677290E-01
+3.18412125E+00
+1.45931979E+00
+7.96036035E-01
+2.66877862E-01
+2.10261115E+00
+5.24778714E-01
+4.62489726E-03
+3.57669673E-01
+2.53305959E-01
+4.03958910E+00
+8.62639308E-02
+7.93780234E-04
+4.75235728E-01
+2.89486314E+00
+8.64853246E-02
+2.57371312E+00
+9.38380397E+00
+2.80381444E+01
+5.45275912E+00
+4.97287946E-02
+7.49839968E-01
+1.05770120E+01
+9.89511142E-04
+2.56362457E-01
+3.33262705E-01
+3.97201940E-01
+7.82443705E-03
+2.58136973E+00
+3.05490425E+00
+6.30759415E-01
+2.73959179E-01
+1.03799947E+00
+4.94096022E+00
+1.51606568E-02
+3.43450119E+00
+6.19230791E-01
+2.68789689E+00
+1.28510816E-01
+4.79382546E+00
+8.42768343E-02
+1.63907735E+00
+4.32896986E-02
+1.59901785E-02
+2.40693154E+00
+2.88482158E-01
+6.36408871E+00
+2.83041225E-01
+1.40886797E+01
+1.48747238E+00
+5.62686646E-02
+1.95222434E-01
+2.75774978E+01
+1.23457542E+00
+1.60397974E+01
+5.09281781E-04
+2.66168750E+00
+3.80490342E+00
+4.63665519E-01
+8.86347955E-04
+7.44014951E-01
+1.02949874E+00
+2.47338403E+00
+2.16963248E+00
+2.33635904E+00
+6.91299558E-01
+1.00691999E-02
+2.08737309E-03
+4.09735279E-02
+3.68487334E-03
+3.79032937E+00
+1.30044408E-01
+1.65947885E+00
+1.31125945E-02
+1.81427958E-01
+1.04358740E-01
+5.49942272E-03
+2.68305367E-01
+3.71250667E-01
+1.42943668E+00
+2.81050786E-02
+1.18819121E-01
+1.75855497E-01
+4.29033789E-01
+9.70412641E-03
+3.03561496E-02
+1.00699036E-02
+5.37158000E-02
+1.25048684E+00
+1.44822432E-01
+7.96037556E-01
+1.20111465E+00
+9.00828943E-01
+3.96876928E-01
+1.40741472E+00
+3.16408124E-01
+2.33916869E-01
+1.18723595E+00
+2.23715320E+00
+5.66628334E-01
+3.21400609E+00
+2.11631249E+00
+1.65234395E-01
+4.62779440E-01
+7.81518933E+00
+3.82676401E-01
+1.20768510E-01
+7.12977398E-02
+2.95491740E-02
+1.29046550E+00
+4.96376524E-01
+1.84186666E+01
+2.45868790E-01
+5.39152159E+00
+2.44746743E-02
+1.53268221E+00
+2.56878552E+00
+8.61418297E-01
+1.53653430E+00
+7.23376744E-01
+1.01692081E+00
+2.34636697E+00
+4.35394487E-01
+1.17419956E-04
+6.67165406E-02
+6.22322014E-02
+3.35140022E-02
+4.77207613E-01
+1.03637627E-01
+5.89528408E-02
+2.88433125E+00
+5.66125987E+00
+1.87883325E+00
+3.82152187E+00
+3.62493732E+00
+8.80784309E-02
+1.39957572E+00
+3.24948476E+00
+3.14491195E+00
+1.60211546E-01
+1.40493340E-02
+7.21835255E-02
+5.76536986E-01
+5.48215940E-01
+1.25269837E+01
+4.85253494E+00
+4.32831341E-01
+4.87859952E-02
+6.02515540E-03
+1.69211812E+00
+4.01286337E-01
+6.69851512E-02
+1.57585230E+00
+3.89353128E-01
+2.56760529E+00
+7.86483166E-01
+2.73913853E-01
+4.71874489E-01
+5.47061957E-01
+6.00962367E-02
+5.07280749E-01
+4.55249218E-01
+3.18636016E-01
+6.03061257E+00
+4.97415758E-02
+5.28449320E-01
+2.05742097E-01
+3.32735968E+00
+4.09605503E-02
+1.29799796E+00
+1.73069482E+01
+1.87422525E-01
+1.13508319E+00
+1.10774306E+00
+5.21637937E-01
+1.83433169E+00
+7.17256863E-01
+4.94099837E-02
+2.78904295E+00
+1.01720941E-01
+1.14641113E+00
+8.24740547E-03
+5.82740578E+00
+2.10853823E-03
+2.92621706E+00
+9.31738856E-01
+1.24064601E-01
+4.53079676E-07
+3.45760895E-01
+1.73752435E-01
+1.35345803E+01
+1.56702882E+00
+6.05350512E-02
+1.99027514E-01
+5.23966007E+00
+3.07704828E-01
+1.51657204E+00
+3.19010888E-02
+3.26554060E-04
+4.80629494E-01
+1.81844596E-02
+5.52765451E-01
+3.68252803E-03
+8.98397107E-01
+6.19658205E-02
+9.02620003E-01
+5.55562382E-01
+2.61345129E-01
+2.37873457E+00
+5.10072696E-02
+8.55708936E-02
+3.59612149E-02
+1.48701126E+00
+5.45227208E-01
+4.11685439E+00
+2.40546227E-01
+1.61910742E+00
+5.48171574E-01
+1.02692552E+00
+6.95962036E-01
+8.51594812E-05
+5.53378559E-01
+3.04743630E-01
+5.48704026E-01
+8.57877275E-03
+1.21635942E+01
+3.43352198E-01
+2.62060681E-01
+1.50600593E+01
+2.49064613E+00
+1.01966369E+01
+5.27736718E-02
+2.13189813E+01
+2.21841701E-02
+1.07485257E+00
+1.72416976E+00
+3.20303584E-03
+3.64039120E-01
+1.26349819E-01
+2.35021699E+00
+1.69071524E-01
+1.09590075E+00
+4.57488388E-01
+3.36450382E-01
+7.88300380E-01
+1.18453867E-01
+2.65003282E-02
+9.53564350E-02
+2.68835993E-02
+1.69874265E-02
+3.94765012E-01
+1.29315453E-03
+3.52334103E+00
+5.95587114E-01
+4.68360111E-01
+6.07123735E-01
+1.08132982E+00
+5.23651032E+00
+1.94601563E+01
+1.06709576E+01
+1.04797333E+00
+4.61126823E+00
+2.85581761E-02
+2.15050074E-02
+8.75507239E-01
+4.11573407E-02
+6.31478111E+00
+1.22439255E+00
+1.62288935E+00
+3.35368745E+00
+1.18585782E-01
+1.52362637E-03
+1.56540572E-01
+8.22285746E-01
+4.83950861E+00
+2.69181351E-03
+5.10681882E+00
+4.01792510E-01
+3.26233428E-01
+5.94335055E-02
+6.75922609E-01
+1.11315579E-01
+3.77519019E-01
+1.84351945E-01
+2.68773451E-02
+6.47866287E-01
+3.30533773E-02
+1.71346374E+00
+3.29954732E-01
+2.21721890E+00
+1.25238873E+00
+9.67007146E+00
+3.77964283E-01
+8.20972154E+00
+1.28075250E-02
+7.27686091E+00
+2.74490056E-01
+7.27539493E-01
+2.59277991E-01
+1.03134066E+00
+6.97532270E+00
+1.74762437E+00
+2.13617097E+00
+2.78685816E-01
+4.22782218E-01
+1.49490455E-02
+7.96126624E-02
+4.32366443E+00
+1.17837288E-01
+1.69745843E-02
+3.30518475E-01
+1.18982746E-01
+2.15063819E+01
+8.13060228E-01
+1.04883337E+00
+1.02173644E+00
+5.33774065E-02
+4.33550949E-01
+3.41517695E-02
+6.25712097E-05
+1.08359857E-01
+3.79112307E-06
+5.63529772E-01
+5.74043365E-02
+5.03793705E-01
+7.17203010E-01
+1.90605125E-02
+1.25016788E+01
+3.76375995E-01
+1.82786586E-02
+1.06771033E+00
+1.98945718E+00
+3.09365096E-01
+3.98733801E+00
+1.08149131E-02
+6.30767061E-02
+3.67324773E+00
+2.53840495E-01
+9.02820016E-05
+1.63301370E-01
+5.31349376E-04
+2.55195829E-01
+8.68818269E-05
+6.94344500E-01
+1.28596243E-01
+2.62459363E-01
+7.30692304E-01
+6.69026521E-01
+8.51802848E-03
+2.03256779E-01
+3.54454181E+00
+1.54501901E+00
+1.77359368E-01
+2.02227285E-01
+2.41561285E-02
+1.00861707E+01
+2.84286060E-01
+1.45393490E-01
+2.57257849E-02
+5.72259547E+00
+2.57896279E+00
+4.68969512E-03
+8.27104236E-01
+3.20105832E-02
+1.70855037E-01
+2.86755608E+00
+2.15624951E-03
+1.10042421E+00
+1.22324220E-02
+3.54951338E+00
+9.57112721E+00
+6.66875380E-02
+9.99914356E-02
+1.08646845E-03
+2.47490497E-03
+2.53194158E+01
+1.56109745E+00
+1.11735873E+00
+6.34940000E+00
+4.70961660E-01
+6.79591918E-01
+7.17746126E-03
+3.01470109E-01
+2.01035607E+00
+4.00356204E-02
+8.37248692E+00
+1.08255959E+01
+1.14294748E+00
+4.02644075E-01
+5.14543431E+00
+2.98804167E-01
+5.13747117E-01
+1.38484325E+00
+2.34623549E+00
+4.23430328E+00
+3.96125519E-02
+1.84483379E-01
+1.77536903E+01
+1.45925296E+00
+2.58667696E-01
+1.12723545E+01
+1.85234500E-04
+1.33398099E+00
+2.59161366E+00
+7.97991293E+00
+1.73976467E-01
+2.58060246E+00
+5.48952723E+00
+5.50576904E+00
+2.31495278E-01
+6.95457763E-02
+2.36975164E-02
+1.60685254E-02
+2.79388621E-03
+8.63920703E-01
+2.47738994E-01
+2.26187478E-02
+1.71062075E-02
+1.45053657E+00
+2.68890112E+00
+2.38075809E+00
+2.62146808E-01
+6.52353698E-03
+1.05314501E+00
+1.52826312E+01
+5.81583153E+00
+5.92497531E-02
+2.86053247E+00
+4.47438297E-01
+1.13669142E+01
+5.82360912E-01
+1.79023356E-01
+3.72649632E+00
+1.90232486E-01
+1.54242021E-02
+8.04904231E+00
+1.02638247E-01
+1.98208481E+00
+3.01703255E-02
+9.51099420E-02
+3.25941018E-01
+2.77605377E-01
+5.09583968E+00
+1.53681473E+00
+4.47520046E+00
+8.16146254E-02
+2.09907126E-01
+6.43598379E-02
+1.59459589E-02
+1.16786788E+00
+7.81638580E-04
+1.38733820E-02
+1.03886983E-02
+8.37726251E-01
+9.89880794E-01
+3.93003287E-01
+2.54470044E+01
+2.45169690E-01
+2.58135980E+00
+8.99239365E-01
+1.74749857E-03
+8.32372774E-02
+2.50724136E-01
+3.66875885E+01
+5.06383180E-02
+2.49128775E+00
+1.23203239E+01
+5.78560071E+00
+1.95129700E+01
+2.26114438E+01
+1.33046776E+01
+3.12599752E+00
+3.77471562E+00
+2.26020966E+01
+2.73315480E+00
+5.77020674E-03
+4.19718110E-01
+1.13751432E-02
+3.33057872E-02
+1.27585704E-02
+1.58907359E+00
+1.11149502E+00
+3.54845827E-03
+1.35222939E-01
+1.99307938E-02
+1.29470560E-01
+4.21539372E+00
+4.20367060E-02
+3.24931471E-01
+6.17404127E-03
+1.30488113E-01
+9.46705206E-01
+2.64266253E+00
+6.30942671E-01
+5.27339765E-03
+4.34707817E-02
+1.04272365E-01
+1.75282369E-01
