     +0.2068      +0.0428
     +0.5490      +0.3014
     +0.0927      +0.0086
     +0.1832      +0.0336
     +0.4208      +0.1770
     +0.0992      +0.0098
     +0.2517      +0.0634
     +0.9440      +0.8911
     +0.5956      +0.3547
     +0.2239      +0.0501
     +1.2007      +1.4417
     +0.0033      +0.0000
     +1.5085      +2.2755
     +0.0749      +0.0056
     +0.3182      +0.1012
     +0.5410      +0.2927
     +0.6021      +0.3625
     +0.8405      +0.7065
     +0.7641      +0.5839
     +1.1554      +1.3349
     +0.1623      +0.0263
     +0.4069      +0.1656
     +0.5611      +0.3149
     +0.4415      +0.1950
     +0.5873      +0.3450
     +0.0317      +0.0010
     +0.4069      +0.1656
     +1.9052      +3.6298
     +0.2977      +0.0886
     +0.0200      +0.0004
     +0.0188      +0.0004
     +0.3007      +0.0904
     +0.3287      +0.1080
     +0.1883      +0.0355
     +0.2624      +0.0688
     +0.3938      +0.1551
     +0.5437      +0.2956
     +0.1814      +0.0329
     +0.1641      +0.0269
     +0.4597      +0.2113
     +0.1912      +0.0366
     +0.0225      +0.0005
     +1.2835      +1.6475
     +0.0964      +0.0093
     +0.7356      +0.5411
     +2.7567      +7.5996
     +0.0722      +0.0052
     +0.0436      +0.0019
     +0.3085      +0.0952
     +0.9194      +0.8452
     +0.1718      +0.0295
     +1.4433      +2.0831
     +0.4043      +0.1635
     +0.7638      +0.5834
     +0.2200      +0.0484
     +0.7021      +0.4930
     +0.3441      +0.1184
     +0.0223      +0.0005
     +0.3803      +0.1446
     +0.8299      +0.6888
     +0.1666      +0.0278
     +0.1486      +0.0221
     +0.2886      +0.0833
     +0.7172      +0.5144
     +0.1419      +0.0201
     +1.0753      +1.1563
     +0.5460      +0.2981
     +0.2103      +0.0442
     +0.6461      +0.4174
     +1.2134      +1.4724
     +0.5686      +0.3233
     +1.2673      +1.6061
     +0.1205      +0.0145
     +0.5497      +0.3022
     +0.1158      +0.0134
     +0.3215      +0.1033
     +0.5033      +0.2534
     +0.0368      +0.0014
     +0.6852      +0.4696
     +0.3186      +0.1015
     +0.5387      +0.2902
     +0.6530      +0.4264
     +0.2307      +0.0532
     +0.0235      +0.0006
     +0.1010      +0.0102
     +0.5990      +0.3588
     +0.4155      +0.1727
     +0.7962      +0.6339
     +1.4054      +1.9752
     +1.3086      +1.7124
     +0.3614      +0.1306
     +0.8741      +0.7641
     +1.1828      +1.3990
     +1.5580      +2.4273
     +0.0209      +0.0004
     +0.5191      +0.2694
     +0.3392      +0.1150
     +1.6126      +2.6006
     +0.5446      +0.2966
     +1.4991      +2.2472
     +0.1544      +0.0238
     +0.4859      +0.2361
     +0.1659      +0.0275
     +0.0541      +0.0029
     +0.6625      +0.4389
     +0.0219      +0.0005
     +0.1528      +0.0233
     +0.0764      +0.0058
     +0.0490      +0.0024
     +0.1184      +0.0140
     +0.6528      +0.4261
     +1.6608      +2.7584
     +0.2718      +0.0739
     +0.4354      +0.1896
     +0.0881      +0.0078
     +0.3068      +0.0941
     +0.7432      +0.5523
     +0.8521      +0.7261
     +0.2785      +0.0776
     +0.0503      +0.0025
     +1.6349      +2.6731
     +0.0654      +0.0043
     +0.6888      +0.4744
     +0.1319      +0.0174
     +0.0523      +0.0027
     +0.2722      +0.0741
     +0.8504      +0.7231
     +1.2144      +1.4747
     +0.1091      +0.0119
     +0.9123      +0.8323
     +0.4757      +0.2263
     +0.1447      +0.0209
     +0.1194      +0.0143
     +0.6959      +0.4842
     +1.0222      +1.0449
     +0.1212      +0.0147
     +0.7687      +0.5909
     +0.4030      +0.1624
     +0.0090      +0.0001
     +0.0259      +0.0007
     +1.2580      +1.5826
     +0.1963      +0.0385
     +0.5271      +0.2778
     +0.1952      +0.0381
     +0.3664      +0.1343
     +0.3427      +0.1174
     +0.6021      +0.3625
     +0.2042      +0.0417
     +0.4783      +0.2288
     +1.7127      +2.9335
     +0.3057      +0.0934
     +0.9548      +0.9116
     +0.1846      +0.0341
     +0.0234      +0.0005
     +0.0522      +0.0027
     +0.2816      +0.0793
     +0.4789      +0.2294
     +0.1979      +0.0392
     +1.0113      +1.0227
     +0.0698      +0.0049
     +0.1708      +0.0292
     +0.1944      +0.0378
     +1.3396      +1.7944
     +0.1840      +0.0338
     +0.0511      +0.0026
     +0.8546      +0.7304
     +0.3342      +0.1117
     +0.7175      +0.5148
     +0.2895      +0.0838
     +0.0996      +0.0099
     +0.1043      +0.0109
     +0.2304      +0.0531
     +1.1221      +1.2592
     +0.1164      +0.0136
     +0.6957      +0.4839
     +0.0887      +0.0079
     +1.3143      +1.7273
     +0.3752      +0.1408
     +0.3165      +0.1002
     +0.0894      +0.0080
     +0.0962      +0.0093
     +0.0974      +0.0095
     +0.1347      +0.0181
     +0.2281      +0.0520
     +0.4796      +0.2300
     +0.2831      +0.0802
     +0.8154      +0.6649
     +0.1457      +0.0212
     +0.4534      +0.2056
     +0.4388      +0.1925
     +0.3339      +0.1115
     +0.9863      +0.9727
     +0.7240      +0.5242
     +0.2944      +0.0867
     +0.2219      +0.0492
     +0.5325      +0.2835
     +0.6747      +0.4552
     +0.5404      +0.2921
     +1.0566      +1.1165
     +0.2897      +0.0839
     +0.4611      +0.2126
     +0.0294      +0.0009
     +0.3902      +0.1523
     +0.6742      +0.4545
     +0.8074      +0.6519
     +2.1992      +4.8364
     +0.9305      +0.8658
     +0.1315      +0.0173
     +0.0777      +0.0060
     +0.3942      +0.1554
     +0.9650      +0.9312
     +0.1800      +0.0324
     +0.0040      +0.0000
     +0.4646      +0.2159
     +0.8445      +0.7132
     +0.6160      +0.3795
     +0.1109      +0.0123
     +0.0406      +0.0016
     +0.1779      +0.0316
     +0.1430      +0.0205
     +0.3691      +0.1362
     +0.0154      +0.0002
     +0.0993      +0.0099
     +0.8205      +0.6732
     +0.4174      +0.1742
     +0.4736      +0.2243
     +0.0477      +0.0023
     +0.4555      +0.2074
     +1.3638      +1.8598
     +0.4307      +0.1855
     +0.4264      +0.1818
     +0.6753      +0.4560
     +0.1291      +0.0167
     +0.6025      +0.3631
     +0.1119      +0.0125
     +0.1783      +0.0318
     +0.3848      +0.1481
     +0.8691      +0.7554
     +0.7991      +0.6386
     +0.3257      +0.1061
     +0.4807      +0.2311
     +0.0327      +0.0011
     +0.3706      +0.1374
     +0.2729      +0.0745
     +1.3118      +1.7209
     +0.6859      +0.4704
     +0.8365      +0.6998
     +0.6057      +0.3669
     +0.2700      +0.0729
     +0.4127      +0.1703
     +0.7351      +0.5404
     +0.6275      +0.3938
     +0.0850      +0.0072
     +0.5925      +0.3511
     +0.9933      +0.9866
     +0.0009      +0.0000
     +0.8035      +0.6456
     +0.0311      +0.0010
     +0.1843      +0.0340
     +0.4638      +0.2151
     +0.0329      +0.0011
     +0.0982      +0.0096
     +0.7955      +0.6329
     +0.1188      +0.0141
     +0.1787      +0.0319
     +0.1630      +0.0266
     +0.5369      +0.2883
     +0.8319      +0.6920
     +0.5880      +0.3457
     +0.5747      +0.3303
     +0.0344      +0.0012
     +0.0123      +0.0002
     +0.8572      +0.7348
     +1.9343      +3.7414
     +0.2226      +0.0496
     +0.5796      +0.3359
     +0.2342      +0.0549
     +0.3059      +0.0936
     +0.4591      +0.2108
     +0.1492      +0.0223
     +0.4150      +0.1722
     +0.0738      +0.0054
     +1.6936      +2.8684
     +1.2930      +1.6717
     +0.4464      +0.1992
     +0.8522      +0.7262
     +1.1006      +1.2112
     +2.7918      +7.7940
     +1.0223      +1.0451
     +0.3766      +0.1418
     +0.0343      +0.0012
     +0.1097      +0.0120
     +0.2318      +0.0537
     +0.1747      +0.0305
     +0.2241      +0.0502
     +3.2192     +10.3629
     +1.2501      +1.5629
     +0.0449      +0.0020
     +0.4468      +0.1996
     +0.7223      +0.5216
     +0.0746      +0.0056
     +0.1009      +0.0102
     +0.1457      +0.0212
     +0.3196      +0.1021
     +0.0536      +0.0029
     +0.2405      +0.0579
     +0.5627      +0.3166
     +0.3280      +0.1076
     +0.0122      +0.0001
     +0.0507      +0.0026
     +0.5372      +0.2886
     +0.3823      +0.1462
     +0.0375      +0.0014
     +0.5670      +0.3215
     +0.2685      +0.0721
     +0.0545      +0.0030
     +0.6088      +0.3707
     +0.6172      +0.3809
     +0.0173      +0.0003
     +0.9520      +0.9062
     +0.2700      +0.0729
     +0.7587      +0.5757
     +0.0548      +0.0030
     +1.0937      +1.1962
     +0.1676      +0.0281
     +0.0754      +0.0057
     +0.6604      +0.4361
     +0.7172      +0.5143
     +1.1542      +1.3322
     +0.5407      +0.2924
     +0.3863      +0.1493
     +0.0878      +0.0077
     +0.0408      +0.0017
     +0.4687      +0.2196
     +0.0440      +0.0019
     +0.1566      +0.0245
     +0.2614      +0.0683
     +0.9379      +0.8796
     +0.0300      +0.0009
     +1.1772      +1.3858
     +0.1830      +0.0335
     +0.5275      +0.2782
     +0.3495      +0.1221
     +0.4908      +0.2409
     +0.3437      +0.1181
     +0.6688      +0.4473
     +0.1385      +0.0192
     +0.2502      +0.0626
     +0.0525      +0.0028
     +0.1387      +0.0192
     +0.3202      +0.1025
     +0.0236      +0.0006
     +1.1415      +1.3030
     +0.1733      +0.0300
     +0.0957      +0.0092
     +0.0307      +0.0009
     +0.0657      +0.0043
     +0.1824      +0.0333
     +1.3290      +1.7663
     +0.1361      +0.0185
     +0.2475      +0.0613
     +0.1342      +0.0180
     +0.1285      +0.0165
     +0.2981      +0.0889
     +0.8819      +0.7778
     +0.6867      +0.4715
     +0.1223      +0.0150
     +0.1263      +0.0159
     +1.1555      +1.3352
     +0.1205      +0.0145
     +0.3458      +0.1196
     +0.8479      +0.7189
     +0.8348      +0.6968
     +0.3958      +0.1566
     +2.0998      +4.4090
     +0.7304      +0.5335
     +0.2466      +0.0608
     +0.0443      +0.0020
     +0.1570      +0.0247
     +0.5145      +0.2647
     +0.2231      +0.0498
     +0.0720      +0.0052
     +1.9135      +3.6614
     +0.5046      +0.2546
     +0.6475      +0.4193
     +0.0371      +0.0014
     +0.7730      +0.5975
     +0.1067      +0.0114
     +0.6337      +0.4016
     +1.2428      +1.5447
     +0.0517      +0.0027
     +0.2486      +0.0618
     +0.2985      +0.0891
     +0.2721      +0.0740
     +0.1630      +0.0266
     +0.1755      +0.0308
     +1.7299      +2.9927
     +0.6661      +0.4437
     +0.3990      +0.1592
     +0.4300      +0.1849
     +0.1998      +0.0399
     +0.3599      +0.1296
     +0.1989      +0.0396
     +0.3057      +0.0935
     +0.3613      +0.1305
     +0.1121      +0.0126
     +0.2218      +0.0492
     +0.1298      +0.0169
     +0.4599      +0.2115
     +0.1997      +0.0399
     +0.2380      +0.0566
     +0.5821      +0.3389
     +0.0465      +0.0022
     +0.5531      +0.3059
     +0.5885      +0.3463
     +0.8098      +0.6557
     +0.5805      +0.3370
     +0.2320      +0.0538
     +0.5512      +0.3038
     +0.4110      +0.1689
     +1.0914      +1.1911
     +0.1192      +0.0142
     +0.5942      +0.3530
     +1.6168      +2.6139
     +0.2056      +0.0423
     +0.1874      +0.0351
     +0.0336      +0.0011
     +0.3211      +0.1031
     +0.1399      +0.0196
     +0.1670      +0.0279
     +0.1308      +0.0171
     +0.4289      +0.1840
     +0.5098      +0.2599
     +0.0841      +0.0071
     +0.3127      +0.0978
     +0.4892      +0.2393
     +0.1605      +0.0258
     +0.0165      +0.0003
     +0.7032      +0.4945
     +0.2414      +0.0583
     +0.3363      +0.1131
     +0.1990      +0.0396
     +1.8255      +3.3324
     +0.6161      +0.3795
     +0.8386      +0.7033
     +1.3327      +1.7760
     +0.4717      +0.2225
     +0.0272      +0.0007
     +0.6618      +0.4379
     +0.4444      +0.1975
     +0.3551      +0.1261
     +0.0482      +0.0023
     +0.0729      +0.0053
     +0.2013      +0.0405
     +0.4903      +0.2404
     +1.0780      +1.1620
     +0.7004      +0.4906
     +0.3787      +0.1434
     +1.2792      +1.6363
     +0.3313      +0.1098
     +1.0505      +1.1035
     +0.8717      +0.7598
     +0.2591      +0.0671
     +0.3948      +0.1558
     +0.8595      +0.7388
     +0.5198      +0.2702
     +0.2540      +0.0645
     +0.0480      +0.0023
     +0.2247      +0.0505
     +0.2816      +0.0793
     +0.0972      +0.0094
     +0.2177      +0.0474
     +0.1078      +0.0116
     +0.1203      +0.0145
     +0.2285      +0.0522
     +0.2730      +0.0745
     +0.0024      +0.0000
     +0.0945      +0.0089
     +0.6373      +0.4061
     +0.7736      +0.5985
     +0.5325      +0.2836
     +0.0784      +0.0061
     +0.8748      +0.7653
     +1.3899      +1.9319
     +0.9359      +0.8759
     +1.1809      +1.3944
     +0.0857      +0.0073
     +0.3005      +0.0903
     +0.0115      +0.0001
     +2.6197      +6.8628
     +0.9077      +0.8238
     +1.1664      +1.3605
     +0.0470      +0.0022
     +0.4813      +0.2316
     +0.5156      +0.2659
     +0.7546      +0.5694
     +0.1343      +0.0180
     +1.7230      +2.9686
     +1.2187      +1.4852
     +0.0435      +0.0019
     +1.0287      +1.0582
     +0.0242      +0.0006
     +0.2958      +0.0875
     +0.4918      +0.2419
     +0.2273      +0.0516
     +0.1843      +0.0340
     +0.6094      +0.3713
     +0.7149      +0.5111
     +0.0375      +0.0014
     +0.1970      +0.0388
     +0.0906      +0.0082
     +0.5833      +0.3402
     +0.1446      +0.0209
     +0.2508      +0.0629
     +0.4890      +0.2391
     +0.6679      +0.4461
     +1.1997      +1.4393
     +0.3354      +0.1125
     +0.4935      +0.2435
     +0.0760      +0.0058
     +0.4430      +0.1962
     +0.1586      +0.0251
     +0.7223      +0.5218
     +0.1610      +0.0259
     +0.3034      +0.0921
     +0.2792      +0.0780
     +0.9325      +0.8696
     +0.2605      +0.0679
     +0.2205      +0.0486
     +0.0092      +0.0001
     +0.4999      +0.2499
     +0.0733      +0.0054
     +1.3628      +1.8573
     +0.2800      +0.0784
     +2.2029      +4.8530
     +0.1626      +0.0264
     +0.4555      +0.2075
     +0.1716      +0.0294
     +0.0517      +0.0027
     +0.3457      +0.1195
     +1.4386      +2.0695
     +0.4355      +0.1896
     +0.1532      +0.0235
     +0.3459      +0.1196
     +0.0016      +0.0000
     +0.0139      +0.0002
     +0.2533      +0.0641
     +0.5824      +0.3391
     +0.0193      +0.0004
     +0.1451      +0.0211
     +0.3887      +0.1511
     +0.7261      +0.5272
     +0.9655      +0.9323
     +0.1171      +0.0137
     +0.1059      +0.0112
     +0.3595      +0.1293
     +0.0185      +0.0003
     +0.9696      +0.9401
     +1.5719      +2.4708
     +0.5584      +0.3119
     +1.6126      +2.6006
     +1.0242      +1.0489
     +0.4027      +0.1622
     +0.2163      +0.0468
     +0.1509      +0.0228
     +0.1438      +0.0207
     +0.4751      +0.2257
     +0.2207      +0.0487
     +0.9183      +0.8433
     +0.2548      +0.0649
     +0.2558      +0.0654
     +0.3076      +0.0946
     +0.1350      +0.0182
     +0.1289      +0.0166
     +0.0476      +0.0023
     +1.0384      +1.0783
     +0.1823      +0.0332
     +0.0911      +0.0083
     +0.2473      +0.0611
     +0.2185      +0.0477
     +0.8375      +0.7015
     +1.1617      +1.3495
     +0.4326      +0.1871
     +1.5997      +2.5589
     +0.2152      +0.0463
     +0.5483      +0.3007
     +0.5733      +0.3287
     +0.0074      +0.0001
     +0.0972      +0.0095
     +0.2846      +0.0810
     +0.1383      +0.0191
     +1.0241      +1.0487
     +0.3835      +0.1470
     +0.5192      +0.2696
     +0.6341      +0.4021
     +0.4289      +0.1839
     +0.2975      +0.0885
     +0.9753      +0.9512
     +0.0226      +0.0005
     +0.2676      +0.0716
     +1.1770      +1.3853
     +0.3974      +0.1579
     +0.7526      +0.5665
     +0.5835      +0.3405
     +0.9131      +0.8337
     +0.0452      +0.0020
     +0.0097      +0.0001
     +0.6823      +0.4655
     +1.1993      +1.4382
     +0.0328      +0.0011
     +2.1066      +4.4378
     +0.6614      +0.4375
     +1.4985      +2.2455
     +0.3842      +0.1476
     +0.4772      +0.2277
     +0.9145      +0.8364
     +0.5532      +0.3060
     +0.3177      +0.1010
     +0.0469      +0.0022
     +0.6009      +0.3611
     +0.1764      +0.0311
     +0.1089      +0.0119
     +0.1893      +0.0359
     +0.4375      +0.1914
     +0.2081      +0.0433
     +0.7905      +0.6249
     +0.9708      +0.9424
     +0.3817      +0.1457
     +1.7410      +3.0311
     +1.0085      +1.0171
     +1.3230      +1.7504
     +0.3060      +0.0937
     +0.6230      +0.3881
     +0.2099      +0.0440
     +0.2855      +0.0815
     +0.0472      +0.0022
     +0.7767      +0.6032
     +0.7285      +0.5307
     +0.2977      +0.0886
     +0.0859      +0.0074
     +0.0535      +0.0029
     +0.4086      +0.1670
     +1.7047      +2.9060
     +1.0782      +1.1626
     +0.4865      +0.2366
     +0.8314      +0.6912
     +0.3376      +0.1140
     +0.1763      +0.0311
     +0.2526      +0.0638
     +0.2007      +0.0403
     +1.1009      +1.2120
     +0.2863      +0.0820
     +0.1821      +0.0332
     +0.1880      +0.0353
     +0.3515      +0.1236
     +0.0779      +0.0061
     +0.5641      +0.3182
     +0.4262      +0.1816
     +0.1305      +0.0170
     +0.1045      +0.0109
     +0.3195      +0.1021
     +0.6530      +0.4264
     +0.9389      +0.8816
     +0.0624      +0.0039
     +2.0430      +4.1738
     +0.7154      +0.5118
     +0.6083      +0.3701
     +0.0602      +0.0036
     +0.2999      +0.0900
     +0.0690      +0.0048
     +0.0907      +0.0082
     +0.8175      +0.6682
     +0.0269      +0.0007
     +0.3213      +0.1033
     +0.2199      +0.0484
     +0.2998      +0.0899
     +0.0587      +0.0034
     +0.0012      +0.0000
     +0.0251      +0.0006
     +1.2325      +1.5191
     +0.0719      +0.0052
     +0.0034      +0.0000
     +0.5243      +0.2748
     +0.4062      +0.1650
     +1.0456      +1.0934
     +0.3688      +0.1360
     +0.6207      +0.3853
     +0.2604      +0.0678
     +0.3165      +0.1001
     +0.3747      +0.1404
     +0.1432      +0.0205
     +0.4628      +0.2141
     +0.2822      +0.0796
     +0.8729      +0.7619
     +0.4224      +0.1784
     +0.8130      +0.6609
     +0.0659      +0.0043
     +0.7472      +0.5584
     +0.3829      +0.1466
     +0.1473      +0.0217
     +0.1535      +0.0236
     +0.0457      +0.0021
     +0.9322      +0.8690
     +0.9877      +0.9755
     +0.3796      +0.1441
     +0.1761      +0.0310
     +0.3259      +0.1062
     +0.1087      +0.0118
     +0.5606      +0.3143
     +0.8428      +0.7102
     +0.0341      +0.0012
     +2.9730      +8.8388
     +0.1984      +0.0394
     +0.7705      +0.5937
     +0.3739      +0.1398
     +2.3245      +5.4033
     +0.3124      +0.0976
     +0.7371      +0.5434
     +0.3748      +0.1405
     +0.7994      +0.6391
     +0.7652      +0.5856
     +0.0385      +0.0015
     +0.0824      +0.0068
     +0.4630      +0.2144
     +0.1654      +0.0274
     +1.6475      +2.7141
     +0.0600      +0.0036
     +0.5810      +0.3375
     +0.4215      +0.1777
     +0.3416      +0.1167
     +0.2337      +0.0546
     +2.3938      +5.7304
     +0.3530      +0.1246
     +0.0443      +0.0020
     +0.1104      +0.0122
     +0.7934      +0.6295
     +0.1315      +0.0173
     +0.1301      +0.0169
     +0.1152      +0.0133
     +0.5384      +0.2899
     +1.1254      +1.2665
     +1.1851      +1.4044
     +1.2852      +1.6516
     +0.5296      +0.2805
     +0.2865      +0.0821
     +1.0882      +1.1842
     +0.2428      +0.0590
     +0.2646      +0.0700
     +0.2038      +0.0416
     +0.3294      +0.1085
     +0.4512      +0.2036
     +0.1346      +0.0181
     +0.2538      +0.0644
     +0.0330      +0.0011
     +0.0702      +0.0049
     +1.2456      +1.5514
     +0.3563      +0.1270
     +0.1298      +0.0169
     +0.2651      +0.0703
     +1.1672      +1.3624
     +0.5616      +0.3153
     +0.0443      +0.0020
     +1.1851      +1.4045
     +0.3848      +0.1481
     +0.3700      +0.1369
     +0.6219      +0.3867
     +1.5980      +2.5536
     +0.6249      +0.3905
     +0.5253      +0.2760
     +0.0728      +0.0053
     +0.7110      +0.5055
     +1.0457      +1.0934
     +0.3635      +0.1321
     +0.1566      +0.0245
     +0.1384      +0.0192
     +0.4751      +0.2257
     +0.0114      +0.0001
     +0.2259      +0.0510
     +0.0292      +0.0009
     +0.1188      +0.0141
     +0.6857      +0.4702
     +0.1673      +0.0280
     +0.1479      +0.0219
     +0.7569      +0.5728
     +0.1635      +0.0267
     +0.3065      +0.0939
     +0.1824      +0.0333
     +0.1954      +0.0382
     +0.3480      +0.1211
     +0.5200      +0.2704
     +1.3238      +1.7523
     +0.5746      +0.3302
     +0.9941      +0.9882
     +0.5785      +0.3347
     +0.0683      +0.0047
     +0.5040      +0.2540
     +0.2484      +0.0617
     +0.4536      +0.2057
     +3.1591      +9.9796
     +1.1537      +1.3309
     +0.3317      +0.1100
     +0.2758      +0.0761
     +0.0698      +0.0049
     +0.4208      +0.1770
     +0.2963      +0.0878
     +0.8685      +0.7544
     +0.2485      +0.0618
     +0.4354      +0.1896
     +0.7247      +0.5252
     +1.1278      +1.2720
     +0.1776      +0.0315
     +0.4386      +0.1924
     +0.2806      +0.0788
     +0.1526      +0.0233
     +1.2435      +1.5463
     +0.4279      +0.1831
     +0.6774      +0.4589
     +0.5191      +0.2695
     +0.0892      +0.0080
     +1.5808      +2.4989
     +0.6244      +0.3899
     +0.3470      +0.1204
     +0.7756      +0.6016
     +0.8032      +0.6452
     +0.1627      +0.0265
     +0.0546      +0.0030
     +1.2069      +1.4565
     +1.8196      +3.3109
     +0.0633      +0.0040
     +0.7613      +0.5795
     +0.0254      +0.0006
     +1.0502      +1.1028
     +0.6028      +0.3633
     +0.6594      +0.4349
     +2.2449      +5.0394
     +0.1270      +0.0161
     +0.2007      +0.0403
     +0.1273      +0.0162
     +0.1451      +0.0210
     +0.1507      +0.0227
     +0.0884      +0.0078
     +0.0620      +0.0038
     +0.0378      +0.0014
     +0.3998      +0.1599
     +0.6920      +0.4788
     +0.0565      +0.0032
     +0.4280      +0.1832
     +0.0596      +0.0036
     +0.0309      +0.0010
     +0.0417      +0.0017
     +0.3398      +0.1155
     +1.4861      +2.2085
     +0.6154      +0.3787
     +0.4931      +0.2432
     +0.1501      +0.0225
     +0.0977      +0.0095
     +0.0429      +0.0018
     +0.0688      +0.0047
     +0.0736      +0.0054
     +1.9073      +3.6379
     +0.1070      +0.0115
     +0.1187      +0.0141
     +0.2329      +0.0542
     +0.7798      +0.6081
     +0.5526      +0.3054
     +0.4532      +0.2054
     +0.6639      +0.4408
     +0.4127      +0.1703
     +0.0084      +0.0001
     +1.0207      +1.0419
     +0.1264      +0.0160
     +0.0845      +0.0071
     +1.2661      +1.6030
     +0.3846      +0.1479
     +0.2059      +0.0424
     +0.6001      +0.3601
     +4.6696     +21.8048
     +0.0711      +0.0051
     +0.6362      +0.4047
     +0.6563      +0.4307
     +0.0262      +0.0007
     +0.0101      +0.0001
     +0.0518      +0.0027
     +0.1334      +0.0178
     +0.2994      +0.0896
     +0.3551      +0.1261
     +1.2213      +1.4916
     +0.2604      +0.0678
     +0.5188      +0.2691
     +0.0833      +0.0069
     +0.3175      +0.1008
     +1.3904      +1.9332
     +0.5141      +0.2643
     +0.5274      +0.2781
     +1.9885      +3.9543
     +0.0453      +0.0021
     +0.2706      +0.0732
     +0.8729      +0.7619
     +0.5147      +0.2649
     +0.0033      +0.0000
     +0.4461      +0.1990
     +0.2924      +0.0855
     +0.2437      +0.0594
     +0.3418      +0.1168
     +1.0632      +1.1305
     +0.2578      +0.0664
     +0.1525      +0.0233
     +0.8569      +0.7342
     +0.1194      +0.0143
     +1.1235      +1.2623
     +1.4131      +1.9968
     +1.6316      +2.6620
     +0.4136      +0.1711
     +0.8927      +0.7970
     +0.9680      +0.9371
     +0.1877      +0.0352
     +0.0387      +0.0015
     +0.4080      +0.1664
     +0.7854      +0.6168
     +0.1845      +0.0340
     +0.0091      +0.0001
     +0.8676      +0.7527
     +0.8767      +0.7686
     +1.5360      +2.3594
     +0.5481      +0.3004
     +0.3120      +0.0973
     +0.2522      +0.0636
     +0.9606      +0.9228
     +0.0401      +0.0016
     +0.2000      +0.0400
     +0.3637      +0.1322
     +0.0113      +0.0001
     +0.0503      +0.0025
     +0.4944      +0.2445
     +0.7220      +0.5213
     +1.0926      +1.1939
     +0.3305      +0.1092
     +0.3431      +0.1177
     +0.3107      +0.0966
     +0.2053      +0.0421
     +0.4450      +0.1980
     +2.0572      +4.2320
     +0.2283      +0.0521
     +0.1730      +0.0299
     +0.1245      +0.0155
     +0.1030      +0.0106
     +0.3016      +0.0909
     +0.2431      +0.0591
     +0.8901      +0.7923
     +1.0986      +1.2070
     +1.1293      +1.2753
     +0.1845      +0.0340
     +0.1928      +0.0372
     +0.2789      +0.0778
     +0.8296      +0.6882
     +0.2802      +0.0785
     +0.4154      +0.1725
     +0.1947      +0.0379
     +0.5734      +0.3288
     +0.0456      +0.0021
     +1.1253      +1.2664
     +0.3325      +0.1106
     +0.0493      +0.0024
     +0.0834      +0.0070
     +0.9065      +0.8218
     +0.6679      +0.4461
     +1.0011      +1.0022
     +0.0671      +0.0045
     +0.8354      +0.6980
     +1.9221      +3.6944
     +0.7220      +0.5212
     +0.2812      +0.0791
     +0.6068      +0.3683
     +0.2200      +0.0484
     +0.0419      +0.0018
     +0.1948      +0.0379
     +0.3255      +0.1059
     +0.2682      +0.0719
     +0.0115      +0.0001
     +0.6237      +0.3890
     +0.5415      +0.2932
     +0.1896      +0.0359
     +0.5164      +0.2666
     +0.2775      +0.0770
     +0.2053      +0.0422
     +0.6233      +0.3885
     +1.4265      +2.0349
     +0.3400      +0.1156
     +0.1687      +0.0285
     +0.6009      +0.3610
     +0.3826      +0.1464
     +0.0460      +0.0021
     +0.6171      +0.3808
     +0.7457      +0.5561
     +0.2733      +0.0747
     +0.0137      +0.0002
     +0.2169      +0.0471
     +0.0130      +0.0002
     +0.2320      +0.0538
     +0.6821      +0.4652
     +0.0683      +0.0047
     +0.3662      +0.1341
     +0.2835      +0.0804
     +0.1269      +0.0161
     +0.6467      +0.4182
     +1.5245      +2.3242
     +1.2349      +1.5249
     +1.0993      +1.2085
     +0.5759      +0.3317
     +0.8194      +0.6715
     +0.6661      +0.4437
     +0.7779      +0.6052
     +0.0820      +0.0067
     +1.2432      +1.5456
     +0.2931      +0.0859
     +0.1129      +0.0127
     +0.0609      +0.0037
     +0.0995      +0.0099
     +0.3966      +0.1573
     +1.6178      +2.6173
     +0.4223      +0.1783
     +1.4672      +2.1528
     +0.3768      +0.1420
     +0.0375      +0.0014
     +0.9771      +0.9548
     +0.5358      +0.2871
     +0.1654      +0.0274
     +0.4800      +0.2304
     +0.4014      +0.1611
     +0.1929      +0.0372
     +0.0436      +0.0019
     +1.2232      +1.4961
     +1.1996      +1.4391
     +0.3646      +0.1329
     +0.1930      +0.0372
     +0.0777      +0.0060
     +0.6767      +0.4579
     +0.4053      +0.1643
     +1.1407      +1.3012
     +0.3570      +0.1275
     +0.5119      +0.2620
     +0.1121      +0.0126
     +0.0263      +0.0007
     +0.1303      +0.0170
     +0.6557      +0.4299
     +1.4246      +2.0296
     +0.6326      +0.4002
     +0.3604      +0.1299
     +0.7483      +0.5600
     +0.1317      +0.0174
     +1.5617      +2.4390
     +0.8949      +0.8008
     +0.4538      +0.2060
     +0.2978      +0.0887
     +0.1875      +0.0352
     +0.1499      +0.0225
     +0.0153      +0.0002
     +0.0921      +0.0085
     +0.1527      +0.0233
     +0.2725      +0.0743
     +0.3082      +0.0950
     +0.2325      +0.0541
     +0.3275      +0.1072
     +0.2562      +0.0656
     +0.7449      +0.5549
     +0.3065      +0.0940
     +0.2115      +0.0447
     +0.4512      +0.2035
     +2.8978      +8.3972
     +1.3887      +1.9286
     +0.4958      +0.2458
     +0.6277      +0.3940
     +0.2588      +0.0670
     +0.8522      +0.7262
     +0.4033      +0.1626
     +0.5816      +0.3382
     +1.1223      +1.2595
     +0.3297      +0.1087
     +1.3989      +1.9569
     +1.2772      +1.6313
     +0.3709      +0.1376
     +0.0371      +0.0014
     +0.0424      +0.0018
     +0.7920      +0.6273
     +0.3453      +0.1192
     +0.1149      +0.0132
     +0.1956      +0.0382
     +0.2119      +0.0449
     +0.0145      +0.0002
     +0.2838      +0.0805
     +0.2287      +0.0523
     +0.0172      +0.0003
     +0.1114      +0.0124
     +0.2266      +0.0513
     +0.5196      +0.2700
     +0.3401      +0.1156
     +0.4354      +0.1895
     +0.4704      +0.2213
     +0.1106      +0.0122
     +0.2816      +0.0793
     +0.7608      +0.5788
     +0.0426      +0.0018
     +0.6451      +0.4162
     +0.4919      +0.2419
     +0.0236      +0.0006
     +0.6812      +0.4640
     +0.2669      +0.0712
     +0.4200      +0.1764
     +0.1727      +0.0298
     +0.7453      +0.5555
     +2.8125      +7.9101
     +0.3940      +0.1552
     +0.2025      +0.0410
     +0.2715      +0.0737
     +0.0510      +0.0026
     +0.2758      +0.0761
     +0.1490      +0.0222
     +0.6746      +0.4551
     +0.1562      +0.0244
     +0.0921      +0.0085
     +0.0261      +0.0007
     +2.1044      +4.4285
     +0.4395      +0.1931
     +0.0188      +0.0004
     +0.3018      +0.0911
     +0.0344      +0.0012
     +0.0909      +0.0083
     +0.2478      +0.0614
     +0.1325      +0.0175
     +0.2283      +0.0521
     +0.0543      +0.0030
     +0.4722      +0.2230
     +0.7741      +0.5993
     +0.0578      +0.0033
     +0.0086      +0.0001
     +1.0733      +1.1520
     +0.1045      +0.0109
     +0.7031      +0.4944
     +0.9528      +0.9079
     +0.2705      +0.0732
     +0.1372      +0.0188
     +0.3054      +0.0933
     +0.5791      +0.3354
     +0.7152      +0.5115
     +0.5921      +0.3506
     +0.0992      +0.0098
     +0.7113      +0.5060
     +0.2643      +0.0699
     +0.0576      +0.0033
     +0.5605      +0.3142
     +0.0476      +0.0023
     +0.1503      +0.0226
     +0.3194      +0.1020
     +0.0563      +0.0032
     +0.0359      +0.0013
     +0.0078      +0.0001
     +0.3551      +0.1261
     +0.0260      +0.0007
     +0.3888      +0.1512
     +0.8693      +0.7557
     +1.0042      +1.0084
     +0.0084      +0.0001
     +0.9622      +0.9257
     +0.8587      +0.7374
     +0.3889      +0.1512
     +0.2578      +0.0665
     +0.2217      +0.0492
     +2.0443      +4.1792
     +0.1656      +0.0274
     +0.1618      +0.0262
     +0.1996      +0.0398
     +0.3407      +0.1160
     +1.0813      +1.1691
     +0.0399      +0.0016
     +1.2344      +1.5238
     +0.1062      +0.0113
     +0.0265      +0.0007
     +1.2634      +1.5962
     +0.0041      +0.0000
     +1.1353      +1.2890
     +0.0881      +0.0078
     +0.1030      +0.0106
     +0.0013      +0.0000
     +0.6622      +0.4385
     +0.3635      +0.1321
     +1.3025      +1.6966
     +1.5203      +2.3112
     +0.1076      +0.0116
     +1.2838      +1.6481
     +0.0677      +0.0046
     +0.0579      +0.0033
     +0.0839      +0.0070
     +1.1596      +1.3447
     +0.2745      +0.0753
     +0.6393      +0.4086
     +0.2146      +0.0461
     +0.3975      +0.1580
     +0.0142      +0.0002
     +2.0130      +4.0523
     +0.0491      +0.0024
     +0.3152      +0.0994
     +1.7081      +2.9175
     +1.4543      +2.1150
     +0.4929      +0.2429
     +0.4244      +0.1801
     +0.0282      +0.0008
     +0.1345      +0.0181
     +0.4337      +0.1881
     +0.9272      +0.8598
     +0.2292      +0.0526
     +0.1233      +0.0152
     +0.3955      +0.1564
     +0.0331      +0.0011
     +0.0575      +0.0033
     +0.0916      +0.0084
     +0.6346      +0.4027
     +2.4845      +6.1727
     +0.1009      +0.0102
     +0.4230      +0.1789
     +0.3953      +0.1563
     +1.8783      +3.5280
     +0.1900      +0.0361
     +0.1014      +0.0103
     +0.2136      +0.0456
     +0.2434      +0.0593
     +0.4793      +0.2297
     +0.3833      +0.1469
     +0.5205      +0.2709
     +0.2784      +0.0775
     +0.1667      +0.0278
     +0.3690      +0.1362
     +0.5220      +0.2725
     +0.1581      +0.0250
     +0.0450      +0.0020
     +0.7997      +0.6396
     +0.5929      +0.3516
     +0.7459      +0.5564
     +1.0366      +1.0745
     +0.7725      +0.5968
     +0.0634      +0.0040
     +0.1614      +0.0261
     +0.8774      +0.7698
     +0.7039      +0.4955
     +0.3944      +0.1555
     +0.5656      +0.3199
     +0.1260      +0.0159
     +0.5317      +0.2827
     +0.4891      +0.2392
     +0.4652      +0.2164
     +0.0300      +0.0009
     +0.9287      +0.8624
     +0.5962      +0.3554
     +1.5337      +2.3523
     +0.3739      +0.1398
     +0.5146      +0.2648
     +0.0014      +0.0000
     +0.1566      +0.0245
     +0.2330      +0.0543
     +0.1503      +0.0226
     +0.4410      +0.1945
     +0.0798      +0.0064
     +0.8485      +0.7200
     +0.1988      +0.0395
     +0.1221      +0.0149
     +0.9650      +0.9312
     +0.0703      +0.0049
     +0.0405      +0.0016
     +0.6988      +0.4883
     +0.0632      +0.0040
     +1.9531      +3.8146
     +0.1537      +0.0236
     +1.0818      +1.1703
     +1.4520      +2.1083
     +0.1424      +0.0203
     +0.0334      +0.0011
     +0.0046      +0.0000
     +0.3199      +0.1023
     +0.3087      +0.0953
     +0.4302      +0.1851
     +0.8588      +0.7376
     +0.0689      +0.0048
     +0.1631      +0.0266
     +0.5661      +0.3204
     +1.5502      +2.4032
     +1.3147      +1.7284
     +0.7258      +0.5269
     +0.2428      +0.0589
     +1.7130      +2.9345
     +0.3830      +0.1467
     +0.4738      +0.2245
     +0.0566      +0.0032
     +0.0439      +0.0019
     +0.0840      +0.0071
     +1.3648      +1.8628
     +0.4054      +0.1644
     +0.2480      +0.0615
     +0.2259      +0.0510
     +0.4251      +0.1807
     +0.0234      +0.0005
     +0.0767      +0.0059
     +0.1793      +0.0322
     +0.7585      +0.5753
     +0.5382      +0.2897
     +0.6451      +0.4161
     +0.7751      +0.6007
     +0.0925      +0.0086
     +0.4572      +0.2090
     +0.0347      +0.0012
     +0.2907      +0.0845
     +0.2020      +0.0408
     +0.2697      +0.0727
     +0.5808      +0.3374
     +0.9759      +0.9523
     +0.5709      +0.3260
     +1.4986      +2.2459
     +0.1245      +0.0155
     +0.2652      +0.0703
     +0.4602      +0.2118
     +1.2613      +1.5908
     +0.1547      +0.0239
     +1.2992      +1.6880
     +0.0990      +0.0098
     +0.3549      +0.1260
     +0.3952      +0.1562
     +0.0918      +0.0084
     +0.1305      +0.0170
     +0.2064      +0.0426
     +0.0814      +0.0066
     +0.1169      +0.0137
     +0.0464      +0.0022
     +0.2477      +0.0614
     +2.3750      +5.6404
     +0.1388      +0.0193
     +0.2964      +0.0879
     +1.2332      +1.5207
     +0.1551      +0.0241
     +0.3078      +0.0947
     +0.9003      +0.8106
     +0.0048      +0.0000
     +0.2029      +0.0412
     +1.0602      +1.1241
     +0.2637      +0.0695
     +0.0112      +0.0001
     +0.1422      +0.0202
     +0.8702      +0.7573
     +0.4002      +0.1601
     +0.5309      +0.2819
     +0.4263      +0.1818
     +0.4196      +0.1761
     +0.1684      +0.0284
     +0.1586      +0.0252
     +0.0529      +0.0028
     +0.0106      +0.0001
     +0.5950      +0.3540
     +0.8135      +0.6617
     +0.2002      +0.0401
     +0.3643      +0.1327
     +0.2764      +0.0764
     +0.1596      +0.0255
     +2.6026      +6.7735
     +0.5624      +0.3163
     +0.0280      +0.0008
     +0.0908      +0.0083
     +0.0329      +0.0011
     +0.1591      +0.0253
     +0.3572      +0.1276
     +1.0238      +1.0481
     +1.3727      +1.8843
     +0.1932      +0.0373
     +0.0869      +0.0076
     +0.3083      +0.0950
     +1.2337      +1.5221
     +0.8454      +0.7146
     +0.0246      +0.0006
     +0.7721      +0.5961
     +0.0207      +0.0004
     +1.7542      +3.0772
     +0.2003      +0.0401
     +0.0923      +0.0085
     +0.3594      +0.1291
     +0.0375      +0.0014
     +0.5016      +0.2516
     +0.5047      +0.2547
     +0.0017      +0.0000
     +0.1238      +0.0153
     +1.5429      +2.3806
     +0.0266      +0.0007
     +1.1985      +1.4363
     +0.3660      +0.1340
     +0.0433      +0.0019
     +0.0439      +0.0019
     +0.0282      +0.0008
     +1.2994      +1.6884
     +0.2237      +0.0501
     +1.2532      +1.5705
     +1.4416      +2.0782
     +0.8020      +0.6431
     +0.1801      +0.0324
     +0.0395      +0.0016
     +0.3191      +0.1018
     +0.3215      +0.1034
     +0.5136      +0.2638
     +0.0948      +0.0090
     +0.3127      +0.0978
     +0.4248      +0.1805
     +0.1660      +0.0276
     +0.6869      +0.4718
     +0.9244      +0.8546
     +0.1422      +0.0202
     +0.1294      +0.0168
     +0.0013      +0.0000
     +0.2906      +0.0844
     +0.2735      +0.0748
     +0.2948      +0.0869
     +0.3500      +0.1225
     +0.1863      +0.0347
     +1.0920      +1.1924
     +0.5166      +0.2669
     +0.2180      +0.0475
     +0.5063      +0.2563
     +0.4446      +0.1977
     +0.6375      +0.4064
     +0.1770      +0.0313
     +0.3762      +0.1415
     +0.0244      +0.0006
     +0.0162      +0.0003
     +0.3428      +0.1175
     +0.9097      +0.8276
     +0.7906      +0.6250
     +0.2960      +0.0876
     +0.6569      +0.4316
     +0.2077      +0.0431
     +0.7036      +0.4950
     +1.0402      +1.0821
     +0.1893      +0.0358
     +0.7154      +0.5118
     +0.0487      +0.0024
     +1.2674      +1.6063
     +0.7719      +0.5958
     +0.0581      +0.0034
     +0.3658      +0.1338
     +0.1792      +0.0321
     +0.9137      +0.8349
     +0.5380      +0.2894
     +0.1081      +0.0117
     +0.0798      +0.0064
     +0.4580      +0.2098
     +0.0494      +0.0024
     +0.3352      +0.1124
     +0.6018      +0.3621
     +1.5519      +2.4083
     +0.1772      +0.0314
     +0.3153      +0.0994
     +0.4408      +0.1943
     +0.3836      +0.1472
     +0.0385      +0.0015
     +0.9307      +0.8662
     +0.1782      +0.0318
     +0.0332      +0.0011
     +0.5794      +0.3357
     +0.2233      +0.0499
     +0.4387      +0.1925
     +0.4193      +0.1758
     +0.2706      +0.0732
     +0.9105      +0.8290
     +0.5439      +0.2958
     +0.3132      +0.0981
     +0.7767      +0.6032
     +0.6473      +0.4190
     +0.4624      +0.2138
     +0.8768      +0.7688
     +0.5532      +0.3060
     +1.8445      +3.4021
     +0.8917      +0.7951
     +0.7534      +0.5677
     +0.4211      +0.1773
     +1.5074      +2.2722
     +0.1290      +0.0166
     +0.0942      +0.0089
     +1.1053      +1.2217
     +0.2572      +0.0661
     +0.4440      +0.1971
     +0.5232      +0.2737
     +0.4430      +0.1962
     +0.5357      +0.2870
     +1.0583      +1.1200
     +0.1735      +0.0301
     +0.1171      +0.0137
     +0.3481      +0.1211
     +0.0917      +0.0084
     +0.0810      +0.0066
     +0.3782      +0.1431
     +0.0408      +0.0017
     +0.4629      +0.2143
     +1.8120      +3.2834
     +0.6638      +0.4406
     +2.0988      +4.4051
     +1.5755      +2.4823
     +1.1578      +1.3404
     +0.1861      +0.0346
     +0.0919      +0.0084
     +1.0784      +1.1629
     +0.0608      +0.0037
     +0.0577      +0.0033
     +0.3543      +0.1255
     +0.1148      +0.0132
     +0.1054      +0.0111
     +0.2847      +0.0810
     +0.3451      +0.1191
     +0.7317      +0.5354
     +0.2516      +0.0633
     +3.0218      +9.1312
     +1.4029      +1.9682
     +0.2003      +0.0401
     +0.0357      +0.0013
     +0.3942      +0.1554
     +0.7018      +0.4926
     +0.3508      +0.1231
     +0.1374      +0.0189
     +0.2123      +0.0451
     +0.2685      +0.0721
     +0.8301      +0.6891
     +0.1466      +0.0215
     +0.0397      +0.0016
     +0.3092      +0.0956
     +0.2446      +0.0598
     +0.1649      +0.0272
     +0.2540      +0.0645
     +0.5370      +0.2883
     +0.6170      +0.3807
     +0.8753      +0.7662
     +0.2227      +0.0496
     +0.0860      +0.0074
     +0.5008      +0.2508
     +0.5384      +0.2899
     +0.6499      +0.4224
     +0.5307      +0.2816
     +0.0212      +0.0005
     +0.3556      +0.1265
     +0.0927      +0.0086
     +0.1145      +0.0131
     +0.2378      +0.0565
     +3.3826     +11.4419
     +0.2639      +0.0697
     +0.1577      +0.0249
     +2.2455      +5.0422
     +0.2020      +0.0408
     +1.9631      +3.8539
     +1.3099      +1.7159
     +0.0293      +0.0009
     +0.1114      +0.0124
     +0.1163      +0.0135
     +0.2877      +0.0828
     +0.4451      +0.1981
     +0.2951      +0.0871
     +0.1127      +0.0127
     +0.0709      +0.0050
     +0.2532      +0.0641
     +0.4683      +0.2193
     +0.0016      +0.0000
     +0.5568      +0.3100
     +0.4859      +0.2361
     +0.9573      +0.9163
     +2.3451      +5.4993
     +0.5068      +0.2569
     +0.0760      +0.0058
     +0.0435      +0.0019
     +0.7034      +0.4947
     +0.9431      +0.8894
     +0.0659      +0.0043
     +1.2259      +1.5027
     +0.1335      +0.0178
     +0.0831      +0.0069
     +0.3488      +0.1217
     +0.3479      +0.1210
     +0.6685      +0.4470
     +0.8162      +0.6661
     +0.9978      +0.9956
     +0.4030      +0.1624
     +0.7997      +0.6395
     +0.4494      +0.2019
     +0.0945      +0.0089
     +0.2650      +0.0702
     +0.0523      +0.0027
     +0.2395      +0.0573
     +0.0131      +0.0002
     +1.4854      +2.2063
     +0.0478      +0.0023
     +0.2079      +0.0432
     +0.2168      +0.0470
     +0.3667      +0.1345
     +0.2324      +0.0540
     +0.2711      +0.0735
     +1.5024      +2.2572
     +0.0737      +0.0054
     +0.0702      +0.0049
     +0.0279      +0.0008
     +0.6958      +0.4841
     +0.0106      +0.0001
     +0.5600      +0.3136
     +0.5868      +0.3444
     +1.3251      +1.7559
     +0.3852      +0.1484
     +0.8076      +0.6522
     +0.6341      +0.4021
     +0.4741      +0.2247
     +1.2418      +1.5422
     +0.2788      +0.0777
     +0.9261      +0.8577
     +0.3911      +0.1529
     +0.2306      +0.0532
     +0.4283      +0.1834
     +0.1434      +0.0206
     +0.4533      +0.2055
     +0.2282      +0.0521
     +0.8694      +0.7559
     +1.8244      +3.3285
     +0.0590      +0.0035
     +0.1357      +0.0184
     +0.7604      +0.5782
     +1.5895      +2.5264
     +0.2155      +0.0464
     +0.1798      +0.0323
     +0.7130      +0.5083
     +0.7343      +0.5392
     +0.1074      +0.0115
     +0.2452      +0.0601
     +0.1801      +0.0324
     +0.2669      +0.0712
     +0.2734      +0.0748
     +0.3476      +0.1208
     +0.4526      +0.2049
     +0.8079      +0.6527
     +0.0094      +0.0001
     +0.1118      +0.0125
     +0.3168      +0.1004
     +2.0502      +4.2032
     +0.0297      +0.0009
     +0.4279      +0.1831
     +0.4349      +0.1891
     +0.0553      +0.0031
     +0.1736      +0.0301
     +0.0041      +0.0000
     +0.5515      +0.3041
     +0.2371      +0.0562
     +0.1257      +0.0158
     +0.1877      +0.0352
     +0.8047      +0.6476
     +0.2180      +0.0475
     +1.2693      +1.6111
     +0.8026      +0.6442
     +0.1590      +0.0253
     +0.0437      +0.0019
     +0.8289      +0.6871
     +0.0366      +0.0013
     +0.3209      +0.1029
     +0.7295      +0.5321
     +0.2839      +0.0806
     +0.1152      +0.0133
     +0.1101      +0.0121
     +0.2376      +0.0565
     +0.5630      +0.3170
     +0.2017      +0.0407
     +0.4869      +0.2371
     +0.1376      +0.0189
     +0.5626      +0.3165
     +0.2537      +0.0644
     +1.1151      +1.2435
     +0.2140      +0.0458
     +0.4454      +0.1984
     +0.5342      +0.2854
     +0.0731      +0.0054
     +0.2151      +0.0463
     +2.8851      +8.3236
     +0.5067      +0.2567
     +0.2580      +0.0666
     +0.1892      +0.0358
     +3.8286     +14.6581
     +0.1899      +0.0361
     +2.0773      +4.3154
     +0.1116      +0.0125
     +0.2936      +0.0862
     +1.4005      +1.9613
     +0.3466      +0.1201
     +1.6052      +2.5767
     +0.4579      +0.2097
     +0.2662      +0.0708
     +0.3716      +0.1381
     +0.8278      +0.6853
     +0.4055      +0.1644
     +0.3622      +0.1312
     +1.1090      +1.2299
     +0.4795      +0.2299
     +0.8535      +0.7285
     +0.1770      +0.0313
     +0.2099      +0.0441
     +0.1772      +0.0314
     +0.3186      +0.1015
     +0.2617      +0.0685
     +2.6948      +7.2618
     +0.5421      +0.2939
     +0.7628      +0.5819
     +0.1566      +0.0245
     +0.1108      +0.0123
     +0.2791      +0.0779
     +0.6485      +0.4206
     +0.4888      +0.2389
     +0.4970      +0.2470
     +0.8535      +0.7285
     +1.7401      +3.0279
     +0.9732      +0.9471
     +0.1617      +0.0261
     +0.1219      +0.0149
     +0.3924      +0.1540
     +0.5291      +0.2800
     +0.4142      +0.1715
     +0.6976      +0.4866
     +0.1445      +0.0209
     +0.3457      +0.1195
     +0.3801      +0.1445
     +0.5224      +0.2729
     +0.0432      +0.0019
     +0.0070      +0.0000
     +0.3110      +0.0967
     +0.8118      +0.6590
     +0.2504      +0.0627
     +0.1049      +0.0110
     +0.0539      +0.0029
     +0.1638      +0.0268
     +0.0489      +0.0024
     +0.0185      +0.0003
     +0.4450      +0.1980
     +0.1330      +0.0177
     +0.8572      +0.7349
     +0.1989      +0.0395
     +1.7134      +2.9356
     +0.3904      +0.1524
     +0.2215      +0.0490
     +0.1384      +0.0192
     +0.6061      +0.3673
     +0.8579      +0.7360
     +0.2804      +0.0786
     +0.3384      +0.1145
     +0.5692      +0.3239
     +2.4415      +5.9609
     +0.3333      +0.1111
     +0.2570      +0.0661
     +0.5379      +0.2893
     +0.9594      +0.9205
     +0.2530      +0.0640
     +0.0980      +0.0096
     +0.4045      +0.1636
     +0.4982      +0.2482
     +0.1169      +0.0137
     +0.0099      +0.0001
     +1.0332      +1.0675
     +0.2374      +0.0564
     +0.3648      +0.1330
     +0.1104      +0.0122
     +0.4307      +0.1855
     +0.2390      +0.0571
     +1.4459      +2.0906
     +0.6125      +0.3752
     +0.1309      +0.0171
     +0.0141      +0.0002
     +0.7675      +0.5890
     +0.9558      +0.9135
     +0.4341      +0.1884
     +0.7874      +0.6200
     +1.0818      +1.1702
     +0.8823      +0.7784
     +0.5997      +0.3597
     +1.2272      +1.5061
     +0.0346      +0.0012
     +0.9408      +0.8852
     +0.2055      +0.0422
     +0.3560      +0.1268
     +0.5409      +0.2926
     +0.0926      +0.0086
     +0.0026      +0.0000
     +0.4396      +0.1933
     +0.7087      +0.5022
     +0.9219      +0.8499
     +0.9440      +0.8911
     +1.2798      +1.6379
     +0.2207      +0.0487
     +0.0324      +0.0010
     +0.0436      +0.0019
     +0.9075      +0.8236
     +0.3190      +0.1018
     +0.2381      +0.0567
     +0.7166      +0.5135
     +0.4427      +0.1960
     +0.1353      +0.0183
     +0.0901      +0.0081
     +1.1844      +1.4028
     +2.0854      +4.3491
     +0.3132      +0.0981
     +0.1638      +0.0268
     +0.3702      +0.1370
     +0.3864      +0.1493
     +0.0268      +0.0007
     +0.8775      +0.7699
     +0.3154      +0.0995
     +0.7710      +0.5944
     +1.1564      +1.3373
     +0.2860      +0.0818
     +0.4867      +0.2369
     +1.4108      +1.9904
     +0.1684      +0.0284
     +0.7781      +0.6054
     +0.2952      +0.0872
     +0.4294      +0.1844
     +0.2972      +0.0884
     +0.0182      +0.0003
     +0.3816      +0.1456
     +0.4099      +0.1681
     +1.2185      +1.4846
     +1.0240      +1.0485
     +1.5266      +2.3304
     +0.6645      +0.4415
     +1.3796      +1.9033
     +0.7508      +0.5638
     +0.2313      +0.0535
     +0.1144      +0.0131
     +1.3655      +1.8647
     +0.7003      +0.4904
     +0.0114      +0.0001
     +0.0863      +0.0074
     +1.0756      +1.1569
     +0.4585      +0.2102
     +0.6920      +0.4789
     +0.1370      +0.0188
     +0.0308      +0.0009
     +0.2921      +0.0853
     +1.1111      +1.2346
     +0.2418      +0.0584
     +1.0586      +1.1206
     +2.1963      +4.8238
     +0.4021      +0.1617
     +1.0646      +1.1334
     +0.7024      +0.4933
     +0.6146      +0.3778
     +0.7111      +0.5056
     +0.2852      +0.0813
     +1.2075      +1.4580
     +0.3037      +0.0922
     +1.2142      +1.4743
     +0.1155      +0.0133
     +0.5785      +0.3346
     +0.2941      +0.0865
     +1.1932      +1.4237
     +1.1326      +1.2827
     +0.7735      +0.5982
     +0.0580      +0.0034
     +0.2181      +0.0476
     +0.5964      +0.3557
     +0.6790      +0.4611
     +0.1370      +0.0188
     +0.0549      +0.0030
     +0.2519      +0.0635
     +0.6494      +0.4217
     +0.2229      +0.0497
     +0.1850      +0.0342
     +0.0073      +0.0001
     +0.2944      +0.0866
     +0.5333      +0.2844
     +0.1289      +0.0166
     +0.1266      +0.0160
     +0.3333      +0.1111
     +0.0987      +0.0097
     +0.0879      +0.0077
     +1.2431      +1.5454
     +0.1962      +0.0385
     +3.3392     +11.1504
     +1.3866      +1.9226
     +0.0479      +0.0023
     +0.6955      +0.4837
     +0.0029      +0.0000
     +0.3762      +0.1415
     +0.2030      +0.0412
     +0.3516      +0.1236
     +0.3905      +0.1525
     +0.2629      +0.0691
     +0.1109      +0.0123
     +0.0495      +0.0025
     +0.4223      +0.1783
     +0.5636      +0.3176
     +0.2891      +0.0836
     +0.2803      +0.0786
     +0.0411      +0.0017
     +0.7604      +0.5783
     +0.0646      +0.0042
     +0.1546      +0.0239
     +0.2707      +0.0733
     +0.0875      +0.0077
     +0.9378      +0.8795
     +1.3661      +1.8661
     +0.6001      +0.3601
     +1.1200      +1.2544
     +1.2041      +1.4498
     +0.9360      +0.8761
     +0.9708      +0.9424
     +0.2529      +0.0640
     +0.4235      +0.1794
     +1.2383      +1.5335
     +0.2747      +0.0755
     +0.2278      +0.0519
     +0.0953      +0.0091
     +0.3210      +0.1030
     +0.6474      +0.4191
     +0.0083      +0.0001
     +0.3421      +0.1170
     +0.6663      +0.4439
     +0.3188      +0.1016
     +0.2609      +0.0681
     +0.5911      +0.3494
     +0.8343      +0.6960
     +1.7811      +3.1724
     +0.2910      +0.0847
     +0.5123      +0.2625
     +0.5398      +0.2914
     +2.3829      +5.6781
     +0.1936      +0.0375
     +0.3774      +0.1424
     +0.6682      +0.4465
     +0.0276      +0.0008
     +1.1940      +1.4256
     +0.4445      +0.1976
     +0.7910      +0.6257
     +0.3276      +0.1073
     +0.2625      +0.0689
     +0.8936      +0.7986
     +0.2483      +0.0616
     +0.1488      +0.0221
     +0.3399      +0.1155
     +0.3744      +0.1402
     +0.2149      +0.0462
     +1.7520      +3.0695
     +1.5737      +2.4765
     +0.2775      +0.0770
     +1.0958      +1.2008
     +0.5348      +0.2860
     +1.4728      +2.1691
     +1.1276      +1.2716
     +0.2146      +0.0460
     +0.1056      +0.0112
     +0.4390      +0.1928
     +1.7425      +3.0364
     +0.1512      +0.0229
     +0.7134      +0.5090
     +0.0903      +0.0082
     +1.0131      +1.0263
     +0.6321      +0.3996
     +0.1690      +0.0286
     +0.3132      +0.0981
     +0.3588      +0.1287
     +0.4786      +0.2290
     +0.4235      +0.1793
     +2.0953      +4.3904
     +0.3395      +0.1153
     +0.1187      +0.0141
     +0.4954      +0.2454
     +1.4407      +2.0757
     +0.1588      +0.0252
     +0.2627      +0.0690
     +0.1029      +0.0106
     +0.0173      +0.0003
     +0.4656      +0.2168
     +1.0649      +1.1341
     +0.1352      +0.0183
     +0.0161      +0.0003
     +1.8699      +3.4967
     +0.0170      +0.0003
     +0.5448      +0.2968
     +0.1357      +0.0184
     +0.3819      +0.1458
     +0.5909      +0.3492
     +1.0019      +1.0038
     +0.5781      +0.3342
     +0.0120      +0.0001
     +0.2212      +0.0489
     +0.0211      +0.0004
     +0.4768      +0.2274
     +0.9101      +0.8284
     +0.2929      +0.0858
     +0.4502      +0.2027
     +0.0396      +0.0016
     +0.7939      +0.6303
     +0.5605      +0.3141
     +0.1155      +0.0133
     +0.0623      +0.0039
     +0.4607      +0.2122
     +0.0435      +0.0019
     +0.2286      +0.0523
     +0.2053      +0.0422
     +0.6198      +0.3841
     +0.9827      +0.9657
     +0.2453      +0.0602
     +0.5640      +0.3181
     +0.1298      +0.0169
     +0.3352      +0.1123
     +0.2396      +0.0574
     +0.4809      +0.2313
     +1.3069      +1.7080
     +0.3858      +0.1489
     +0.3946      +0.1557
     +0.1186      +0.0141
     +0.1800      +0.0324
     +0.1115      +0.0124
     +0.7559      +0.5714
     +0.1652      +0.0273
     +0.2296      +0.0527
     +0.1951      +0.0381
     +0.3360      +0.1129
     +0.2292      +0.0526
     +0.2360      +0.0557
     +0.1294      +0.0168
     +0.4794      +0.2298
     +0.1703      +0.0290
     +0.2950      +0.0871
     +0.3016      +0.0910
     +0.1143      +0.0131
     +0.1659      +0.0275
     +1.4119      +1.9936
     +0.0807      +0.0065
     +0.4146      +0.1719
     +0.3407      +0.1161
     +0.5267      +0.2774
     +1.1725      +1.3748
     +0.1932      +0.0373
     +0.1501      +0.0225
     +0.5639      +0.3180
     +0.0107      +0.0001
     +0.5695      +0.3243
     +0.0867      +0.0075
     +0.1715      +0.0294
     +1.6896      +2.8547
     +0.8771      +0.7693
     +0.2223      +0.0494
     +0.3190      +0.1018
     +0.3611      +0.1304
     +0.1576      +0.0248
     +0.5990      +0.3589
     +0.7695      +0.5922
     +0.0894      +0.0080
     +0.0610      +0.0037
     +0.0946      +0.0089
     +1.0976      +1.2048
     +0.1955      +0.0382
     +0.4087      +0.1670
     +0.2956      +0.0874
     +0.2744      +0.0753
     +0.0016      +0.0000
     +0.2358      +0.0556
     +0.0999      +0.0100
     +0.4308      +0.1856
     +0.0095      +0.0001
     +0.4436      +0.1968
     +0.0139      +0.0002
     +0.2967      +0.0880
     +0.0856      +0.0073
     +0.0116      +0.0001
     +0.3369      +0.1135
     +1.4885      +2.2158
     +0.6887      +0.4743
     +0.7042      +0.4959
     +0.4845      +0.2347
     +0.0418      +0.0017
     +0.4197      +0.1762
     +0.4752      +0.2259
     +0.1738      +0.0302
     +0.6011      +0.3613
     +0.2306      +0.0532
     +0.0989      +0.0098
     +0.4346      +0.1889
     +0.5445      +0.2965
     +0.2085      +0.0435
     +0.5627      +0.3166
     +0.0406      +0.0016
     +3.0540      +9.3269
     +0.2952      +0.0872
     +1.1786      +1.3890
     +0.6209      +0.3855
     +0.2355      +0.0554
     +0.3557      +0.1265
     +0.4755      +0.2261
     +0.6573      +0.4321
     +0.1516      +0.0230
     +0.0114      +0.0001
     +0.1030      +0.0106
     +0.8771      +0.7692
     +0.2076      +0.0431
     +0.0371      +0.0014
     +1.2525      +1.5688
     +0.0667      +0.0044
     +0.2951      +0.0871
     +0.1206      +0.0145
     +0.1141      +0.0130
     +0.7203      +0.5189
     +2.2492      +5.0589
     +0.4372      +0.1911
     +0.1396      +0.0195
     +0.7859      +0.6176
     +0.0489      +0.0024
     +1.0093      +1.0186
     +0.1274      +0.0162
     +0.2836      +0.0804
     +0.3225      +0.1040
     +1.5324      +2.3483
     +0.6212      +0.3859
     +0.4646      +0.2158
     +0.8659      +0.7497
     +0.2297      +0.0528
     +0.6523      +0.4255
     +0.7305      +0.5336
     +1.2825      +1.6447
     +0.4227      +0.1787
     +0.1948      +0.0379
     +0.8800      +0.7744
     +0.3958      +0.1567
     +0.0169      +0.0003
     +0.2990      +0.0894
     +0.0817      +0.0067
     +0.0115      +0.0001
     +1.0736      +1.1527
     +0.7440      +0.5535
     +0.2955      +0.0873
     +0.0311      +0.0010
     +0.5008      +0.2508
     +0.2164      +0.0468
     +0.2734      +0.0748
     +0.2369      +0.0561
     +0.1335      +0.0178
     +0.2699      +0.0728
     +0.1689      +0.0285
     +0.5490      +0.3014
     +0.4234      +0.1793
     +0.5166      +0.2669
     +0.8007      +0.6411
     +1.8316      +3.3547
     +0.6075      +0.3691
     +0.2949      +0.0870
     +0.2755      +0.0759
     +0.0207      +0.0004
     +0.4273      +0.1825
     +0.2329      +0.0543
     +0.4266      +0.1820
     +0.0431      +0.0019
     +0.9379      +0.8796
     +0.1142      +0.0130
     +0.0668      +0.0045
     +0.1223      +0.0150
     +0.1513      +0.0229
     +0.1995      +0.0398
     +0.3711      +0.1377
     +0.3507      +0.1230
     +0.1694      +0.0287
     +0.2686      +0.0721
     +0.0104      +0.0001
     +1.3274      +1.7619
     +0.3959      +0.1567
     +0.8831      +0.7799
     +0.2494      +0.0622
     +1.2490      +1.5600
     +0.2320      +0.0538
     +0.1316      +0.0173
     +0.4889      +0.2390
     +0.4642      +0.2155
     +0.0565      +0.0032
     +0.4576      +0.2094
     +0.2012      +0.0405
     +0.1012      +0.0102
     +1.0335      +1.0682
     +0.2013      +0.0405
     +0.0411      +0.0017
     +0.4948      +0.2448
     +0.0545      +0.0030
     +0.9002      +0.8103
     +0.5789      +0.3351
     +0.0480      +0.0023
     +0.7827      +0.6126
     +0.2941      +0.0865
     +0.0068      +0.0000
     +1.0473      +1.0969
     +0.8643      +0.7470
     +0.0841      +0.0071
     +0.7387      +0.5457
     +0.4390      +0.1928
     +0.2441      +0.0596
     +0.0754      +0.0057
     +0.4114      +0.1692
     +0.3518      +0.1238
     +0.1147      +0.0131
     +0.1363      +0.0186
     +1.7888      +3.1998
     +0.0601      +0.0036
     +0.0136      +0.0002
     +1.1390      +1.2972
     +0.0418      +0.0018
     +0.9860      +0.9721
     +2.9871      +8.9228
     +0.1278      +0.0163
     +0.6741      +0.4544
     +0.2228      +0.0496
     +1.0789      +1.1639
     +0.0002      +0.0000
     +0.7398      +0.5473
     +0.2161      +0.0467
     +0.9521      +0.9066
     +0.2759      +0.0761
     +1.4021      +1.9659
     +1.1143      +1.2417
     +0.1996      +0.0398
     +0.0522      +0.0027
     +0.1327      +0.0176
     +0.1755      +0.0308
     +0.3155      +0.0995
     +0.4799      +0.2303
     +1.9259      +3.7091
     +0.7968      +0.6349
     +0.1104      +0.0122
     +1.2786      +1.6347
     +0.9258      +0.8571
     +0.5933      +0.3520
     +0.1669      +0.0279
     +0.1522      +0.0232
     +0.5724      +0.3276
     +0.1791      +0.0321
     +0.1035      +0.0107
     +0.3975      +0.1580
     +0.9557      +0.9133
     +0.1399      +0.0196
     +0.3943      +0.1555
     +0.7269      +0.5284
     +0.2976      +0.0885
     +0.0660      +0.0044
     +0.2788      +0.0778
     +0.4952      +0.2452
     +0.6062      +0.3674
     +0.2059      +0.0424
     +0.9713      +0.9435
     +0.0513      +0.0026
     +0.6478      +0.4196
     +0.0384      +0.0015
     +0.0295      +0.0009
     +0.5969      +0.3563
     +0.7310      +0.5344
     +0.1263      +0.0159
     +0.7189      +0.5168
     +0.2571      +0.0661
     +0.7673      +0.5888
     +0.0040      +0.0000
     +1.2105      +1.4654
     +1.4087      +1.9845
     +0.0916      +0.0084
     +0.3431      +0.1177
     +1.2515      +1.5663
     +0.6471      +0.4188
     +0.0336      +0.0011
     +0.2813      +0.0791
     +0.3565      +0.1271
     +0.5854      +0.3427
     +0.6244      +0.3899
     +0.4467      +0.1995
     +1.3137      +1.7257
     +0.5613      +0.3151
     +1.0947      +1.1984
     +0.2230      +0.0497
     +0.2095      +0.0439
     +0.8862      +0.7854
     +0.0848      +0.0072
     +0.6782      +0.4599
     +0.1085      +0.0118
     +0.0773      +0.0060
     +0.0481      +0.0023
     +0.0564      +0.0032
     +1.1699      +1.3687
     +1.9159      +3.6705
     +1.8032      +3.2515
     +0.1084      +0.0118
     +0.3690      +0.1361
     +0.1704      +0.0290
     +0.1567      +0.0245
     +0.2307      +0.0532
     +0.6562      +0.4306
     +0.6492      +0.4214
     +0.0212      +0.0005
     +1.1479      +1.3177
     +0.1941      +0.0377
     +1.1055      +1.2222
     +0.9486      +0.8999
     +0.3435      +0.1180
     +1.5309      +2.3437
     +0.0265      +0.0007
     +0.0711      +0.0051
     +0.0541      +0.0029
     +0.4031      +0.1625
     +0.2795      +0.0781
     +0.1898      +0.0360
     +0.8549      +0.7308
     +0.3309      +0.1095
     +0.9634      +0.9282
     +0.1492      +0.0223
     +0.5393      +0.2908
     +0.1184      +0.0140
     +0.0403      +0.0016
     +0.6162      +0.3798
     +1.9733      +3.8938
     +0.4937      +0.2437
     +0.7695      +0.5921
     +0.2960      +0.0876
     +0.2786      +0.0776
     +1.3962      +1.9493
     +0.1742      +0.0304
     +0.3813      +0.1454
     +0.0303      +0.0009
     +0.3605      +0.1299
     +0.0975      +0.0095
     +1.2101      +1.4643
     +0.2200      +0.0484
     +0.4818      +0.2322
     +0.5904      +0.3486
     +0.0084      +0.0001
     +1.3692      +1.8748
     +1.2627      +1.5943
     +0.3845      +0.1478
     +0.7344      +0.5394
     +0.4796      +0.2301
     +0.7695      +0.5921
     +0.9804      +0.9612
     +0.0082      +0.0001
     +0.8436      +0.7116
     +1.4483      +2.0976
     +0.1638      +0.0268
     +0.2302      +0.0530
     +1.0096      +1.0193
     +0.5979      +0.3575
     +0.0468      +0.0022
     +0.0199      +0.0004
     +0.1304      +0.0170
     +0.0566      +0.0032
     +0.0833      +0.0069
     +0.4835      +0.2338
     +0.3645      +0.1328
     +0.0625      +0.0039
     +1.0084      +1.0169
     +0.0284      +0.0008
     +1.9360      +3.7479
     +0.2732      +0.0746
     +1.1139      +1.2408
     +0.7192      +0.5172
     +0.0296      +0.0009
     +0.1140      +0.0130
     +0.5898      +0.3478
     +0.2799      +0.0783
     +0.1739      +0.0302
     +1.0972      +1.2040
     +0.3802      +0.1445
     +1.0523      +1.1074
     +0.4200      +0.1764
     +0.0789      +0.0062
     +1.7441      +3.0419
     +1.4421      +2.0796
     +0.3690      +0.1362
     +0.1112      +0.0124
     +0.2662      +0.0709
     +1.2573      +1.5808
     +1.3481      +1.8175
     +0.4171      +0.1740
     +0.4181      +0.1748
     +0.2214      +0.0490
     +0.3782      +0.1430
     +0.6258      +0.3916
     +0.0642      +0.0041
     +0.0080      +0.0001
     +0.4019      +0.1615
     +0.0920      +0.0085
     +0.5581      +0.3115
     +0.9160      +0.8391
     +1.5874      +2.5199
     +0.0019      +0.0000
     +0.2732      +0.0747
     +0.3255      +0.1059
     +1.8303      +3.3498
     +0.1015      +0.0103
     +0.7874      +0.6201
     +0.7530      +0.5671
     +0.1445      +0.0209
     +0.1434      +0.0206
     +0.3121      +0.0974
     +0.2057      +0.0423
     +0.2360      +0.0557
     +0.8581      +0.7364
     +0.2795      +0.0781
     +0.1121      +0.0126
     +0.0988      +0.0098
     +0.0528      +0.0028
     +1.5503      +2.4035
     +0.4441      +0.1972
     +0.5307      +0.2817
     +0.0460      +0.0021
     +0.3319      +0.1102
     +1.2903      +1.6649
     +1.5380      +2.3656
     +0.4858      +0.2360
     +0.0130      +0.0002
     +0.6678      +0.4460
     +1.2159      +1.4785
     +0.3335      +0.1112
     +0.2214      +0.0490
     +0.2011      +0.0404
     +0.0541      +0.0029
     +0.3107      +0.0966
     +2.0046      +4.0185
     +0.1577      +0.0249
     +2.1237      +4.5101
     +1.4889      +2.2168
     +0.6415      +0.4115
     +0.2338      +0.0547
     +0.9151      +0.8374
     +0.1122      +0.0126
     +0.2593      +0.0673
     +1.2216      +1.4923
     +0.0398      +0.0016
     +0.0553      +0.0031
     +0.4010      +0.1608
     +0.5974      +0.3568
     +0.6384      +0.4076
     +0.0120      +0.0001
     +0.0795      +0.0063
     +0.3327      +0.1107
     +0.0979      +0.0096
     +0.3263      +0.1065
     +0.0189      +0.0004
     +0.3380      +0.1143
     +0.1328      +0.0176
     +0.4422      +0.1956
     +1.0847      +1.1767
     +0.5686      +0.3233
     +0.1152      +0.0133
     +0.2511      +0.0631
     +0.2133      +0.0455
     +0.0862      +0.0074
     +0.3198      +0.1023
     +0.1223      +0.0150
     +0.5019      +0.2519
     +0.0007      +0.0000
     +0.9076      +0.8238
     +0.9682      +0.9374
     +0.1384      +0.0191
     +0.0108      +0.0001
     +0.2433      +0.0592
     +1.8875      +3.5625
     +0.2569      +0.0660
     +0.1601      +0.0256
     +0.5188      +0.2691
     +0.1419      +0.0201
     +0.1372      +0.0188
     +0.4624      +0.2138
     +0.0818      +0.0067
     +0.3005      +0.0903
     +0.3373      +0.1137
     +0.2289      +0.0524
     +1.1250      +1.2657
     +0.3194      +0.1020
     +1.3555      +1.8374
     +0.0909      +0.0083
     +0.2072      +0.0429
     +0.8477      +0.7187
     +0.7295      +0.5322
     +0.1370      +0.0188
     +1.4426      +2.0810
     +0.2077      +0.0432
     +0.4111      +0.1690
     +0.3228      +0.1042
     +0.1167      +0.0136
     +0.0856      +0.0073
     +0.5514      +0.3040
     +0.4992      +0.2492
     +0.3843      +0.1477
     +0.5384      +0.2899
     +0.5588      +0.3122
     +0.1106      +0.0122
     +0.8379      +0.7021
     +1.1316      +1.2806
     +1.5451      +2.3873
     +0.3989      +0.1592
     +0.0735      +0.0054
     +0.6744      +0.4548
     +0.1762      +0.0311
     +0.9365      +0.8770
     +2.9956      +8.9734
     +0.5608      +0.3145
     +0.5672      +0.3217
     +0.0392      +0.0015
     +0.1926      +0.0371
     +0.0239      +0.0006
     +0.4956      +0.2457
     +2.1402      +4.5804
     +0.1956      +0.0382
     +0.0891      +0.0079
     +0.3646      +0.1329
     +0.1308      +0.0171
     +0.2252      +0.0507
     +0.2197      +0.0483
     +0.6316      +0.3989
     +0.6689      +0.4474
     +0.6607      +0.4365
     +0.9789      +0.9582
     +0.2941      +0.0865
     +0.1017      +0.0103
     +0.0307      +0.0009
     +0.3843      +0.1477
     +0.3792      +0.1438
     +1.8063      +3.2626
     +0.0892      +0.0080
     +0.5349      +0.2861
     +0.6328      +0.4005
     +1.0575      +1.1184
     +0.5132      +0.2634
     +0.2248      +0.0505
     +0.2018      +0.0407
     +1.0641      +1.1322
     +0.3435      +0.1180
     +0.1956      +0.0383
     +0.0236      +0.0006
     +0.0809      +0.0065
     +0.0478      +0.0023
     +0.9982      +0.9964
     +0.1658      +0.0275
     +0.1079      +0.0116
     +0.4635      +0.2148
     +0.4714      +0.2222
     +0.3599      +0.1296
     +1.3724      +1.8834
     +0.1455      +0.0212
     +0.3196      +0.1022
     +0.3062      +0.0937
     +0.1326      +0.0176
     +0.2211      +0.0489
     +0.2876      +0.0827
     +0.0092      +0.0001
     +0.0489      +0.0024
     +0.7043      +0.4961
     +0.5960      +0.3552
     +0.0404      +0.0016
     +0.4411      +0.1946
     +1.1666      +1.3609
     +0.3608      +0.1302
     +0.6665      +0.4442
     +0.1673      +0.0280
     +1.1183      +1.2506
     +0.3882      +0.1507
     +0.0172      +0.0003
     +0.3306      +0.1093
     +0.6688      +0.4473
     +0.3998      +0.1598
     +0.2310      +0.0533
     +1.1771      +1.3856
     +1.6176      +2.6165
     +0.0135      +0.0002
     +0.0000      +0.0000
     +0.9183      +0.8433
     +0.4498      +0.2023
     +0.2433      +0.0592
     +2.2663      +5.1363
     +0.6537      +0.4273
     +0.2978      +0.0887
     +0.1681      +0.0283
     +0.5461      +0.2983
     +0.8224      +0.6763
     +0.6537      +0.4274
     +0.2618      +0.0685
     +0.6965      +0.4851
     +0.5077      +0.2578
     +0.1184      +0.0140
     +0.1161      +0.0135
     +0.0704      +0.0050
     +0.9381      +0.8800
     +0.4271      +0.1824
     +0.3092      +0.0956
     +0.0668      +0.0045
     +0.6180      +0.3820
     +0.3210      +0.1031
     +0.4021      +0.1616
     +0.0669      +0.0045
     +0.2765      +0.0765
     +0.0125      +0.0002
     +1.1019      +1.2142
     +0.1945      +0.0378
     +0.5285      +0.2793
     +0.2199      +0.0484
     +0.6522      +0.4254
     +0.8376      +0.7016
     +0.6073      +0.3688
     +0.9040      +0.8172
     +0.2713      +0.0736
     +0.5468      +0.2990
     +0.0526      +0.0028
     +0.0273      +0.0007
     +1.6599      +2.7554
     +0.0017      +0.0000
     +1.7549      +3.0795
     +0.6472      +0.4189
     +0.8530      +0.7276
     +0.1330      +0.0177
     +0.1915      +0.0367
     +0.5047      +0.2547
     +1.1211      +1.2568
     +0.6970      +0.4857
     +2.0296      +4.1194
     +0.8321      +0.6924
     +0.7743      +0.5996
     +0.1208      +0.0146
     +0.8231      +0.6775
     +1.6127      +2.6009
     +0.5030      +0.2530
     +0.0407      +0.0017
     +0.2519      +0.0635
     +0.0249      +0.0006
     +0.0341      +0.0012
     +0.1614      +0.0261
     +1.8697      +3.4957
     +0.5251      +0.2758
     +0.0031      +0.0000
     +0.2927      +0.0857
     +1.7183      +2.9524
     +1.1204      +1.2552
     +0.4343      +0.1886
     +0.1561      +0.0244
     +0.0001      +0.0000
     +1.1858      +1.4061
     +0.6872      +0.4722
     +0.3851      +0.1483
     +0.7141      +0.5100
     +0.4284      +0.1835
     +0.4278      +0.1830
     +0.1607      +0.0258
     +0.1629      +0.0265
     +0.2209      +0.0488
     +0.2119      +0.0449
     +0.1755      +0.0308
     +0.4190      +0.1755
     +0.3857      +0.1488
     +1.2756      +1.6271
     +0.4699      +0.2208
     +0.3755      +0.1410
     +0.4981      +0.2481
     +0.6189      +0.3830
     +0.0425      +0.0018
     +0.1655      +0.0274
     +0.0092      +0.0001
     +0.3453      +0.1192
     +0.0479      +0.0023
     +0.4612      +0.2127
     +0.5440      +0.2959
     +0.0280      +0.0008
     +0.1147      +0.0131
     +0.0271      +0.0007
     +0.0125      +0.0002
     +0.5358      +0.2871
     +0.7608      +0.5788
     +0.2271      +0.0516
     +0.1603      +0.0257
     +0.6372      +0.4061
     +0.4396      +0.1933
     +0.6343      +0.4024
     +0.9578      +0.9175
     +0.0405      +0.0016
     +0.9727      +0.9461
     +1.1068      +1.2251
     +0.6167      +0.3804
     +0.2856      +0.0816
     +0.0736      +0.0054
     +0.1122      +0.0126
     +0.1810      +0.0328
     +0.6641      +0.4410
     +1.0098      +1.0198
     +0.7769      +0.6036
     +1.9270      +3.7135
     +0.0696      +0.0048
     +0.8914      +0.7945
     +0.2490      +0.0620
     +0.3663      +0.1342
     +0.1415      +0.0200
     +0.1798      +0.0323
     +0.4949      +0.2449
     +0.9226      +0.8512
     +0.0187      +0.0003
     +2.4921      +6.2105
     +0.0956      +0.0091
     +0.2261      +0.0511
     +0.4420      +0.1954
     +0.0364      +0.0013
     +0.1517      +0.0230
     +0.6586      +0.4338
     +0.2813      +0.0792
     +0.3188      +0.1016
     +0.5734      +0.3288
     +0.3214      +0.1033
     +0.2530      +0.0640
     +0.3582      +0.1283
     +1.1569      +1.3385
     +0.1062      +0.0113
     +1.1729      +1.3756
     +0.2570      +0.0660
     +0.1811      +0.0328
     +0.9839      +0.9680
     +0.4973      +0.2473
     +0.0793      +0.0063
     +0.2663      +0.0709
     +0.3019      +0.0912
     +0.1071      +0.0115
     +0.2253      +0.0508
     +0.8617      +0.7426
     +0.5111      +0.2613
     +0.0644      +0.0041
     +0.5729      +0.3283
     +0.3526      +0.1243
     +0.0516      +0.0027
     +0.1037      +0.0107
     +0.0526      +0.0028
     +1.4424      +2.0806
     +0.7960      +0.6336
     +0.7985      +0.6376
     +0.1811      +0.0328
     +0.4514      +0.2037
     +0.3702      +0.1371
     +0.8935      +0.7983
     +0.0632      +0.0040
     +0.0881      +0.0078
     +0.8563      +0.7332
     +1.9565      +3.8280
     +0.5641      +0.3182
     +0.1991      +0.0396
     +0.0663      +0.0044
     +0.0159      +0.0003
     +0.2183      +0.0476
     +0.5638      +0.3179
     +1.4506      +2.1042
     +0.0473      +0.0022
     +0.0569      +0.0032
     +1.1082      +1.2281
     +0.1605      +0.0258
     +0.5180      +0.2683
     +0.9152      +0.8375
     +2.2087      +4.8784
     +0.6776      +0.4591
     +0.1329      +0.0177
     +0.6260      +0.3918
     +1.4307      +2.0470
     +0.0020      +0.0000
     +0.6481      +0.4200
     +1.1131      +1.2389
     +0.9539      +0.9099
     +0.0761      +0.0058
     +0.2560      +0.0656
     +0.1119      +0.0125
     +0.4639      +0.2152
     +1.1138      +1.2406
     +0.2635      +0.0694
     +0.2916      +0.0850
     +2.1203      +4.4958
     +1.1355      +1.2895
     +0.7736      +0.5984
     +1.0419      +1.0855
     +0.4211      +0.1773
     +1.0003      +1.0006
     +0.7338      +0.5384
     +0.4805      +0.2309
     +0.0607      +0.0037
     +0.2633      +0.0693
     +0.1205      +0.0145
     +0.3244      +0.1053
     +0.3019      +0.0911
     +0.8399      +0.7055
     +0.1741      +0.0303
     +0.6157      +0.3791
     +0.0480      +0.0023
     +0.3447      +0.1188
     +1.8201      +3.3127
     +0.8688      +0.7549
     +0.5273      +0.2781
     +0.5251      +0.2757
     +0.0909      +0.0083
     +3.2887     +10.8157
     +0.7184      +0.5161
     +0.0911      +0.0083
     +0.1671      +0.0279
     +0.9088      +0.8259
     +0.6899      +0.4760
     +0.0298      +0.0009
     +0.0256      +0.0007
     +0.4079      +0.1664
     +0.8478      +0.7188
     +0.1689      +0.0285
     +0.1257      +0.0158
     +0.2112      +0.0446
     +0.1239      +0.0153
     +0.4590      +0.2107
     +0.6895      +0.4755
     +1.6304      +2.6581
     +0.0579      +0.0033
     +0.6674      +0.4455
     +0.6685      +0.4469
     +0.1534      +0.0235
     +0.1725      +0.0298
     +0.0166      +0.0003
     +0.5699      +0.3247
     +0.4307      +0.1855
     +0.2751      +0.0757
     +0.7801      +0.6086
     +0.0702      +0.0049
     +1.7693      +3.1303
     +0.4623      +0.2137
     +0.3270      +0.1069
     +0.1465      +0.0215
     +0.1223      +0.0150
     +0.6669      +0.4448
     +1.6892      +2.8533
     +0.6636      +0.4404
     +0.2576      +0.0664
     +0.8168      +0.6672
     +0.3531      +0.1247
     +0.0930      +0.0087
     +0.0250      +0.0006
     +0.4840      +0.2343
     +0.2933      +0.0860
     +1.0444      +1.0909
     +0.1610      +0.0259
     +0.1883      +0.0354
     +0.5219      +0.2724
     +0.3958      +0.1567
     +0.6521      +0.4252
     +0.2519      +0.0635
     +0.5184      +0.2688
     +0.2583      +0.0667
     +0.5889      +0.3468
     +0.1370      +0.0188
     +0.1223      +0.0149
     +0.5275      +0.2783
     +0.1330      +0.0177
     +0.5446      +0.2966
     +0.2534      +0.0642
     +0.0711      +0.0051
     +0.2345      +0.0550
     +0.8198      +0.6721
     +0.0441      +0.0019
     +0.4337      +0.1881
     +0.3290      +0.1082
     +0.6652      +0.4425
     +0.1655      +0.0274
     +0.6553      +0.4294
     +0.0858      +0.0074
     +0.3511      +0.1233
     +0.0810      +0.0066
     +1.5185      +2.3057
     +0.3840      +0.1475
     +0.0019      +0.0000
     +0.0650      +0.0042
     +0.6366      +0.4053
     +0.8090      +0.6545
     +0.4463      +0.1992
     +0.1378      +0.0190
     +0.1629      +0.0265
     +0.7980      +0.6368
     +0.8600      +0.7396
     +0.7688      +0.5910
     +0.0627      +0.0039
     +0.4956      +0.2456
     +0.0923      +0.0085
     +0.1173      +0.0138
     +0.1290      +0.0166
     +0.0102      +0.0001
     +0.1271      +0.0162
     +1.0219      +1.0443
     +0.1704      +0.0290
     +2.1901      +4.7967
     +0.4849      +0.2351
     +2.3411      +5.4806
     +1.1422      +1.3045
     +0.5129      +0.2631
     +0.1369      +0.0188
     +0.9348      +0.8739
     +0.5641      +0.3182
     +0.0713      +0.0051
     +0.2380      +0.0566
     +0.0395      +0.0016
     +0.0696      +0.0048
     +1.0068      +1.0137
     +0.0895      +0.0080
     +0.8089      +0.6543
     +0.0604      +0.0036
     +0.4601      +0.2117
     +0.7463      +0.5570
     +0.5358      +0.2871
     +0.8032      +0.6451
     +2.6863      +7.2164
     +0.0441      +0.0019
     +0.4974      +0.2474
     +0.5104      +0.2605
     +1.8473      +3.4125
     +0.3922      +0.1538
     +0.0360      +0.0013
     +0.0611      +0.0037
     +0.5757      +0.3315
     +0.0884      +0.0078
     +0.8891      +0.7905
     +0.2012      +0.0405
     +1.7333      +3.0042
     +0.4936      +0.2437
     +0.0483      +0.0023
     +1.4815      +2.1948
     +0.4387      +0.1925
     +0.4105      +0.1685
     +0.5089      +0.2590
     +0.0343      +0.0012
     +0.8773      +0.7696
     +0.1841      +0.0339
     +0.1123      +0.0126
     +0.1500      +0.0225
     +0.0273      +0.0007
     +1.5640      +2.4461
     +0.2593      +0.0672
     +0.1501      +0.0225
     +0.6672      +0.4452
     +1.2875      +1.6577
     +0.0535      +0.0029
     +1.5388      +2.3680
     +0.1737      +0.0302
     +0.1102      +0.0121
     +2.0828      +4.3379
     +0.1099      +0.0121
     +0.1766      +0.0312
     +0.8439      +0.7122
     +0.8037      +0.6459
     +0.0066      +0.0000
     +0.5061      +0.2562
     +0.4726      +0.2234
     +0.4224      +0.1784
     +0.9231      +0.8522
     +0.3920      +0.1537
     +0.4107      +0.1687
     +0.1737      +0.0302
     +1.0086      +1.0173
     +0.2328      +0.0542
     +0.8985      +0.8074
     +0.3048      +0.0929
     +0.0518      +0.0027
     +1.2489      +1.5598
     +0.1274      +0.0162
     +0.1252      +0.0157
     +0.1105      +0.0122
     +0.0959      +0.0092
     +0.5611      +0.3148
     +0.5422      +0.2940
     +0.3023      +0.0914
     +0.6969      +0.4857
     +0.5921      +0.3506
     +0.9415      +0.8864
     +0.1855      +0.0344
     +1.1567      +1.3379
     +0.5757      +0.3314
     +0.1551      +0.0240
     +0.0392      +0.0015
     +0.0058      +0.0000
     +0.0831      +0.0069
     +0.7976      +0.6362
     +0.0579      +0.0034
     +1.1533      +1.3300
     +0.5140      +0.2642
     +0.1198      +0.0144
     +0.6712      +0.4505
     +0.1873      +0.0351
     +0.6978      +0.4869
     +0.6148      +0.3779
     +0.4800      +0.2304
     +0.1999      +0.0400
     +0.0662      +0.0044
     +0.3001      +0.0900
     +1.1341      +1.2863
     +0.3129      +0.0979
     +0.2189      +0.0479
     +0.1853      +0.0343
     +0.2392      +0.0572
     +0.6219      +0.3868
     +0.2620      +0.0687
     +1.2287      +1.5097
     +0.3758      +0.1412
     +0.3717      +0.1381
     +0.5902      +0.3483
     +0.4099      +0.1680
     +0.1697      +0.0288
     +0.5312      +0.2822
     +0.8111      +0.6578
     +0.3197      +0.1022
     +0.1839      +0.0338
     +0.1172      +0.0137
     +0.6454      +0.4165
     +0.0024      +0.0000
     +1.0979      +1.2053
     +0.9849      +0.9699
     +0.4049      +0.1640
     +0.3966      +0.1573
     +0.0064      +0.0000
     +0.8483      +0.7196
     +0.0911      +0.0083
     +0.5649      +0.3191
     +0.3645      +0.1328
     +0.1574      +0.0248
     +1.2877      +1.6581
     +0.1884      +0.0355
     +0.3800      +0.1444
     +0.0648      +0.0042
     +0.0548      +0.0030
     +0.0498      +0.0025
     +0.2752      +0.0757
     +0.2730      +0.0745
     +0.6873      +0.4724
     +0.0234      +0.0005
     +1.0710      +1.1471
     +0.1021      +0.0104
     +1.0156      +1.0315
     +0.8794      +0.7733
     +0.1128      +0.0127
     +0.0732      +0.0054
     +0.2796      +0.0782
     +0.1405      +0.0197
     +0.3157      +0.0997
     +0.3870      +0.1498
     +0.5826      +0.3395
     +0.0005      +0.0000
     +0.1235      +0.0153
     +0.4714      +0.2223
     +2.4067      +5.7920
     +0.1545      +0.0239
     +0.7938      +0.6301
     +0.2274      +0.0517
     +0.8924      +0.7963
     +0.7526      +0.5664
     +0.1540      +0.0237
     +1.3576      +1.8431
     +0.2431      +0.0591
     +1.2233      +1.4965
     +0.3113      +0.0969
     +0.5513      +0.3039
     +0.2110      +0.0445
     +0.4940      +0.2441
     +0.2445      +0.0598
     +0.0185      +0.0003
     +0.0119      +0.0001
     +1.1354      +1.2891
     +0.0490      +0.0024
     +1.3647      +1.8624
     +0.1694      +0.0287
     +0.5570      +0.3102
     +0.1281      +0.0164
     +0.0348      +0.0012
     +0.1404      +0.0197
     +0.0969      +0.0094
     +0.1457      +0.0212
     +0.1362      +0.0185
     +0.0729      +0.0053
     +0.2872      +0.0825
     +1.5286      +2.3366
     +0.7933      +0.6293
     +0.0225      +0.0005
     +0.4144      +0.1718
     +0.5021      +0.2521
     +0.1580      +0.0250
     +0.4816      +0.2320
