    +0.20685
    +0.54903
    +0.09266
    +0.18321
    +0.42076
    +0.09921
    +0.25173
    +0.94399
    +0.59558
    +0.22391
    +1.20069
    +0.00326
    +1.50847
    +0.07494
    +0.31815
    +0.54098
    +0.60209
    +0.84051
    +0.76411
    +1.15538
    +0.16231
    +0.40693
    +0.56112
    +0.44154
    +0.58734
    +0.03173
    +0.40694
    +1.90520
    +0.29770
    +0.01999
    +0.01881
    +0.30068
    +0.32869
    +0.18835
    +0.26237
    +0.39384
    +0.54366
    +0.18137
    +0.16408
    +0.45968
    +0.19118
    +0.02245
    +1.28354
    +0.09642
    +0.73561
    +2.75673
    +0.07216
    +0.04356
    +0.30853
    +0.91936
    +0.17179
    +1.44331
    +0.40432
    +0.76380
    +0.22001
    +0.70214
    +0.34409
    +0.02228
    +0.38026
    +0.82991
    +0.16662
    +0.14864
    +0.28862
    +0.71725
    +0.14192
    +1.07530
    +0.54601
    +0.21025
    +0.64610
    +1.21344
    +0.56856
    +1.26732
    +0.12053
    +0.54974
    +0.11577
    +0.32146
    +0.50335
    +0.03685
    +0.68524
    +0.31862
    +0.53875
    +0.65303
    +0.23075
    +0.02354
    +0.10098
    +0.59900
    +0.41553
    +0.79620
    +1.40541
    +1.30860
    +0.36141
    +0.87411
    +1.18279
    +1.55798
    +0.02093
    +0.51906
    +0.33918
    +1.61263
    +0.54461
    +1.49906
    +0.15436
    +0.48591
    +0.16591
    +0.05410
    +0.66250
    +0.02191
    +0.15278
    +0.07637
    +0.04897
    +0.11842
    +0.65277
    +1.66084
    +0.27179
    +0.43540
    +0.08805
    +0.30677
    +0.74316
    +0.85212
    +0.27851
    +0.05032
    +1.63495
    +0.06544
    +0.68877
    +0.13191
    +0.05231
    +0.27221
    +0.85037
    +1.21437
    +0.10910
    +0.91230
    +0.47575
    +0.14473
    +0.11943
    +0.69588
    +1.02222
    +0.12116
    +0.76870
    +0.40300
    +0.00901
    +0.02593
    +1.25803
    +0.19633
    +0.52710
    +0.19524
    +0.36641
    +0.34267
    +0.60206
    +0.20423
    +0.47832
    +1.71274
    +0.30567
    +0.95476
    +0.18457
    +0.02341
    +0.05217
    +0.28163
    +0.47893
    +0.19787
    +1.01126
    +0.06981
    +0.17085
    +0.19436
    +1.33955
    +0.18397
    +0.05110
    +0.85463
    +0.33421
    +0.71749
    +0.28948
    +0.09959
    +0.10426
    +0.23043
    +1.12214
    +0.11644
    +0.69565
    +0.08867
    +1.31428
    +0.37521
    +0.31652
    +0.08942
    +0.09624
    +0.09741
    +0.13470
    +0.22812
    +0.47960
    +0.28312
    +0.81541
    +0.14568
    +0.45342
    +0.43876
    +0.33393
    +0.98628
    +0.72402
    +0.29444
    +0.22186
    +0.53246
    +0.67469
    +0.54042
    +1.05664
    +0.28973
    +0.46110
    +0.02941
    +0.39024
    +0.67417
    +0.80740
    +2.19918
    +0.93046
    +0.13154
    +0.07767
    +0.39421
    +0.96500
    +0.18003
    +0.00400
    +0.46462
    +0.84450
    +0.61603
    +0.11087
    +0.04061
    +0.17787
    +0.14304
    +0.36910
    +0.01539
    +0.09935
    +0.82051
    +0.41739
    +0.47365
    +0.04771
    +0.45546
    +1.36375
    +0.43071
    +0.42638
    +0.67527
    +0.12909
    +0.60255
    +0.11192
    +0.17829
    +0.38483
    +0.86912
    +0.79913
    +0.32575
    +0.48070
    +0.03266
    +0.37065
    +0.27291
    +1.31182
    +0.68588
    +0.83655
    +0.60573
    +0.26998
    +0.41267
    +0.73514
    +0.62755
    +0.08504
    +0.59250
    +0.99330
    +0.00093
    +0.80350
    +0.03112
    +0.18429
    +0.46377
    +0.03289
    +0.09819
    +0.79554
    +0.11879
    +0.17871
    +0.16301
    +0.53689
    +0.83188
    +0.58796
    +0.57474
    +0.03443
    +0.01228
    +0.85722
    +1.93428
    +0.22260
    +0.57958
    +0.23425
    +0.30593
    +0.45910
    +0.14920
    +0.41499
    +0.07375
    +1.69364
    +1.29295
    +0.44637
    +0.85220
    +1.10055
    +2.79178
    +1.02229
    +0.37656
    +0.03432
    +0.10972
    +0.23180
    +0.17473
    +0.22408
    +3.21915
    +1.25014
    +0.04487
    +0.44681
    +0.72225
    +0.07458
    +0.10090
    +0.14568
    +0.31957
    +0.05363
    +0.24054
    +0.56267
    +0.32802
    +0.01217
    +0.05067
    +0.53722
    +0.38234
    +0.03753
    +0.56702
    +0.26851
    +0.05454
    +0.60882
    +0.61717
    +0.01731
    +0.95196
    +0.27001
    +0.75872
    +0.05478
    +1.09369
    +0.16762
    +0.07538
    +0.66036
    +0.71718
    +1.15422
    +0.54070
    +0.38634
    +0.08780
    +0.04083
    +0.46866
    +0.04398
    +0.15662
    +0.26140
    +0.93788
    +0.03002
    +1.17719
    +0.18301
    +0.52749
    +0.34948
    +0.49083
    +0.34368
    +0.66879
    +0.13847
    +0.25024
    +0.05253
    +0.13874
    +0.32016
    +0.02364
    +1.14147
    +0.17330
    +0.09571
    +0.03071
    +0.06575
    +0.18243
    +1.32903
    +0.13614
    +0.24749
    +0.13422
    +0.12850
    +0.29814
    +0.88193
    +0.68668
    +0.12234
    +0.12627
    +1.15551
    +0.12052
    +0.34577
    +0.84789
    +0.83477
    +0.39579
    +2.09977
    +0.73038
    +0.24663
    +0.04430
    +0.15702
    +0.51450
    +0.22310
    +0.07203
    +1.91349
    +0.50461
    +0.64752
    +0.03706
    +0.77296
    +0.10673
    +0.63371
    +1.24284
    +0.05173
    +0.24863
    +0.29847
    +0.27211
    +0.16304
    +0.17553
    +1.72993
    +0.66611
    +0.39896
    +0.43005
    +0.19982
    +0.35993
    +0.19893
    +0.30570
    +0.36127
    +0.11212
    +0.22175
    +0.12982
    +0.45993
    +0.19972
    +0.23798
    +0.58212
    +0.04652
    +0.55306
    +0.58850
    +0.80976
    +0.58051
    +0.23205
    +0.55118
    +0.41102
    +1.09138
    +0.11925
    +0.59416
    +1.61677
    +0.20557
    +0.18738
    +0.03361
    +0.32112
    +0.13988
    +0.16703
    +0.13079
    +0.42890
    +0.50983
    +0.08413
    +0.31273
    +0.48922
    +0.16049
    +0.01646
    +0.70321
    +0.24143
    +0.33632
    +0.19904
    +1.82549
    +0.61607
    +0.83864
    +1.33268
    +0.47172
    +0.02724
    +0.66178
    +0.44436
    +0.35515
    +0.04820
    +0.07295
    +0.20128
    +0.49034
    +1.07796
    +0.70044
    +0.37868
    +1.27919
    +0.33131
    +1.05049
    +0.87165
    +0.25912
    +0.39475
    +0.85954
    +0.51977
    +0.25396
    +0.04800
    +0.22472
    +0.28160
    +0.09717
    +0.21767
    +0.10784
    +0.12029
    +0.22847
    +0.27301
    +0.00245
    +0.09446
    +0.63729
    +0.77364
    +0.53255
    +0.07841
    +0.87483
    +1.38992
    +0.93590
    +1.18086
    +0.08570
    +0.30049
    +0.01150
    +2.61969
    +0.90766
    +1.16642
    +0.04700
    +0.48129
    +0.51564
    +0.75457
    +0.13428
    +1.72296
    +1.21868
    +0.04354
    +1.02868
    +0.02416
    +0.29582
    +0.49182
    +0.22725
    +0.18427
    +0.60937
    +0.71494
    +0.03748
    +0.19695
    +0.09056
    +0.58329
    +0.14460
    +0.25077
    +0.48902
    +0.66792
    +1.19971
    +0.33542
    +0.49347
    +0.07604
    +0.44299
    +0.15858
    +0.72234
    +0.16099
    +0.30345
    +0.27924
    +0.93252
    +0.26050
    +0.22047
    +0.00917
    +0.49988
    +0.07333
    +1.36283
    +0.28000
    +2.20294
    +0.16262
    +0.45551
    +0.17156
    +0.05175
    +0.34571
    +1.43859
    +0.43548
    +0.15323
    +0.34588
    +0.00163
    +0.01387
    +0.25327
    +0.58236
    +0.01934
    +0.14511
    +0.38871
    +0.72612
    +0.96555
    +0.11706
    +0.10594
    +0.35953
    +0.01849
    +0.96956
    +1.57188
    +0.55845
    +1.61263
    +1.02417
    +0.40273
    +0.21626
    +0.15089
    +0.14382
    +0.47508
    +0.22066
    +0.91831
    +0.25477
    +0.25582
    +0.30756
    +0.13498
    +0.12894
    +0.04757
    +1.03841
    +0.18231
    +0.09113
    +0.24727
    +0.21851
    +0.83753
    +1.16169
    +0.43258
    +1.59965
    +0.21522
    +0.54833
    +0.57333
    +0.00736
    +0.09723
    +0.28456
    +0.13829
    +1.02405
    +0.38346
    +0.51922
    +0.63410
    +0.42885
    +0.29750
    +0.97531
    +0.02261
    +0.26759
    +1.17697
    +0.39739
    +0.75264
    +0.58355
    +0.91306
    +0.04521
    +0.00974
    +0.68228
    +1.19925
    +0.03276
    +2.10661
    +0.66142
    +1.49851
    +0.38421
    +0.47715
    +0.91454
    +0.55318
    +0.31773
    +0.04693
    +0.60094
    +0.17641
    +0.10888
    +0.18935
    +0.43746
    +0.20814
    +0.79053
    +0.97076
    +0.38175
    +1.74100
    +1.00849
    +1.32302
    +0.30604
    +0.62298
    +0.20987
    +0.28547
    +0.04720
    +0.77668
    +0.72848
    +0.29770
    +0.08586
    +0.05350
    +0.40864
    +1.70471
    +1.07822
    +0.48645
    +0.83141
    +0.33757
    +0.17632
    +0.25261
    +0.20070
    +1.10089
    +0.28634
    +0.18211
    +0.18799
    +0.35151
    +0.07788
    +0.56408
    +0.42617
    +0.13047
    +0.10448
    +0.31955
    +0.65298
    +0.93893
    +0.06242
    +2.04300
    +0.71540
    +0.60834
    +0.06016
    +0.29993
    +0.06901
    +0.09075
    +0.81745
    +0.02686
    +0.32134
    +0.21991
    +0.29978
    +0.05873
    +0.00121
    +0.02511
    +1.23253
    +0.07193
    +0.00339
    +0.52425
    +0.40622
    +1.04564
    +0.36882
    +0.62074
    +0.26041
    +0.31646
    +0.37473
    +0.14319
    +0.46276
    +0.28217
    +0.87286
    +0.42237
    +0.81297
    +0.06590
    +0.74723
    +0.38287
    +0.14726
    +0.15353
    +0.04570
    +0.93221
    +0.98769
    +0.37963
    +0.17605
    +0.32591
    +0.10875
    +0.56060
    +0.84276
    +0.03410
    +2.97301
    +0.19840
    +0.77053
    +0.37393
    +2.32451
    +0.31244
    +0.73713
    +0.37481
    +0.79943
    +0.76525
    +0.03849
    +0.08238
    +0.46299
    +0.16542
    +1.64745
    +0.06002
    +0.58098
    +0.42155
    +0.34162
    +0.23374
    +2.39382
    +0.35296
    +0.04434
    +0.11038
    +0.79344
    +0.13152
    +0.13012
    +0.11519
    +0.53840
    +1.12540
    +1.18507
    +1.28515
    +0.52963
    +0.28654
    +1.08820
    +0.24282
    +0.26464
    +0.20384
    +0.32943
    +0.45123
    +0.13458
    +0.25375
    +0.03304
    +0.07019
    +1.24556
    +0.35635
    +0.12983
    +0.26514
    +1.16722
    +0.56155
    +0.04426
    +1.18513
    +0.38482
    +0.36996
    +0.62188
    +1.59800
    +0.62491
    +0.52531
    +0.07284
    +0.71099
    +1.04567
    +0.36348
    +0.15660
    +0.13843
    +0.47509
    +0.01137
    +0.22586
    +0.02925
    +0.11877
    +0.68568
    +0.16725
    +0.14790
    +0.75685
    +0.16349
    +0.30651
    +0.18240
    +0.19539
    +0.34801
    +0.51996
    +1.32375
    +0.57463
    +0.99406
    +0.57850
    +0.06834
    +0.50395
    +0.24842
    +0.45359
    +3.15905
    +1.15365
    +0.33167
    +0.27579
    +0.06975
    +0.42076
    +0.29633
    +0.86853
    +0.24853
    +0.43544
    +0.72468
    +1.12784
    +0.17762
    +0.43864
    +0.28063
    +0.15256
    +1.24352
    +0.42789
    +0.67741
    +0.51910
    +0.08923
    +1.58079
    +0.62443
    +0.34704
    +0.77560
    +0.80321
    +0.16268
    +0.05465
    +1.20687
    +1.81959
    +0.06332
    +0.76127
    +0.02539
    +1.05015
    +0.60277
    +0.65943
    +2.24485
    +0.12698
    +0.20075
    +0.12731
    +0.14507
    +0.15067
    +0.08840
    +0.06198
    +0.03780
    +0.39981
    +0.69199
    +0.05650
    +0.42802
    +0.05959
    +0.03085
    +0.04174
    +0.33985
    +1.48612
    +0.61542
    +0.49314
    +0.15011
    +0.09767
    +0.04289
    +0.06880
    +0.07359
    +1.90732
    +0.10701
    +0.11868
    +0.23288
    +0.77981
    +0.55263
    +0.45317
    +0.66393
    +0.41268
    +0.00841
    +1.02072
    +0.12637
    +0.08451
    +1.26610
    +0.38459
    +0.20594
    +0.60011
    +4.66956
    +0.07115
    +0.63619
    +0.65627
    +0.02619
    +0.01010
    +0.05176
    +0.13341
    +0.29940
    +0.35511
    +1.22133
    +0.26037
    +0.51878
    +0.08328
    +0.31749
    +1.39038
    +0.51408
    +0.52737
    +1.98854
    +0.04531
    +0.27058
    +0.87287
    +0.51468
    +0.00330
    +0.44613
    +0.29244
    +0.24370
    +0.34183
    +1.06324
    +0.25776
    +0.15248
    +0.85687
    +0.11945
    +1.12350
    +1.41309
    +1.63156
    +0.41360
    +0.89274
    +0.96802
    +0.18774
    +0.03871
    +0.40796
    +0.78537
    +0.18452
    +0.00915
    +0.86759
    +0.87671
    +1.53604
    +0.54806
    +0.31196
    +0.25222
    +0.96062
    +0.04012
    +0.19997
    +0.36365
    +0.01134
    +0.05031
    +0.49443
    +0.72200
    +1.09263
    +0.33048
    +0.34314
    +0.31073
    +0.20526
    +0.44499
    +2.05718
    +0.22831
    +0.17303
    +0.12449
    +0.10297
    +0.30157
    +0.24311
    +0.89010
    +1.09862
    +1.12929
    +0.18446
    +0.19281
    +0.27886
    +0.82957
    +0.28023
    +0.41538
    +0.19474
    +0.57340
    +0.04565
    +1.12534
    +0.33254
    +0.04934
    +0.08337
    +0.90653
    +0.66788
    +1.00108
    +0.06707
    +0.83544
    +1.92208
    +0.72195
    +0.28120
    +0.60684
    +0.22005
    +0.04192
    +0.19478
    +0.32547
    +0.26816
    +0.01146
    +0.62372
    +0.54152
    +0.18960
    +0.51637
    +0.27754
    +0.20534
    +0.62329
    +1.42649
    +0.33999
    +0.16875
    +0.60086
    +0.38263
    +0.04600
    +0.61709
    +0.74569
    +0.27326
    +0.01369
    +0.21695
    +0.01299
    +0.23203
    +0.68206
    +0.06826
    +0.36618
    +0.28351
    +0.12695
    +0.64669
    +1.52455
    +1.23488
    +1.09933
    +0.57594
    +0.81943
    +0.66607
    +0.77795
    +0.08201
    +1.24322
    +0.29311
    +0.11285
    +0.06089
    +0.09948
    +0.39661
    +1.61782
    +0.42231
    +1.46724
    +0.37683
    +0.03752
    +0.97713
    +0.53579
    +0.16539
    +0.47998
    +0.40141
    +0.19286
    +0.04361
    +1.22315
    +1.19961
    +0.36458
    +0.19295
    +0.07774
    +0.67667
    +0.40529
    +1.14071
    +0.35705
    +0.51188
    +0.11211
    +0.02625
    +0.13027
    +0.65565
    +1.42462
    +0.63264
    +0.36045
    +0.74832
    +0.13172
    +1.56173
    +0.89488
    +0.45382
    +0.29777
    +0.18751
    +0.14988
    +0.01526
    +0.09207
    +0.15270
    +0.27254
    +0.30821
    +0.23250
    +0.32748
    +0.25621
    +0.74490
    +0.30652
    +0.21148
    +0.45115
    +2.89779
    +1.38875
    +0.49582
    +0.62769
    +0.25882
    +0.85218
    +0.40325
    +0.58158
    +1.12228
    +0.32968
    +1.39889
    +1.27723
    +0.37093
    +0.03708
    +0.04242
    +0.79204
    +0.34532
    +0.11489
    +0.19557
    +0.21194
    +0.01451
    +0.28377
    +0.22872
    +0.01716
    +0.11142
    +0.22655
    +0.51957
    +0.34006
    +0.43536
    +0.47041
    +0.11060
    +0.28160
    +0.76081
    +0.04261
    +0.64514
    +0.49185
    +0.02356
    +0.68119
    +0.26685
    +0.41996
    +0.17273
    +0.74534
    +2.81249
    +0.39398
    +0.20252
    +0.27146
    +0.05105
    +0.27583
    +0.14904
    +0.67463
    +0.15621
    +0.09212
    +0.02610
    +2.10440
    +0.43947
    +0.01877
    +0.30179
    +0.03438
    +0.09092
    +0.24783
    +0.13248
    +0.22826
    +0.05435
    +0.47220
    +0.77413
    +0.05782
    +0.00856
    +1.07330
    +0.10446
    +0.70312
    +0.95283
    +0.27055
    +0.13715
    +0.30543
    +0.57913
    +0.71522
    +0.59214
    +0.09922
    +0.71132
    +0.26434
    +0.05765
    +0.56052
    +0.04761
    +0.15033
    +0.31937
    +0.05626
    +0.03588
    +0.00780
    +0.35510
    +0.02602
    +0.38882
    +0.86933
    +1.00419
    +0.00837
    +0.96216
    +0.85874
    +0.38887
    +0.25782
    +0.22170
    +2.04432
    +0.16557
    +0.16183
    +0.19956
    +0.34066
    +1.08125
    +0.03994
    +1.23442
    +0.10624
    +0.02653
    +1.26342
    +0.00406
    +1.13532
    +0.08808
    +0.10305
    +0.00134
    +0.66220
    +0.36349
    +1.30255
    +1.52027
    +0.10760
    +1.28380
    +0.06767
    +0.05787
    +0.08392
    +1.15963
    +0.27446
    +0.63925
    +0.21462
    +0.39747
    +0.01415
    +2.01304
    +0.04905
    +0.31520
    +1.70808
    +1.45430
    +0.49289
    +0.42441
    +0.02819
    +0.13450
    +0.43367
    +0.92723
    +0.22924
    +0.12327
    +0.39547
    +0.03310
    +0.05749
    +0.09159
    +0.63459
    +2.48448
    +0.10085
    +0.42302
    +0.39532
    +1.87828
    +0.18995
    +0.10142
    +0.21355
    +0.24342
    +0.47926
    +0.38331
    +0.52052
    +0.27841
    +0.16667
    +0.36901
    +0.52198
    +0.15807
    +0.04505
    +0.79973
    +0.59294
    +0.74590
    +1.03657
    +0.77250
    +0.06344
    +0.16141
    +0.87738
    +0.70388
    +0.39437
    +0.56561
    +0.12599
    +0.53169
    +0.48908
    +0.46522
    +0.03003
    +0.92865
    +0.59618
    +1.53372
    +0.37387
    +0.51461
    +0.00144
    +0.15655
    +0.23302
    +0.15029
    +0.44100
    +0.07976
    +0.84851
    +0.19881
    +0.12207
    +0.96497
    +0.07034
    +0.04046
    +0.69876
    +0.06324
    +1.95310
    +0.15367
    +1.08182
    +1.45199
    +0.14242
    +0.03337
    +0.00461
    +0.31988
    +0.30869
    +0.43017
    +0.85881
    +0.06893
    +0.16309
    +0.56607
    +1.55023
    +1.31469
    +0.72585
    +0.24275
    +1.71305
    +0.38304
    +0.47378
    +0.05660
    +0.04394
    +0.08397
    +1.36484
    +0.40544
    +0.24800
    +0.22586
    +0.42507
    +0.02341
    +0.07665
    +0.17934
    +0.75847
    +0.53820
    +0.64505
    +0.77507
    +0.09250
    +0.45720
    +0.03475
    +0.29071
    +0.20197
    +0.26966
    +0.58084
    +0.97587
    +0.57094
    +1.49864
    +0.12451
    +0.26521
    +0.46019
    +1.26127
    +0.15468
    +1.29921
    +0.09900
    +0.35492
    +0.39518
    +0.09177
    +0.13049
    +0.20640
    +0.08142
    +0.11687
    +0.04644
    +0.24775
    +2.37495
    +0.13878
    +0.29641
    +1.23316
    +0.15514
    +0.30777
    +0.90034
    +0.00476
    +0.20287
    +1.06022
    +0.26365
    +0.01120
    +0.14218
    +0.87023
    +0.40016
    +0.53095
    +0.42635
    +0.41960
    +0.16842
    +0.15861
    +0.05285
    +0.01065
    +0.59502
    +0.81347
    +0.20025
    +0.36430
    +0.27640
    +0.15959
    +2.60259
    +0.56241
    +0.02797
    +0.09084
    +0.03292
    +0.15912
    +0.35722
    +1.02377
    +1.37270
    +0.19319
    +0.08692
    +0.30828
    +1.23374
    +0.84535
    +0.02462
    +0.77205
    +0.02070
    +1.75421
    +0.20032
    +0.09228
    +0.35936
    +0.03753
    +0.50159
    +0.50469
    +0.00172
    +0.12378
    +1.54291
    +0.02658
    +1.19845
    +0.36601
    +0.04332
    +0.04388
    +0.02820
    +1.29938
    +0.22375
    +1.25321
    +1.44161
    +0.80196
    +0.18007
    +0.03949
    +0.31905
    +0.32150
    +0.51359
    +0.09482
    +0.31272
    +0.42484
    +0.16603
    +0.68687
    +0.92444
    +0.14222
    +0.12944
    +0.00133
    +0.29056
    +0.27355
    +0.29476
    +0.34996
    +0.18630
    +1.09199
    +0.51660
    +0.21799
    +0.50627
    +0.44459
    +0.63752
    +0.17703
    +0.37618
    +0.02444
    +0.01616
    +0.34284
    +0.90971
    +0.79058
    +0.29600
    +0.65693
    +0.20770
    +0.70357
    +1.04022
    +0.18928
    +0.71540
    +0.04869
    +1.26740
    +0.77191
    +0.05815
    +0.36577
    +0.17917
    +0.91372
    +0.53796
    +0.10811
    +0.07976
    +0.45802
    +0.04940
    +0.33521
    +0.60178
    +1.55186
    +0.17720
    +0.31530
    +0.44077
    +0.38362
    +0.03852
    +0.93069
    +0.17824
    +0.03320
    +0.57941
    +0.22334
    +0.43871
    +0.41934
    +0.27059
    +0.91048
    +0.54392
    +0.31323
    +0.77666
    +0.64728
    +0.46239
    +0.87684
    +0.55319
    +1.84448
    +0.89168
    +0.75344
    +0.42109
    +1.50739
    +0.12896
    +0.09421
    +1.10528
    +0.25716
    +0.44399
    +0.52315
    +0.44298
    +0.53571
    +1.05831
    +0.17347
    +0.11710
    +0.34805
    +0.09167
    +0.08103
    +0.37823
    +0.04080
    +0.46288
    +1.81201
    +0.66377
    +2.09884
    +1.57552
    +1.15775
    +0.18609
    +0.09189
    +1.07837
    +0.06077
    +0.05766
    +0.35430
    +0.11482
    +0.10541
    +0.28466
    +0.34512
    +0.73174
    +0.25158
    +3.02179
    +1.40294
    +0.20029
    +0.03570
    +0.39424
    +0.70183
    +0.35080
    +0.13738
    +0.21227
    +0.26849
    +0.83014
    +0.14657
    +0.03970
    +0.30925
    +0.24457
    +0.16490
    +0.25403
    +0.53698
    +0.61699
    +0.87532
    +0.22272
    +0.08604
    +0.50076
    +0.53844
    +0.64990
    +0.53067
    +0.02124
    +0.35564
    +0.09268
    +0.11451
    +0.23777
    +3.38258
    +0.26394
    +0.15774
    +2.24549
    +0.20202
    +1.96313
    +1.30992
    +0.02927
    +0.11138
    +0.11630
    +0.28768
    +0.44509
    +0.29512
    +0.11266
    +0.07089
    +0.25317
    +0.46832
    +0.00162
    +0.55681
    +0.48591
    +0.95725
    +2.34505
    +0.50683
    +0.07598
    +0.04354
    +0.70338
    +0.94310
    +0.06587
    +1.22587
    +0.13349
    +0.08308
    +0.34883
    +0.34790
    +0.66854
    +0.81617
    +0.99781
    +0.40295
    +0.79968
    +0.44938
    +0.09452
    +0.26501
    +0.05227
    +0.23946
    +0.01313
    +1.48537
    +0.04779
    +0.20788
    +0.21684
    +0.36675
    +0.23238
    +0.27108
    +1.50240
    +0.07371
    +0.07017
    +0.02787
    +0.69578
    +0.01062
    +0.56003
    +0.58683
    +1.32509
    +0.38525
    +0.80756
    +0.63413
    +0.47407
    +1.24183
    +0.27877
    +0.92612
    +0.39108
    +0.23055
    +0.42826
    +0.14341
    +0.45331
    +0.22821
    +0.86943
    +1.82441
    +0.05900
    +0.13567
    +0.76038
    +1.58948
    +0.21547
    +0.17984
    +0.71296
    +0.73432
    +0.10736
    +0.24524
    +0.18011
    +0.26687
    +0.27345
    +0.34760
    +0.45263
    +0.80792
    +0.00944
    +0.11176
    +0.31684
    +2.05017
    +0.02967
    +0.42789
    +0.43488
    +0.05535
    +0.17361
    +0.00413
    +0.55147
    +0.23706
    +0.12574
    +0.18773
    +0.80474
    +0.21804
    +1.26929
    +0.80263
    +0.15898
    +0.04368
    +0.82893
    +0.03659
    +0.32086
    +0.72946
    +0.28393
    +0.11522
    +0.11005
    +0.23763
    +0.56300
    +0.20171
    +0.48694
    +0.13759
    +0.56259
    +0.25375
    +1.11514
    +0.21396
    +0.44539
    +0.53419
    +0.07315
    +0.21511
    +2.88506
    +0.50668
    +0.25798
    +0.18917
    +3.82859
    +0.18987
    +2.07734
    +0.11164
    +0.29357
    +1.40045
    +0.34655
    +1.60521
    +0.45794
    +0.26617
    +0.37159
    +0.82782
    +0.40552
    +0.36220
    +1.10902
    +0.47946
    +0.85353
    +0.17705
    +0.20989
    +0.17721
    +0.31859
    +0.26168
    +2.69478
    +0.54212
    +0.76283
    +0.15663
    +0.11082
    +0.27915
    +0.64851
    +0.48878
    +0.49700
    +0.85350
    +1.74009
    +0.97317
    +0.16168
    +0.12190
    +0.39243
    +0.52910
    +0.41416
    +0.69756
    +0.14455
    +0.34570
    +0.38007
    +0.52240
    +0.04324
    +0.00701
    +0.31096
    +0.81176
    +0.25040
    +0.10494
    +0.05388
    +0.16377
    +0.04892
    +0.01853
    +0.44503
    +0.13302
    +0.85725
    +0.19887
    +1.71337
    +0.39036
    +0.22146
    +0.13844
    +0.60606
    +0.85789
    +0.28039
    +0.33842
    +0.56917
    +2.44150
    +0.33335
    +0.25701
    +0.53789
    +0.95945
    +0.25304
    +0.09805
    +0.40452
    +0.49819
    +0.11689
    +0.00988
    +1.03322
    +0.23743
    +0.36475
    +0.11044
    +0.43065
    +0.23895
    +1.44589
    +0.61252
    +0.13089
    +0.01411
    +0.76750
    +0.95577
    +0.43410
    +0.78738
    +1.08177
    +0.88228
    +0.59974
    +1.22721
    +0.03463
    +0.94085
    +0.20546
    +0.35604
    +0.54092
    +0.09262
    +0.00261
    +0.43963
    +0.70867
    +0.92190
    +0.94399
    +1.27980
    +0.22073
    +0.03237
    +0.04363
    +0.90755
    +0.31901
    +0.23812
    +0.71659
    +0.44272
    +0.13530
    +0.09012
    +1.18440
    +2.08544
    +0.31315
    +0.16384
    +0.37017
    +0.38639
    +0.02682
    +0.87746
    +0.31537
    +0.77096
    +1.15641
    +0.28603
    +0.48673
    +1.41080
    +0.16841
    +0.77810
    +0.29523
    +0.42938
    +0.29724
    +0.01821
    +0.38161
    +0.40995
    +1.21845
    +1.02397
    +1.52656
    +0.66447
    +1.37959
    +0.75084
    +0.23129
    +0.11442
    +1.36554
    +0.70026
    +0.01138
    +0.08628
    +1.07561
    +0.45851
    +0.69199
    +0.13700
    +0.03075
    +0.29214
    +1.11112
    +0.24176
    +1.05856
    +2.19632
    +0.40211
    +1.06462
    +0.70235
    +0.61465
    +0.71108
    +0.28518
    +1.20746
    +0.30366
    +1.21419
    +0.11550
    +0.57848
    +0.29407
    +1.19319
    +1.13255
    +0.77345
    +0.05800
    +0.21810
    +0.59645
    +0.67904
    +0.13703
    +0.05486
    +0.25193
    +0.64940
    +0.22287
    +0.18504
    +0.00729
    +0.29436
    +0.53332
    +0.12894
    +0.12656
    +0.33332
    +0.09870
    +0.08792
    +1.24315
    +0.19619
    +3.33922
    +1.38659
    +0.04788
    +0.69551
    +0.00294
    +0.37617
    +0.20304
    +0.35157
    +0.39054
    +0.26286
    +0.11085
    +0.04951
    +0.42225
    +0.56359
    +0.28906
    +0.28035
    +0.04114
    +0.76043
    +0.06457
    +0.15458
    +0.27072
    +0.08753
    +0.93780
    +1.36605
    +0.60011
    +1.11999
    +1.20406
    +0.93601
    +0.97077
    +0.25291
    +0.42353
    +1.23833
    +0.27473
    +0.22778
    +0.09527
    +0.32096
    +0.64740
    +0.00829
    +0.34212
    +0.66627
    +0.31880
    +0.26094
    +0.59114
    +0.83428
    +1.78114
    +0.29102
    +0.51234
    +0.53978
    +2.38288
    +0.19357
    +0.37736
    +0.66821
    +0.02757
    +1.19400
    +0.44454
    +0.79099
    +0.32758
    +0.26248
    +0.89365
    +0.24829
    +0.14880
    +0.33987
    +0.37441
    +0.21491
    +1.75200
    +1.57370
    +0.27754
    +1.09581
    +0.53477
    +1.47280
    +1.12764
    +0.21458
    +0.10563
    +0.43904
    +1.74252
    +0.15118
    +0.71341
    +0.09033
    +1.01306
    +0.63210
    +0.16901
    +0.31322
    +0.35879
    +0.47859
    +0.42348
    +2.09533
    +0.33953
    +0.11870
    +0.49538
    +1.44071
    +0.15877
    +0.26270
    +0.10292
    +0.01729
    +0.46563
    +1.06493
    +0.13523
    +0.01607
    +1.86994
    +0.01697
    +0.54481
    +0.13571
    +0.38187
    +0.59094
    +1.00189
    +0.57809
    +0.01202
    +0.22124
    +0.02115
    +0.47684
    +0.91014
    +0.29292
    +0.45025
    +0.03961
    +0.79394
    +0.56045
    +0.11549
    +0.06226
    +0.46068
    +0.04349
    +0.22861
    +0.20531
    +0.61975
    +0.98268
    +0.24532
    +0.56401
    +0.12983
    +0.33517
    +0.23959
    +0.48093
    +1.30691
    +0.38584
    +0.39462
    +0.11864
    +0.18002
    +0.11149
    +0.75593
    +0.16521
    +0.22960
    +0.19509
    +0.33601
    +0.22924
    +0.23599
    +0.12942
    +0.47943
    +0.17033
    +0.29505
    +0.30161
    +0.11432
    +0.16589
    +1.41194
    +0.08069
    +0.41461
    +0.34068
    +0.52673
    +1.17253
    +0.19325
    +0.15015
    +0.56392
    +0.01067
    +0.56951
    +0.08666
    +0.17146
    +1.68958
    +0.87711
    +0.22227
    +0.31904
    +0.36112
    +0.15759
    +0.59905
    +0.76952
    +0.08939
    +0.06102
    +0.09459
    +1.09764
    +0.19553
    +0.40866
    +0.29559
    +0.27440
    +0.00155
    +0.23577
    +0.09995
    +0.43079
    +0.00945
    +0.44357
    +0.01385
    +0.29669
    +0.08558
    +0.01159
    +0.33690
    +1.48854
    +0.68870
    +0.70423
    +0.48448
    +0.04181
    +0.41971
    +0.47524
    +0.17384
    +0.60107
    +0.23065
    +0.09889
    +0.43459
    +0.54451
    +0.20846
    +0.56268
    +0.04057
    +3.05400
    +0.29524
    +1.17858
    +0.62091
    +0.23548
    +0.35573
    +0.47555
    +0.65731
    +0.15160
    +0.01139
    +0.10298
    +0.87705
    +0.20756
    +0.03714
    +1.25252
    +0.06668
    +0.29512
    +0.12062
    +0.11415
    +0.72034
    +2.24920
    +0.43720
    +0.13961
    +0.78591
    +0.04888
    +1.00925
    +0.12744
    +0.28357
    +0.32252
    +1.53240
    +0.62118
    +0.46459
    +0.86588
    +0.22974
    +0.65234
    +0.73050
    +1.28247
    +0.42272
    +0.19476
    +0.87999
    +0.39584
    +0.01692
    +0.29899
    +0.08167
    +0.01147
    +1.07363
    +0.74397
    +0.29550
    +0.03114
    +0.50081
    +0.21641
    +0.27341
    +0.23695
    +0.13353
    +0.26987
    +0.16893
    +0.54900
    +0.42340
    +0.51658
    +0.80069
    +1.83157
    +0.60751
    +0.29491
    +0.27551
    +0.02075
    +0.42725
    +0.23292
    +0.42664
    +0.04305
    +0.93786
    +0.11423
    +0.06683
    +0.12228
    +0.15134
    +0.19953
    +0.37114
    +0.35068
    +0.16936
    +0.26856
    +0.01038
    +1.32736
    +0.39590
    +0.88314
    +0.24938
    +1.24899
    +0.23202
    +0.13160
    +0.48892
    +0.46423
    +0.05646
    +0.45755
    +0.20120
    +0.10124
    +1.03352
    +0.20130
    +0.04115
    +0.49475
    +0.05454
    +0.90016
    +0.57891
    +0.04801
    +0.78272
    +0.29412
    +0.00679
    +1.04734
    +0.86428
    +0.08406
    +0.73872
    +0.43905
    +0.24408
    +0.07536
    +0.41138
    +0.35178
    +0.11466
    +0.13631
    +1.78881
    +0.06008
    +0.01362
    +1.13896
    +0.04184
    +0.98596
    +2.98710
    +0.12784
    +0.67411
    +0.22277
    +1.07886
    +0.00019
    +0.73983
    +0.21609
    +0.95214
    +0.27588
    +1.40211
    +1.11432
    +0.19961
    +0.05217
    +0.13266
    +0.17550
    +0.31550
    +0.47987
    +1.92590
    +0.79684
    +0.11041
    +1.27857
    +0.92578
    +0.59327
    +0.16690
    +0.15217
    +0.57239
    +0.17913
    +0.10355
    +0.39751
    +0.95567
    +0.13991
    +0.39434
    +0.72691
    +0.29757
    +0.06601
    +0.27885
    +0.49516
    +0.60615
    +0.20586
    +0.97132
    +0.05128
    +0.64777
    +0.03838
    +0.02946
    +0.59693
    +0.73104
    +0.12626
    +0.71892
    +0.25708
    +0.76731
    +0.00404
    +1.21054
    +1.40873
    +0.09162
    +0.34307
    +1.25152
    +0.64715
    +0.03364
    +0.28132
    +0.35653
    +0.58540
    +0.62443
    +0.44666
    +1.31365
    +0.56129
    +1.09472
    +0.22303
    +0.20950
    +0.88623
    +0.08484
    +0.67816
    +0.10846
    +0.07732
    +0.04806
    +0.05642
    +1.16992
    +1.91586
    +1.80320
    +0.10843
    +0.36897
    +0.17039
    +0.15668
    +0.23069
    +0.65620
    +0.64918
    +0.02122
    +1.14791
    +0.19409
    +1.10554
    +0.94862
    +0.34355
    +1.53092
    +0.02649
    +0.07111
    +0.05405
    +0.40306
    +0.27954
    +0.18977
    +0.85487
    +0.33088
    +0.96344
    +0.14916
    +0.53929
    +0.11843
    +0.04033
    +0.61624
    +1.97327
    +0.49369
    +0.76945
    +0.29595
    +0.27855
    +1.39618
    +0.17423
    +0.38125
    +0.03028
    +0.36048
    +0.09747
    +1.21008
    +0.22002
    +0.48182
    +0.59045
    +0.00842
    +1.36924
    +1.26265
    +0.38449
    +0.73442
    +0.47964
    +0.76948
    +0.98042
    +0.00824
    +0.84356
    +1.44831
    +0.16381
    +0.23016
    +1.00958
    +0.59790
    +0.04681
    +0.01986
    +0.13035
    +0.05662
    +0.08330
    +0.48355
    +0.36448
    +0.06254
    +1.00843
    +0.02837
    +1.93595
    +0.27317
    +1.11389
    +0.71917
    +0.02957
    +0.11401
    +0.58976
    +0.27986
    +0.17388
    +1.09725
    +0.38015
    +1.05232
    +0.42001
    +0.07886
    +1.74409
    +1.44207
    +0.36903
    +0.11117
    +0.26620
    +1.25730
    +1.34813
    +0.41710
    +0.41808
    +0.22139
    +0.37821
    +0.62580
    +0.06423
    +0.00802
    +0.40190
    +0.09199
    +0.55812
    +0.91602
    +1.58743
    +0.00195
    +0.27325
    +0.32547
    +1.83025
    +0.10149
    +0.78744
    +0.75303
    +0.14452
    +0.14340
    +0.31210
    +0.20570
    +0.23604
    +0.85814
    +0.27950
    +0.11213
    +0.09882
    +0.05278
    +1.55031
    +0.44412
    +0.53072
    +0.04597
    +0.33192
    +1.29030
    +1.53804
    +0.48582
    +0.01302
    +0.66782
    +1.21594
    +0.33354
    +0.22136
    +0.20110
    +0.05405
    +0.31073
    +2.00463
    +0.15772
    +2.12370
    +1.48889
    +0.64151
    +0.23384
    +0.91508
    +0.11224
    +0.25933
    +1.22159
    +0.03979
    +0.05526
    +0.40102
    +0.59737
    +0.63842
    +0.01198
    +0.07954
    +0.33267
    +0.09788
    +0.32631
    +0.01892
    +0.33804
    +0.13281
    +0.44224
    +1.08474
    +0.56861
    +0.11521
    +0.25111
    +0.21326
    +0.08617
    +0.31981
    +0.12235
    +0.50194
    +0.00074
    +0.90763
    +0.96819
    +0.13837
    +0.01084
    +0.24327
    +1.88746
    +0.25687
    +0.16006
    +0.51878
    +0.14190
    +0.13721
    +0.46239
    +0.08177
    +0.30047
    +0.33726
    +0.22893
    +1.12504
    +0.31939
    +1.35551
    +0.09092
    +0.20716
    +0.84774
    +0.72955
    +0.13696
    +1.44256
    +0.20774
    +0.41108
    +0.32282
    +0.11672
    +0.08560
    +0.55140
    +0.49916
    +0.38434
    +0.53841
    +0.55878
    +0.11059
    +0.83790
    +1.13163
    +1.54510
    +0.39895
    +0.07355
    +0.67440
    +0.17622
    +0.93646
    +2.99556
    +0.56083
    +0.56721
    +0.03920
    +0.19257
    +0.02389
    +0.49563
    +2.14018
    +0.19557
    +0.08912
    +0.36455
    +0.13077
    +0.22520
    +0.21968
    +0.63161
    +0.66886
    +0.66066
    +0.97890
    +0.29412
    +0.10171
    +0.03070
    +0.38433
    +0.37917
    +1.80626
    +0.08918
    +0.53489
    +0.63281
    +1.05755
    +0.51325
    +0.22483
    +0.20175
    +1.06406
    +0.34353
    +0.19564
    +0.02360
    +0.08086
    +0.04785
    +0.99822
    +0.16583
    +0.10785
    +0.46346
    +0.47135
    +0.35994
    +1.37237
    +0.14552
    +0.31963
    +0.30617
    +0.13256
    +0.22112
    +0.28762
    +0.00915
    +0.04893
    +0.70432
    +0.59598
    +0.04040
    +0.44113
    +1.16657
    +0.36085
    +0.66650
    +0.16731
    +1.11831
    +0.38820
    +0.01717
    +0.33063
    +0.66877
    +0.39976
    +0.23097
    +1.17712
    +1.61756
    +0.01348
    +0.00002
    +0.91832
    +0.44976
    +0.24334
    +2.26633
    +0.65367
    +0.29783
    +0.16810
    +0.54614
    +0.82237
    +0.65374
    +0.26181
    +0.69647
    +0.50769
    +0.11839
    +0.11614
    +0.07039
    +0.93807
    +0.42707
    +0.30921
    +0.06682
    +0.61803
    +0.32103
    +0.40205
    +0.06687
    +0.27651
    +0.01250
    +1.10193
    +0.19451
    +0.52850
    +0.21990
    +0.65222
    +0.83759
    +0.60733
    +0.90397
    +0.27134
    +0.54684
    +0.05261
    +0.02730
    +1.65994
    +0.00167
    +1.75486
    +0.64720
    +0.85301
    +0.13299
    +0.19154
    +0.50468
    +1.12107
    +0.69695
    +2.02964
    +0.83209
    +0.77435
    +0.12077
    +0.82309
    +1.61274
    +0.50297
    +0.04071
    +0.25192
    +0.02492
    +0.03414
    +0.16143
    +1.86969
    +0.52513
    +0.00309
    +0.29274
    +1.71826
    +1.12036
    +0.43433
    +0.15606
    +0.00006
    +1.18579
    +0.68716
    +0.38510
    +0.71414
    +0.42837
    +0.42777
    +0.16069
    +0.16290
    +0.22094
    +0.21185
    +0.17550
    +0.41898
    +0.38573
    +1.27556
    +0.46986
    +0.37551
    +0.49812
    +0.61891
    +0.04246
    +0.16554
    +0.00924
    +0.34528
    +0.04788
    +0.46124
    +0.54396
    +0.02805
    +0.11467
    +0.02708
    +0.01248
    +0.53578
    +0.76076
    +0.22708
    +0.16033
    +0.63723
    +0.43965
    +0.63432
    +0.95784
    +0.04052
    +0.97267
    +1.10684
    +0.61674
    +0.28559
    +0.07357
    +0.11223
    +0.18104
    +0.66410
    +1.00985
    +0.77692
    +1.92703
    +0.06959
    +0.89135
    +0.24904
    +0.36633
    +0.14150
    +0.17980
    +0.49487
    +0.92262
    +0.01870
    +2.49209
    +0.09558
    +0.22611
    +0.44205
    +0.03642
    +0.15166
    +0.65862
    +0.28135
    +0.31879
    +0.57339
    +0.32138
    +0.25298
    +0.35818
    +1.15692
    +0.10617
    +1.17288
    +0.25697
    +0.18110
    +0.98387
    +0.49728
    +0.07934
    +0.26626
    +0.30194
    +0.10710
    +0.22534
    +0.86174
    +0.51113
    +0.06439
    +0.57295
    +0.35263
    +0.05156
    +0.10366
    +0.05259
    +1.44244
    +0.79598
    +0.79852
    +0.18108
    +0.45137
    +0.37025
    +0.89349
    +0.06318
    +0.08808
    +0.85627
    +1.95653
    +0.56412
    +0.19911
    +0.06629
    +0.01594
    +0.21826
    +0.56380
    +1.45060
    +0.04725
    +0.05692
    +1.10819
    +0.16050
    +0.51799
    +0.91517
    +2.20871
    +0.67760
    +0.13288
    +0.62595
    +1.43073
    +0.00196
    +0.64806
    +1.11305
    +0.95386
    +0.07613
    +0.25605
    +0.11188
    +0.46386
    +1.11383
    +0.26346
    +0.29163
    +2.12032
    +1.13554
    +0.77356
    +1.04186
    +0.42106
    +1.00032
    +0.73376
    +0.48047
    +0.06071
    +0.26325
    +0.12055
    +0.32443
    +0.30191
    +0.83994
    +0.17413
    +0.61573
    +0.04802
    +0.34473
    +1.82009
    +0.86882
    +0.52733
    +0.52511
    +0.09091
    +3.28873
    +0.71841
    +0.09113
    +0.16708
    +0.90877
    +0.68992
    +0.02978
    +0.02562
    +0.40790
    +0.84780
    +0.16893
    +0.12566
    +0.21116
    +0.12386
    +0.45905
    +0.68955
    +1.63036
    +0.05787
    +0.66745
    +0.66848
    +0.15341
    +0.17254
    +0.01663
    +0.56986
    +0.43067
    +0.27515
    +0.78012
    +0.07021
    +1.76927
    +0.46226
    +0.32699
    +0.14651
    +0.12232
    +0.66693
    +1.68916
    +0.66360
    +0.25759
    +0.81682
    +0.35314
    +0.09302
    +0.02498
    +0.48401
    +0.29329
    +1.04444
    +0.16103
    +0.18826
    +0.52191
    +0.39580
    +0.65208
    +0.25191
    +0.51843
    +0.25831
    +0.58887
    +0.13699
    +0.12226
    +0.52754
    +0.13305
    +0.54456
    +0.25338
    +0.07109
    +0.23451
    +0.81983
    +0.04409
    +0.43371
    +0.32898
    +0.66517
    +0.16549
    +0.65529
    +0.08582
    +0.35112
    +0.08095
    +1.51847
    +0.38401
    +0.00186
    +0.06496
    +0.63665
    +0.80900
    +0.44630
    +0.13776
    +0.16288
    +0.79799
    +0.86000
    +0.76880
    +0.06272
    +0.49558
    +0.09229
    +0.11734
    +0.12902
    +0.01023
    +0.12714
    +1.02193
    +0.17035
    +2.19015
    +0.48489
    +2.34106
    +1.14215
    +0.51289
    +0.13694
    +0.93481
    +0.56407
    +0.07131
    +0.23797
    +0.03948
    +0.06957
    +1.00684
    +0.08952
    +0.80889
    +0.06036
    +0.46015
    +0.74634
    +0.53584
    +0.80319
    +2.68633
    +0.04411
    +0.49744
    +0.51035
    +1.84728
    +0.39220
    +0.03597
    +0.06108
    +0.57573
    +0.08845
    +0.88909
    +0.20125
    +1.73326
    +0.49362
    +0.04830
    +1.48150
    +0.43870
    +0.41048
    +0.50891
    +0.03425
    +0.87729
    +0.18407
    +0.11231
    +0.14996
    +0.02732
    +1.56400
    +0.25930
    +0.15007
    +0.66720
    +1.28751
    +0.05351
    +1.53884
    +0.17368
    +0.11017
    +2.08275
    +0.10986
    +0.17657
    +0.84390
    +0.80367
    +0.00656
    +0.50614
    +0.47260
    +0.42237
    +0.92314
    +0.39204
    +0.41075
    +0.17367
    +1.00861
    +0.23275
    +0.89854
    +0.30484
    +0.05180
    +1.24892
    +0.12742
    +0.12520
    +0.11053
    +0.09586
    +0.56111
    +0.54218
    +0.30228
    +0.69693
    +0.59214
    +0.94149
    +0.18553
    +1.15669
    +0.57566
    +0.15506
    +0.03924
    +0.00584
    +0.08312
    +0.79763
    +0.05792
    +1.15326
    +0.51404
    +0.11980
    +0.67119
    +0.18730
    +0.69780
    +0.61476
    +0.47998
    +0.19990
    +0.06624
    +0.30006
    +1.13414
    +0.31291
    +0.21886
    +0.18529
    +0.23919
    +0.62193
    +0.26203
    +1.22869
    +0.37582
    +0.37166
    +0.59016
    +0.40993
    +0.16968
    +0.53119
    +0.81105
    +0.31969
    +0.18387
    +0.11723
    +0.64537
    +0.00243
    +1.09788
    +0.98486
    +0.40491
    +0.39665
    +0.00643
    +0.84830
    +0.09112
    +0.56490
    +0.36448
    +0.15743
    +1.28767
    +0.18837
    +0.37996
    +0.06482
    +0.05477
    +0.04982
    +0.27522
    +0.27304
    +0.68733
    +0.02337
    +1.07104
    +0.10208
    +1.01563
    +0.87936
    +0.11278
    +0.07319
    +0.27961
    +0.14048
    +0.31574
    +0.38704
    +0.58263
    +0.00047
    +0.12354
    +0.47144
    +2.40666
    +0.15446
    +0.79380
    +0.22736
    +0.89238
    +0.75258
    +0.15399
    +1.35760
    +0.24306
    +1.22332
    +0.31130
    +0.55131
    +0.21104
    +0.49402
    +0.24449
    +0.01849
    +0.01189
    +1.13540
    +0.04896
    +1.36471
    +0.16935
    +0.55699
    +0.12806
    +0.03477
    +0.14038
    +0.09688
    +0.14566
    +0.13618
    +0.07292
    +0.28721
    +1.52861
    +0.79327
    +0.02246
    +0.41445
    +0.50211
    +0.15798
    +0.48163
