+1.08710983E+00
+8.59809904E-01
+1.02555831E+00
+2.95364405E-01
+4.58169194E-01
+3.63800650E-01
+7.81729783E-01
+6.87750712E-02
+4.29209623E-01
+7.55120557E-01
+7.68389954E-01
+2.21092768E-01
+1.38569092E+00
+7.09815458E-01
+1.48189332E+00
+1.32708831E+00
+8.98803682E-01
+1.03428569E+00
+1.66099831E-02
+1.29726071E+00
+6.64222457E-01
+2.23526092E-01
+9.18201089E-01
+4.14896393E-01
+4.42789279E-01
+5.91171937E-01
+8.59273303E-01
+8.35705236E-01
+9.04326858E-01
+1.07426381E+00
+5.88137983E-01
+1.69863074E-01
+5.76944776E-01
+1.91112204E+00
+7.69785359E-01
+8.34536240E-01
+7.58005780E-01
+4.18479675E-01
+5.92080158E-01
+6.28435022E-01
+7.15111370E-01
+2.76699947E-01
+1.26128241E+00
+7.09179458E-01
+4.43098586E-01
+5.92514335E-01
+7.64262826E-01
+1.07380764E+00
+3.08883909E-01
+1.32742751E+00
+8.47741416E-01
+4.41263033E-01
+4.14286955E-01
+8.48876469E-01
+9.28955924E-01
+6.05075069E-01
+5.09477993E-01
+6.30668470E-01
+4.52144963E-01
+8.17735920E-01
+3.96471767E-01
+2.16624146E-01
+1.64966352E+00
+1.23005694E-01
+1.91441637E+00
+1.87474528E-01
+1.02901992E+00
+6.73549738E-01
+5.98243104E-01
+9.12022415E-01
+1.24925745E+00
+1.26701075E+00
+1.89175829E+00
+1.06301973E+00
+1.39493430E+00
+7.26040092E-01
+7.84189463E-01
+1.78999820E-01
+1.49881496E+00
+5.97241438E-01
+1.26095692E+00
+4.34177500E-01
+5.63117739E-01
+1.26160861E+00
+1.79740007E+00
+2.86469674E-01
+8.72194778E-01
+8.19722323E-01
+3.86739544E-01
+5.51401724E-01
+7.05413519E-01
+7.83184103E-01
+1.10528669E+00
+7.51854238E-01
+1.37959890E+00
+6.29499914E-01
+6.73033666E-01
+8.86712484E-01
+6.20111765E-01
+1.25457076E-01
+7.56772091E-01
+2.19695496E-01
+7.25969317E-01
+9.12845966E-01
+5.53808687E-01
+5.13968106E-01
+1.48049325E+00
+6.48390181E-01
+3.06475578E-01
+1.99929516E+00
+1.22721495E+00
+1.93801866E-01
+8.39079628E-01
+5.87072774E-01
+4.18262517E-01
+1.96373815E+00
+8.45863092E-01
+7.83257950E-01
+1.39112828E+00
+1.38684332E+00
+9.90920081E-01
+8.96675171E-01
+7.22495303E-01
+6.79756188E-01
+5.90565904E-01
+8.02319664E-01
+7.78377167E-01
+5.10540802E-01
+1.06943887E+00
+1.20332394E+00
+5.27676260E-01
+4.05690219E-01
+1.67883085E+00
+1.59485317E+00
+1.07684332E+00
+4.94468990E-01
+2.02753382E+00
+9.54065584E-01
+1.01589828E+00
+8.55875980E-01
+9.20902962E-01
+1.44458312E+00
+1.66885063E+00
+1.20657651E+00
+8.64686743E-01
+9.58810531E-01
+2.17583216E-01
+9.52544790E-01
+1.16843577E+00
+4.96728975E-01
+3.66652089E-01
+5.18926765E-01
+6.22832764E-01
+1.07493817E+00
+6.23400615E-01
+6.43813682E-01
+5.87182189E-01
+8.16614181E-01
+8.34212279E-01
+2.15848847E+00
+1.02757125E+00
+6.89955295E-01
+1.45813264E+00
+5.37649333E-01
+1.42782696E+00
+5.95437313E-01
+1.38841443E+00
+4.13066953E-02
+3.89769244E-01
+9.09677729E-01
+7.71838960E-01
+8.47076003E-01
+8.71408321E-01
+7.11850471E-01
+3.61510992E-01
+1.08598013E+00
+6.15453710E-01
+3.64644795E-01
+1.14560950E+00
+9.86927262E-01
+6.30041552E-01
+6.87547380E-01
+9.88438246E-01
+2.42877454E-01
+7.96421061E-01
+8.48348792E-01
+1.65928600E+00
+1.29418378E+00
+8.36394721E-01
+1.58020946E+00
+4.53936548E-01
+7.03881383E-01
+4.88007721E-01
+9.57521395E-01
+7.01540032E-01
+1.49823730E+00
+1.74060663E+00
+1.17821719E+00
+1.47634567E+00
+2.71476742E-01
+8.19774270E-01
+5.59018566E-01
+1.05099419E+00
+5.71405454E-01
+5.69278375E-01
+1.10652835E+00
+7.49826140E-01
+4.16006786E-01
+1.57688773E+00
+5.16844293E-01
+3.07004453E-01
+1.50933987E+00
+1.26730186E+00
+1.07823201E-01
+4.35037366E-01
+9.45342104E-01
+1.72710807E+00
+5.46632833E-01
+5.43595025E-01
+6.09176068E-01
+1.12847214E+00
+9.05319254E-01
+7.29969409E-01
+8.93443892E-01
+7.00304471E-01
+6.32727404E-01
+1.06616084E+00
+9.02273493E-01
+1.78160288E+00
+5.95328461E-01
+1.13695233E+00
+3.31150824E-01
+1.39915839E+00
+7.55529133E-01
+1.48001828E+00
+9.85424301E-01
+1.25217322E+00
+8.13106255E-01
+1.13447215E+00
+8.53338797E-01
+9.39479322E-01
+9.89922813E-01
+1.73466298E+00
+1.42036200E+00
+5.19149775E-01
+6.74755099E-01
+4.96739758E-01
+1.09409401E-01
+8.43035149E-01
+6.48960714E-01
+7.90230440E-01
+9.47835071E-01
+1.49151362E+00
+7.95404561E-01
+7.15375415E-01
+5.27043756E-01
+3.50148002E-01
+4.63824616E-01
+4.02749310E-01
+6.65639879E-01
+4.12004997E-01
+2.31878134E-01
+1.11457751E+00
+3.16041062E-01
+1.13050095E-01
+9.46273060E-01
+4.88057514E-01
+8.13660068E-01
+8.41402233E-01
+2.40141516E-01
+4.39382308E-01
+2.03235273E+00
+9.38868209E-01
+4.29786688E-01
+9.03512028E-01
+4.86775026E-01
+3.65067486E-01
+7.36826259E-01
+8.11762129E-01
+4.92413786E-01
+9.81189023E-01
+4.29519397E-01
+6.15623800E-01
+1.68030455E-01
+1.30731313E+00
+9.26449375E-01
+3.64520021E-01
+1.01228876E+00
+1.05323899E+00
+9.23959815E-01
+5.75008650E-01
+6.33257688E-01
+4.97729888E-01
+2.94225865E-01
+8.37991246E-01
+7.01386676E-01
+9.46814715E-01
+1.57692099E+00
+5.49077689E-01
+4.09874170E-01
+8.22771642E-01
+1.79111511E-01
+8.08738828E-01
+7.25972334E-01
+3.58660845E-01
+1.16502874E+00
+8.20142761E-01
+1.38365067E+00
+9.70892305E-01
+6.90268639E-01
+1.52535911E+00
+5.57293357E-01
+4.45288097E-01
+1.33584630E+00
+3.99005170E-01
+1.11078862E+00
+1.19238129E+00
+7.73742228E-01
+1.56237185E+00
+4.98576164E-01
+3.35501280E-01
+2.80004258E-01
+2.74821823E+00
+2.77813508E-01
+1.37383076E+00
+8.24559908E-01
+6.23210631E-01
+6.28195781E-01
+2.02558726E+00
+1.58494401E+00
+7.47990159E-01
+2.98074752E-01
+1.30170915E+00
+1.07800329E+00
+1.17504387E+00
+1.20665296E+00
+1.72222967E+00
+5.67999842E-01
+1.59149632E-01
+1.26159208E+00
+1.01087801E+00
+1.26394459E+00
+8.13514571E-01
+5.73237980E-01
+4.75720262E-01
+7.30878654E-01
+2.33347690E+00
+4.22064102E-01
+5.61881844E-01
+3.59422625E-01
+1.32713915E+00
+1.18896132E+00
+1.98756566E-01
+3.65011238E-02
+8.03681001E-01
+1.82083440E+00
+2.30750012E-01
+1.14001587E+00
+3.68226901E-01
+4.82633795E-01
+1.18704188E+00
+7.12870981E-01
+1.23229228E+00
+3.47266200E-01
+7.33564838E-01
+2.00599585E+00
+8.40580998E-01
+1.34625032E+00
+5.21214957E-01
+7.11336901E-01
+1.49315345E+00
+4.92593180E-01
+5.42067245E-01
+1.19709460E+00
+8.64005087E-01
+3.39827190E-01
+1.39665677E+00
+4.09649926E-01
+1.46862395E+00
+1.17796915E+00
+4.62917806E-01
+8.34380888E-01
+8.58946240E-01
+1.59948911E+00
+1.19677800E+00
+1.56672916E+00
+1.86576725E+00
+5.44061086E-01
+7.68155192E-01
+1.04683601E-01
+6.26094865E-01
+1.32662397E+00
+7.88270834E-01
+4.08507419E-01
+1.77300987E+00
+2.75225831E-01
+1.24455819E+00
+2.42763256E-01
+3.52658685E-01
+7.57178306E-01
+2.07188426E+00
+8.49209251E-01
+1.41507415E+00
+3.05562176E-01
+9.71802033E-01
+2.19385416E+00
+1.39942994E+00
+1.12375928E+00
+7.32469760E-01
+3.75980642E-01
+7.36069004E-01
+1.25093884E+00
+9.20829029E-01
+9.69642207E-01
+7.17436238E-01
+8.97824862E-01
+3.64863494E-01
+5.46942813E-01
+3.30413735E-01
+7.72783347E-01
+2.47936287E-01
+3.98139436E-01
+4.83715272E-01
+1.09623540E+00
+6.05325311E-01
+6.37227150E-01
+7.90546582E-01
+1.36791955E+00
+1.17791510E+00
+9.35773210E-01
+9.55626125E-01
+1.35763407E+00
+7.26201715E-01
+3.50284221E-01
+1.18163351E+00
+3.95294793E-01
+8.04317224E-01
+1.28547996E+00
+1.00601451E+00
+4.33677392E-01
+1.17265875E+00
+1.20363234E+00
+5.68904588E-01
+5.80389249E-01
+1.02792550E+00
+1.35463577E+00
+1.51495237E+00
+1.46827133E+00
+1.95115559E+00
+4.90262095E-01
+2.62387928E-01
+9.17656868E-01
+5.62654806E-01
+1.33472052E+00
+8.95541024E-01
+9.67510498E-01
+9.36772346E-01
+2.81869666E-01
+5.32121415E-01
+1.54782320E+00
+1.34340329E+00
+1.50460883E+00
+8.63815346E-01
+6.54010433E-01
+1.02092534E+00
+7.66373493E-01
+9.66235774E-01
+2.04296929E-01
+1.68485515E+00
+1.49542234E+00
+7.75755089E-01
+8.19450857E-02
+1.37102364E-01
+1.47757573E+00
+6.18236490E-01
+2.25568086E-01
+8.21524147E-01
+8.99592683E-01
+1.14186786E+00
+2.22253433E+00
+1.65914197E-01
+1.22488780E+00
+6.08237717E-01
+7.40294825E-01
+1.13842049E+00
+1.43528975E+00
+1.63065339E+00
+1.55542334E+00
+7.12287323E-01
+5.83338233E-01
+1.14856471E+00
+1.45689193E+00
+4.51101231E-01
+1.96705654E+00
+5.14581699E-01
+1.21770434E+00
+1.07409099E+00
+1.21749521E+00
+7.25377947E-01
+6.96558456E-01
+9.90827056E-01
+7.69480403E-01
+6.37735802E-01
+3.22859024E-01
+9.90766535E-01
+7.90166567E-01
+8.01608571E-02
+1.60375874E+00
+1.10006309E+00
+1.20718862E+00
+1.61620267E+00
+1.10610539E+00
+1.15713426E+00
+5.87419064E-01
+1.59358715E+00
+8.39025128E-01
+1.07323121E+00
+9.62905591E-01
+4.59634322E-01
+8.99880615E-01
+9.16595500E-01
+1.58779678E+00
+1.70955530E+00
+1.00577681E+00
+1.17571654E+00
+6.37026627E-01
+1.54156201E+00
+7.69385108E-01
+1.41238047E+00
+4.98382124E-01
+1.02642823E+00
+4.73337584E-01
+9.07354783E-01
+1.99414198E+00
+9.47753412E-01
+7.73944030E-01
+7.59746187E-01
+1.06558097E+00
+6.91968535E-01
+1.39017474E+00
+3.27174761E-01
+9.05471583E-01
+1.31782836E+00
+8.97018446E-01
+1.54316020E-01
+6.43271449E-01
+1.02664691E+00
+6.80405687E-01
+1.04831945E+00
+3.37783767E-01
+1.21248919E+00
+5.47368381E-01
+1.41654367E+00
+1.01121072E+00
+9.30107103E-01
+4.74086613E-01
+7.32291059E-01
+6.00523589E-01
+3.95042317E-01
+1.24615259E+00
+7.08650136E-01
+7.27040451E-01
+8.08075351E-01
+7.97244202E-01
+1.18765996E+00
+9.53273713E-01
+1.01226911E+00
+8.37655797E-01
+1.95207848E+00
+1.36609584E+00
+1.36193407E+00
+1.50008533E+00
+5.73103596E-01
+7.62130344E-01
+4.44706740E-01
+8.30842369E-01
+5.95601083E-01
+8.39492676E-01
+4.87016424E-01
+5.10594830E-01
+2.32090978E-01
+1.57634826E+00
+5.45968232E-01
+1.56833810E+00
+2.42712522E-01
+5.65257185E-01
+1.05555942E+00
+1.56735419E+00
+3.42299207E-01
+3.90999772E-01
+5.24352779E-01
+1.76314761E+00
+1.11853331E+00
+7.90573427E-01
+6.87685496E-01
+1.29634880E+00
+9.76212296E-01
+1.41429315E+00
+1.69259783E+00
+1.78892862E+00
+9.68375281E-01
+1.57886103E+00
+6.28455163E-01
+5.04358053E-01
+2.69725967E-01
+1.29399332E+00
+1.49470537E+00
+6.87065125E-01
+6.17868520E-01
+9.63340459E-01
+2.29240238E-01
+6.70362496E-01
+7.88817306E-01
+1.31142940E+00
+1.05047328E+00
+1.80438657E+00
+3.42044176E-01
+1.12453845E+00
+4.37633101E-01
+1.00113475E+00
+3.79474531E-01
+8.91969616E-01
+1.13904237E+00
+1.02186967E+00
+9.00003462E-01
+1.28483615E+00
+9.03782837E-01
+3.10277878E-01
+5.30919611E-01
+8.37538053E-01
+9.07135709E-01
+1.09251141E+00
+1.28951665E-01
+2.35429204E-01
+1.39436693E+00
+6.10833898E-01
+5.47666935E-01
+4.28053072E-01
+1.75768584E+00
+1.15761854E+00
+8.51210670E-01
+6.37146196E-01
+1.13679263E+00
+2.61617589E-01
+4.21213445E-01
+6.22931417E-01
+7.98918519E-01
+9.17710974E-01
+9.79207732E-02
+1.29871095E+00
+8.71869882E-01
+6.77009942E-02
+1.44008803E+00
+9.83582825E-01
+8.86112343E-01
+1.16343841E+00
+4.86448639E-01
+1.82097914E+00
+1.40621714E+00
+1.02022620E+00
+1.50386282E+00
+5.63778025E-01
+7.49386037E-01
+9.77195634E-01
+4.24230886E-01
+6.59667832E-01
+3.59479955E-01
+1.21301581E+00
+6.82691468E-01
+6.61460881E-01
+7.25144450E-01
+1.31183405E-01
+7.84833038E-01
+9.52115696E-01
+1.13655571E+00
+3.45578062E-01
+1.33029218E+00
+1.82730601E-01
+3.65782314E-01
+3.48703581E-01
+1.32344315E+00
+1.73524309E+00
+7.80964926E-01
+4.95134640E-01
+1.08418273E+00
+3.53400036E-01
+5.07378053E-01
+4.76540346E-01
+7.58143636E-01
+1.20261004E+00
+1.10418112E+00
+1.90543922E+00
+1.94635798E+00
+6.48332395E-01
+6.60528730E-01
+4.46142108E-01
+1.39303013E+00
+1.13203300E+00
+3.93354752E-01
+1.53529520E+00
+5.81923731E-01
+1.08212120E+00
+8.86979491E-01
+1.18503013E+00
+6.21135576E-01
+5.45598330E-01
+9.81194571E-01
+7.84264093E-01
+1.19222342E+00
+1.07774742E+00
+1.23954190E+00
+7.78263243E-01
+1.22188323E+00
+1.24820842E+00
+3.01054982E-01
+6.21930375E-01
+9.93892646E-01
+4.48079693E-01
+5.92030233E-01
+1.92031325E+00
+7.51046346E-01
+1.27775879E+00
+7.92195803E-01
+5.40861250E-01
+1.07315343E+00
+6.66015481E-01
+5.78221204E-01
+1.40279442E+00
+7.73028948E-02
+1.02384511E+00
+7.08636426E-01
+9.86345275E-01
+1.74355982E+00
+7.33683130E-01
+8.70661062E-01
+9.92882120E-01
+9.53086094E-01
+2.08768049E+00
+3.88018168E-01
+5.04367662E-01
+1.13230183E+00
+1.69817651E+00
+1.87155602E+00
+1.07932013E+00
+1.13023129E+00
+9.69537809E-01
+8.06901817E-01
+3.85242638E-01
+1.30986868E+00
+1.74874665E+00
+7.89078914E-01
+4.70708592E-01
+8.53768754E-01
+1.04412053E+00
+9.76679540E-01
+2.24019432E-01
+1.00289831E+00
+3.64737259E-01
+1.70319833E+00
+1.29520034E+00
+9.53653829E-01
+1.56496681E+00
+6.70703132E-01
+1.13958582E+00
+9.67092458E-01
+1.30273772E-01
+1.24023966E+00
+3.04034429E-01
+7.77165594E-01
+4.37882238E-01
+4.56484829E-01
+5.25770205E-01
+8.60180232E-01
+5.14140024E-01
+7.55583807E-01
+4.90397346E-01
+4.08859763E-01
+6.44793940E-01
+9.83932008E-01
+3.93644489E-01
+1.05266001E+00
+1.25856041E-01
+1.36357622E+00
+5.59019849E-01
+6.55970974E-01
+2.14602221E-01
+7.98810725E-01
+7.54503539E-01
+8.54216669E-01
+1.30400431E+00
+1.03530651E+00
+3.70023418E-01
+3.74928730E-01
+5.26181383E-01
+1.24706096E+00
+8.30858500E-01
+1.12359454E+00
+5.59297477E-01
+2.17429909E+00
+4.28934309E-01
+6.64168314E-01
+8.68482643E-01
+6.79208941E-01
+3.32337640E-01
+1.07507378E+00
+8.22838212E-01
+5.35125238E-01
+9.82552288E-01
+1.59402174E+00
+7.96168645E-01
+6.96748500E-01
+5.63691909E-01
+1.54468549E+00
+7.58672618E-01
+1.70986166E+00
+3.24122400E-01
+7.40915720E-01
+7.01874816E-01
+1.77608690E-01
+1.06500214E+00
+1.39878596E+00
+3.26528283E-01
+1.62028456E+00
+2.96799068E-01
+1.76625658E+00
+1.58094638E+00
+1.53085788E+00
+1.41951444E+00
+9.37770847E-01
+1.63591136E-01
+4.09621359E-01
+1.39382159E+00
+5.54731625E-01
+6.28925028E-01
+7.89855751E-01
+1.38070263E+00
+5.28930951E-01
+4.83628293E-01
+2.74942939E-01
+1.90945453E-01
+9.04464201E-01
+1.42389480E+00
+1.19930667E+00
+6.44978957E-01
+3.13223635E-01
+1.27676640E+00
+9.65158311E-01
+1.92927446E+00
+8.43667781E-01
+5.81361446E-01
+7.96107944E-02
+7.39503117E-01
+3.36319915E-01
+1.24749156E+00
+9.98471406E-01
+5.15336077E-01
+7.78694826E-01
+1.26056025E-01
+7.04278809E-01
+1.41542919E+00
+4.09294563E-01
+1.30442371E+00
+3.82491183E-01
+1.16575549E+00
+3.13881721E-01
+4.41189834E-01
+1.25447086E+00
+9.56104615E-01
+5.48786372E-01
+2.13811182E+00
+5.80810190E-01
+3.17496861E-01
+8.06298699E-01
+8.88680922E-01
+8.88360816E-01
+1.22082564E+00
+3.78634417E-01
+1.68118063E+00
+8.88227365E-01
+7.09321247E-01
+1.05673604E+00
+4.60749333E-01
+6.53209673E-01
+1.28200932E+00
+8.78774864E-01
+2.48757914E+00
+6.55124255E-01
+4.20214005E-01
+3.71092947E-01
+1.08177026E+00
+1.26138747E+00
+1.92954661E-01
+1.29301092E+00
+1.17183226E-01
+3.87622637E-01
+4.18732552E-01
+1.25105957E+00
+1.04186259E+00
+8.64472717E-01
+1.23616648E+00
+3.73141113E-01
+2.87957323E-02
+9.67963872E-01
+1.68149498E+00
+4.96106294E-01
+5.54316624E-01
+9.99043909E-01
+8.32481786E-01
+5.15126107E-01
+6.43605120E-01
+6.08050507E-01
+1.53334477E+00
+1.29996997E+00
+9.81288440E-01
+3.04718892E-01
+1.04532495E+00
+1.27952072E+00
+5.67628422E-01
+6.20868906E-01
+9.66998092E-01
+2.51934924E+00
+5.82736867E-01
+9.58369456E-01
+7.56157238E-01
+5.59822309E-01
+6.64155258E-01
+5.68327539E-01
+3.82748746E-01
+1.15718518E+00
+8.57875575E-01
+1.52986062E+00
+2.00740638E+00
+2.25688159E-01
+3.71835369E-01
+4.65517854E-01
+3.26464177E-01
+1.21366452E+00
+5.40485129E-01
+6.95390147E-01
+1.30112132E+00
+4.52231972E-01
+9.78300624E-01
+9.20817601E-01
+7.17923785E-01
+1.81524275E-02
+6.75064516E-01
+6.60570286E-01
+1.58144186E+00
+1.27760082E+00
+6.12314477E-01
+9.41338273E-01
+4.04586721E-01
+1.08444012E+00
+1.31184591E+00
+1.03635238E+00
+5.64326090E-01
+1.09108215E+00
+1.14453179E-01
+9.96769640E-01
+5.19110866E-01
+6.14627111E-01
+9.55238391E-01
+7.14169962E-01
+1.07300931E+00
+8.80659718E-01
+3.21188438E-01
+1.28005726E+00
+4.05233638E-01
+1.71601830E+00
+1.13955790E+00
+8.73889554E-01
+8.56903517E-01
+2.49140229E-01
+1.16722842E+00
+5.86538252E-01
+7.97015702E-01
+1.30844912E+00
+5.56450740E-01
+1.31135186E+00
+1.25870650E+00
+1.07334988E+00
+1.12144127E+00
+6.61219005E-01
+5.58228736E-01
+8.42275271E-01
+1.16265055E+00
+3.10735415E-01
+8.54670624E-01
+3.05801000E-01
+1.03334857E+00
+9.04234146E-01
+8.75461899E-01
+3.99748115E-01
+9.62514396E-01
+3.34218270E-01
+7.95732587E-01
+4.68147693E-01
+1.89815037E+00
+8.96652659E-01
+1.06670376E+00
+2.73960044E-01
+1.61586755E+00
+6.92098754E-01
+6.22665547E-01
+1.44887935E+00
+3.87925676E-01
+6.51371808E-01
+7.09400571E-01
+4.91444424E-01
+6.86761368E-01
+4.17557996E-01
+5.93719390E-01
+9.12532493E-01
+1.06666657E+00
+4.13863111E-01
+6.31170253E-01
+1.19622933E+00
+8.94958558E-01
+2.68895178E-01
+2.97509670E-01
+7.07237641E-01
+1.23177493E+00
+2.23982525E-01
+4.07125582E-01
+2.56844325E-01
+1.39855489E+00
+6.99314131E-01
+8.87220115E-01
+4.05590611E-01
+1.89210515E-01
+1.19999323E+00
+3.87036721E-01
+8.23320061E-01
+1.04222039E+00
+1.90931512E+00
+2.78462017E-01
+1.21710944E+00
+2.15672646E-01
+7.39146229E-01
+9.37658623E-01
+2.69912228E-01
+3.43467823E-01
+9.48154458E-01
+4.60438456E-01
+1.24387999E+00
+2.66751134E-01
+6.96715085E-01
+8.92823671E-01
+1.77254601E-01
+5.48060517E-01
+1.43526053E+00
+1.48804397E+00
+7.01905616E-01
+1.03682564E+00
+1.53838227E+00
+1.44677592E+00
+1.61903192E+00
+1.04884194E+00
+7.24408642E-01
+1.36473539E+00
+5.26713848E-01
+6.42556924E-01
+1.08946720E+00
+1.47037520E+00
+9.00086276E-01
+2.03983697E+00
+6.84785785E-01
+7.95189774E-01
+2.18798943E-01
+4.08537293E-01
+8.14081935E-01
+7.20923300E-01
+1.25205442E+00
+6.65359179E-01
+6.73427728E-01
+1.21522057E+00
+2.73559368E+00
+9.58431710E-01
+3.10062239E-01
+6.85295657E-01
+1.60793855E+00
+7.42306977E-01
+9.11960863E-01
+9.90835704E-01
+1.12099281E+00
+1.79426613E-01
+5.24920131E-01
+1.06495137E+00
+5.35056957E-01
+1.56794362E+00
+7.94028098E-01
+6.59350319E-01
+9.67254213E-01
+1.15310996E+00
+9.27302511E-01
+5.76751496E-01
+1.58467676E+00
+9.23701399E-01
+1.29041026E+00
+6.47916235E-01
+1.07333820E+00
+1.71898918E+00
+2.21607315E-01
+6.49419804E-01
+4.75484427E-01
+1.90678595E+00
+7.05843829E-01
+7.52053608E-01
+1.06824023E+00
+1.03326743E+00
+1.35853441E+00
+9.11138426E-01
+2.24290850E-01
+1.44247560E+00
+5.29449920E-01
+9.21112961E-01
+5.35874581E-01
+7.30913075E-01
+4.67919369E-01
+1.54262363E+00
+7.62782763E-01
+5.40324834E-01
+1.19141819E+00
+1.28148254E+00
+7.22729474E-01
+3.67835828E-01
+7.86517497E-01
+7.07855514E-01
+4.67995660E-01
+1.00815235E+00
+1.18958405E+00
+7.68829722E-01
+1.09123820E+00
+1.04567237E+00
+6.97761113E-01
+3.42287131E-01
+6.29714540E-01
+3.56559950E-01
+1.28664702E+00
+9.47598788E-02
+7.46991992E-01
+4.20559899E-02
+4.17748297E-01
+8.26829022E-01
+8.55584241E-01
+9.62981418E-01
+1.22606785E+00
+1.98608035E+00
+1.38157314E+00
+6.70644536E-01
+3.42468213E-01
+1.43865213E+00
+1.39608750E+00
+8.79268049E-01
+1.50289605E+00
+3.66240427E-01
+9.85303564E-01
+2.30503085E+00
+1.21451829E+00
+9.05415291E-01
+6.37010357E-02
+3.01771514E-01
+4.36210921E-01
+1.51074287E+00
+5.70741097E-01
+7.82437873E-01
+1.05511489E-01
+1.42350841E+00
+8.34883163E-01
+1.58451143E-01
+6.89801096E-01
+5.64584969E-01
+7.44310492E-01
+3.98111263E-01
+1.10987529E+00
+3.53918672E-01
+1.25850464E+00
+1.46050430E+00
+1.35271321E+00
+4.46945093E-01
+5.79130943E-01
+1.64960679E+00
+9.75305580E-01
+1.34488841E+00
+6.51371464E-01
+2.98516186E-01
+5.94618302E-01
+1.64091973E+00
+1.59098335E+00
+3.83717520E-01
+9.09919875E-01
+8.31419027E-01
+1.11403049E+00
+6.98329501E-01
+9.30898048E-01
+5.51870448E-01
+2.45045967E-01
+1.07684222E+00
+1.05675871E+00
+4.01905814E-01
+8.99555485E-01
+9.68990187E-01
+1.27634849E-01
+1.08708309E+00
+6.62730115E-01
+1.39116421E+00
+8.19023843E-01
+9.83950774E-01
+8.32373363E-01
+4.29584087E-01
+4.22330115E-01
+4.68917844E-01
+4.22087425E-01
+1.09810370E-01
+1.02705027E+00
+9.31226326E-01
+1.24473887E+00
+1.24535155E+00
+5.39667473E-01
+5.00136959E-01
+1.70216539E+00
+3.35055359E-01
+3.49657170E-01
+1.36294532E+00
+5.83796745E-01
+8.92407436E-02
+1.85370868E+00
+3.84127266E-01
+1.37300438E+00
+6.57401166E-01
+2.05472164E+00
+1.20761577E+00
+8.16868914E-01
+4.96276915E-01
+5.05448357E-01
+1.18594165E+00
+4.75723605E-01
+6.43479391E-01
+2.91220727E-01
+1.75037956E-01
+5.41505456E-01
+3.54066780E-01
+6.02342113E-01
+1.94806131E+00
+1.27259208E+00
+4.08511915E-01
+5.07865956E-01
+7.66542335E-01
+2.24492119E-01
+2.40012339E-01
+7.16390546E-01
+1.12659972E+00
+9.14932560E-01
+7.50628955E-01
+5.34466833E-01
+1.84649660E-01
+8.51410013E-01
+2.55433540E-01
+1.83443911E+00
+8.19430703E-01
+1.42078725E+00
+5.07815042E-01
+5.93491744E-01
+1.25875449E+00
+1.23193954E+00
+2.85918609E-01
+1.92063915E+00
+1.23088937E+00
+1.39232718E+00
+1.37173065E+00
+7.10359627E-01
+7.82121136E-01
+6.47533839E-01
+1.26024631E+00
+8.03275951E-01
+8.19775341E-01
+3.80968361E-01
+3.74395700E-01
+4.67747942E-01
+1.45853208E+00
+4.67319302E-01
+1.15819825E+00
+1.47060824E+00
+1.97937464E+00
+1.01988479E+00
+3.67548926E-01
+5.82489712E-01
+1.43723957E+00
+4.98014448E-01
+7.24291681E-01
+1.22890708E-01
+7.30394420E-01
+5.72000861E-01
+6.70616551E-01
+1.21978925E+00
+3.14575771E-01
+1.32184969E+00
+9.18795927E-01
+4.06399061E-01
+1.83604526E+00
+1.20088946E+00
+1.45054257E+00
+5.50242971E-01
+6.04251357E-01
+2.48718792E-01
+3.88489188E-01
+1.00319759E+00
+1.23431628E+00
+5.13854875E-01
+7.24173603E-01
+1.63154564E+00
+1.31268741E+00
+4.81520450E-01
+4.98246462E-01
+1.32342705E+00
+1.21517317E+00
+8.40749359E-01
+1.09343132E+00
+5.78905203E-01
+1.04205271E+00
+7.40387793E-01
+1.02342746E+00
+8.98613136E-01
+1.16845019E+00
+7.38317034E-01
+9.70413270E-01
+5.16334432E-01
+1.14692912E+00
+1.53318111E+00
+1.70770463E+00
+6.53991282E-01
+6.91091954E-01
+7.23553583E-02
+5.96344710E-01
+8.05465426E-01
+1.61686699E+00
+5.60036458E-01
+1.07295632E-01
+9.05592434E-01
+1.61535755E+00
+4.81635782E-01
+1.36261598E+00
+6.72330040E-01
+4.26962032E-01
+1.04822755E+00
+9.23143685E-01
+8.76252256E-01
+4.30120909E-01
+2.59278810E-01
+5.96825044E-01
+8.14642536E-01
+9.55918614E-01
+9.45501594E-01
+5.70997756E-01
+8.98481445E-01
+6.21141410E-01
+1.26189240E+00
+4.56594126E-01
+4.94738265E-01
+1.41370757E+00
+4.41009541E-01
+8.59943672E-01
+7.92910007E-01
+3.44977556E-01
+3.51954756E-01
+1.02655679E+00
+3.17662371E-01
+6.80271855E-01
+2.73316299E-01
+7.16980685E-01
+6.95053037E-01
+8.12256931E-01
+1.11720600E+00
+9.01455742E-01
+1.43568154E+00
+1.12188472E+00
+4.83218116E-01
+8.31629840E-01
+7.07802955E-01
+1.41320218E+00
+9.09449979E-02
+8.90652676E-01
+4.24106905E-01
+4.94521680E-01
+7.59266767E-01
+1.55760675E+00
+1.31434200E+00
+4.41097434E-01
+1.54446514E+00
+5.06513353E-01
+1.22786793E+00
+1.15690558E+00
+8.20552577E-01
+8.28062900E-01
+6.80060773E-01
+8.79306781E-01
+5.69687863E-01
+1.15910556E+00
+5.36118822E-02
+1.45574908E+00
+4.30941272E-01
+1.24481081E+00
+6.84467256E-01
+8.83635410E-01
+1.14605486E+00
+3.62629759E-01
+3.53201540E-01
+5.62048408E-01
+1.35683887E+00
+1.95882438E+00
+1.77090402E+00
+1.04089120E+00
+1.03808521E+00
+2.83393339E-01
+1.40210525E+00
+1.67343051E+00
+7.08948738E-01
+1.06804166E+00
+6.89327796E-01
+6.61836688E-01
+1.21737668E+00
+6.44584342E-01
+5.69224252E-01
+6.85655940E-01
+4.03612978E-01
+1.54621000E+00
+5.97744357E-01
+1.10928472E+00
+1.14597777E+00
+2.40958938E-01
+2.69171887E-01
+2.44607484E-01
+1.19156561E+00
+2.38024742E-01
+8.07243714E-01
+1.88756118E+00
+1.18206156E+00
+3.21269869E-01
+1.05801338E+00
+2.97029146E-01
+5.22506359E-01
+4.51005288E-01
+1.13984582E+00
+1.87704229E+00
+1.11679266E+00
+1.36073614E+00
+1.03454821E+00
+9.18130047E-01
+1.02147363E+00
+1.31331211E+00
+1.42949505E+00
+9.59207180E-01
+5.52492507E-01
+4.60511819E-01
+1.16973180E+00
+8.09576309E-01
+3.09934322E-01
+7.55965417E-01
+3.84459538E-01
+2.54709708E-01
+2.28975680E-01
+2.88575069E-01
+1.88989022E+00
+3.99538525E-01
+1.52303215E+00
+9.27393179E-01
+1.20644628E+00
+4.30221864E-01
+1.14483277E+00
+5.47329614E-01
+5.80353471E-01
+8.70889992E-01
+5.55833077E-01
+1.29008863E-01
+1.25779308E+00
+1.13667301E+00
+2.72729121E-01
+1.22669531E+00
+1.24587854E+00
+5.16502883E-01
+5.33227274E-01
+2.41469207E-01
+8.05232250E-01
+4.14056629E-01
+1.65237477E+00
+5.21498733E-01
+9.60876537E-01
+1.22355982E+00
+4.31978729E-01
+4.91949177E-01
+1.05322978E+00
+1.69391761E-01
+6.26906122E-01
+6.82987962E-01
+7.66610337E-01
+5.47164980E-01
+6.69479712E-01
+6.48714356E-01
+9.70197548E-01
+8.13670465E-01
+9.55408762E-01
+1.20755510E+00
+1.05942617E+00
+7.78389108E-01
+1.80603270E+00
+1.47527019E+00
+6.68778992E-01
+4.64319784E-01
+6.83253481E-01
+6.02283853E-01
+1.32785168E+00
+9.55918243E-01
+2.66922016E-01
+5.58647907E-01
+3.38628954E-01
+7.01858853E-01
+1.15682373E+00
+1.92899666E+00
+9.30326135E-01
+3.37301471E-01
+1.01319401E+00
+1.24945485E+00
+1.41094898E+00
+6.17552128E-01
+1.21785173E+00
+3.24605860E-01
+9.14698421E-01
+5.99917623E-01
+1.05592361E+00
+1.20015856E+00
+6.36727635E-01
+8.43848887E-01
+6.07451351E-01
+1.08187010E+00
+7.75403528E-01
+2.07772062E+00
+1.92690168E+00
+2.34561860E-01
+9.26692319E-01
+9.97021998E-01
+5.19767372E-01
+3.16116606E-01
+6.78877298E-01
+6.64576633E-01
+2.82293102E-01
+7.41144688E-01
+9.12437799E-01
+2.99280197E-01
+1.20105195E+00
+5.32283170E-01
+1.21565581E+00
+7.44578950E-01
+5.25700445E-01
+2.02632634E-01
+1.08792182E+00
+4.09664189E-01
+3.05468306E-01
+1.21513806E+00
+1.47913722E+00
+1.06666565E+00
+1.25797067E+00
+5.46200044E-01
+1.99631745E+00
+7.06782188E-01
+1.53634145E+00
+5.80419289E-01
+3.68916342E-01
+1.40977180E+00
+1.36583906E+00
+1.34177976E+00
+6.26883575E-01
+1.81902071E+00
+9.14230254E-01
+5.63375010E-01
+1.19697645E+00
+3.66385252E-01
+5.99515780E-01
+1.24321197E+00
+4.45202816E-01
+1.39282090E+00
+1.01375711E+00
+9.21493079E-01
+9.76793171E-01
+9.38617555E-01
+5.91880121E-01
+7.67608589E-01
+1.09600138E+00
+1.09733696E+00
+1.09065890E+00
+9.98613804E-01
+4.07419473E-01
+8.39086832E-01
+6.46411002E-01
+1.88933751E+00
+1.77398316E+00
+8.25102730E-01
+6.20321735E-01
+8.59785250E-01
+9.99401775E-01
+3.07663506E-01
+1.02265025E+00
+7.07943905E-01
+1.17418299E+00
+1.25843622E+00
+5.45392424E-01
+1.11910232E+00
+1.04619177E+00
+2.16268234E-01
+1.01712000E+00
+6.35820989E-01
+5.59668677E-01
+7.98244462E-01
+5.48222791E-01
+5.51913495E-01
+7.74111783E-01
+8.16427349E-01
+4.58998410E-01
+1.48771077E+00
+9.21725687E-01
+1.12530302E+00
+1.51521621E+00
+9.06716107E-01
+3.63700017E-01
+1.66169393E+00
+5.19691791E-01
+9.20860725E-01
+4.95945329E-02
+7.49063417E-01
+7.51674308E-01
+1.01043751E+00
+1.70835054E+00
+9.03259087E-01
+1.27216819E+00
+1.05640092E-01
+8.05736514E-02
+3.86178058E-01
+5.89801139E-01
+7.60406510E-01
+2.58997778E-01
+4.24264061E-01
+1.61764517E+00
+1.22688639E+00
+8.40574549E-02
+1.45641241E+00
+1.70766793E+00
+3.82239753E-01
+4.56703779E-01
+1.31665247E+00
+7.80875663E-01
+1.31706581E+00
+1.32543174E-01
+5.04419300E-01
+2.61474501E-01
+8.06699353E-01
+6.62772469E-01
+7.61898004E-01
+1.38428218E+00
+9.73108582E-01
+1.86707665E-01
+3.28824283E-01
+9.61858640E-01
+1.01926537E+00
+4.94681047E-01
+2.44373225E-01
+5.85502738E-01
+1.63537156E+00
+9.05148667E-01
+7.47455216E-01
+9.62742239E-01
+3.92045833E-01
+1.93764734E+00
+5.44473987E-01
+1.65647028E+00
+8.47628766E-01
+4.47450921E-01
+7.26597205E-01
+1.03391356E+00
+1.00118505E+00
+6.42359058E-01
+3.69679629E-01
+1.40413580E+00
+5.96230403E-01
+4.16546399E-01
+1.39255250E+00
+1.17957594E+00
+1.20489388E+00
+3.78097148E-01
+7.76851173E-01
+1.43266144E+00
+4.55682395E-01
+2.18509409E+00
+3.04263021E-01
+1.53994688E+00
+8.45666555E-01
+6.82772229E-01
+9.17153339E-01
+7.71668893E-01
+1.09016459E+00
+6.97469097E-01
+4.66941740E-01
+6.18498667E-01
+1.86937091E+00
+8.25279447E-01
+1.05157023E+00
+8.78769236E-01
+1.74396692E+00
+2.62524097E-01
+8.81792644E-01
+5.11959817E-01
+7.17284273E-01
+3.63759141E-01
+5.11253685E-01
+1.16983752E+00
+1.29403650E+00
+2.70203260E-01
+2.07213975E+00
+1.57674566E+00
+3.70519155E-01
+1.58654412E+00
+1.18289836E+00
+9.25519056E-01
+7.78469917E-01
+1.56426381E+00
+5.07414674E-01
+6.47536962E-01
+6.91995502E-01
+5.25391884E-01
+1.56111407E-01
+3.09917855E-01
+6.33924243E-01
+2.00647240E+00
+1.31004393E+00
+2.92484532E-01
+8.45408724E-01
+9.45877821E-01
+7.17208376E-01
+1.40738162E+00
+1.03898755E-01
+3.86990016E-01
+1.02306469E+00
+6.22601322E-01
+7.31677087E-01
+1.06439150E+00
+6.28469530E-01
+3.47306730E-01
+1.43679401E+00
+1.46774425E+00
+1.78082822E+00
+8.37600128E-01
+1.57028717E+00
+8.26696868E-01
+1.00182724E+00
+7.72485602E-01
+1.62911161E+00
+4.06194700E-01
+9.32587709E-01
+9.17687972E-01
+6.14787869E-01
+2.12547720E-01
+3.69828343E-01
+7.34399011E-01
+3.70647040E-01
+5.31153386E-01
+9.38243438E-01
+1.02017445E+00
+1.76181730E+00
+9.13766407E-01
+8.66778074E-01
+1.03326546E+00
+1.07770534E+00
+7.26222910E-01
+3.36231497E-01
+2.12127101E-01
+7.41033144E-01
+5.54808988E-01
+4.16081760E-01
+5.38814194E-01
+1.85315813E+00
+1.01907295E+00
+9.16325155E-01
+1.11091138E+00
+1.01850863E+00
+8.70501154E-01
+4.88989344E-01
+8.33615229E-01
+9.09220542E-01
+2.61164416E-01
+1.69014881E+00
+1.32297048E+00
+1.86296947E+00
+6.71980811E-01
+7.14696091E-01
+5.25548253E-01
+1.51998691E+00
+8.14874953E-01
+3.54283567E-01
+2.04933881E+00
+1.42353178E+00
+3.55406761E-01
+1.80622167E+00
+8.98997832E-01
+9.82834024E-01
+4.16233740E-01
+2.80681144E-01
+8.85073522E-01
+6.44061464E-01
+1.14744138E+00
+8.94112215E-01
+1.10968524E+00
+5.95023184E-01
+5.14800707E-01
+2.17992112E-01
+5.83622100E-01
+5.06178753E-01
+8.21473657E-01
+7.85228153E-01
+3.90883456E-01
+6.92957312E-01
+1.15551825E+00
+1.92687431E+00
+1.60317717E+00
+9.41354757E-01
+6.81783984E-01
+2.94837662E-01
+1.14532423E+00
+1.81166669E+00
+8.09959823E-01
+5.22970542E-01
+6.06741939E-02
+3.87043192E-01
+1.61693573E-01
+1.09439890E+00
+6.58904505E-01
+1.22955909E+00
+1.28547890E+00
+6.35419164E-01
+5.13896111E-01
+8.60063162E-01
+1.47058209E+00
+9.61621335E-01
+1.04016141E+00
+1.29743144E+00
+1.08345212E+00
+1.02385357E+00
+6.33968209E-01
+6.20520645E-01
+7.62761123E-01
+2.09620274E+00
+1.14199092E+00
+9.39646835E-01
+9.00386215E-01
+7.10480820E-01
+8.23496831E-01
+7.20566265E-01
+1.15345932E+00
+5.98955901E-01
+3.10625785E-01
+1.45871444E+00
+8.23612759E-01
+2.07347461E-01
+5.95605696E-01
+3.94957731E-01
+9.29168014E-01
+7.76718613E-01
+5.02153775E-01
+6.55072503E-01
+1.71760497E+00
+1.31238106E+00
+1.79106048E+00
+2.67391995E-01
+1.22576020E+00
+5.96619737E-01
+9.97327163E-01
+9.54819588E-01
+1.19779291E+00
+3.81342959E-01
+2.18120967E-01
+3.31631814E-01
+1.25003868E+00
+6.52591067E-02
+6.18789122E-01
+2.58741724E-01
+2.42005368E-01
+2.95939284E-01
+8.90172108E-01
+6.23774427E-01
+8.80875174E-01
+3.89521106E-01
+1.22647231E+00
+5.93139135E-01
+4.13725818E-01
+1.36159259E+00
+8.06531551E-01
+6.44972157E-01
+1.51555204E+00
+1.04368026E+00
+7.95858200E-01
+1.56497156E+00
+7.13027422E-01
+1.08926366E+00
+1.16794323E-01
+7.72948890E-01
+7.04272368E-01
+1.17401497E+00
+2.68294425E-01
+6.11966092E-01
+1.26452928E+00
+5.22739478E-01
+1.07620315E+00
+1.29423525E+00
+1.47896409E+00
+1.26581035E+00
+6.72261621E-01
+3.39329325E-01
+8.54883333E-01
+6.76275771E-01
+7.82409854E-01
+1.62604879E+00
+8.22244422E-01
+8.25610269E-01
+1.00759479E+00
+4.37944461E-01
+6.47717706E-01
+7.83852503E-01
+6.89864235E-01
+5.26514630E-01
+9.49736945E-01
+1.34313904E+00
+4.46221835E-01
+9.81563848E-01
+1.31340509E+00
+5.22055777E-01
+7.28113042E-01
+1.13749240E-01
+6.97463355E-01
+7.08272498E-01
+1.01418474E+00
+9.92919398E-01
+5.54563210E-01
+1.87046782E+00
+3.31849524E-01
+4.44471444E-01
+5.09615271E-01
+8.26006992E-01
+9.39055305E-02
+8.52310557E-01
+2.17990305E-01
+1.60781185E-01
+6.77969830E-01
+8.71020329E-01
+8.97440994E-01
+3.22797625E-01
+4.99263002E-01
+6.55670860E-01
+1.81962270E+00
+4.74169818E-01
+1.30719845E+00
+1.37196712E+00
+1.02438871E+00
+1.07193869E+00
+5.90009634E-02
+6.41568637E-01
+4.51240187E-01
+1.22998779E+00
+9.68090210E-01
+7.76418863E-01
+9.29362862E-01
+6.15027246E-01
+8.11596105E-01
+4.99846471E-01
+4.57132904E-01
+6.21308420E-01
+1.08821441E+00
+1.13230858E+00
+9.92089366E-01
+1.09622150E+00
+6.51802461E-01
+5.83204171E-01
+3.99366834E-01
+1.04821379E+00
+2.06113428E+00
+2.90418552E-01
+1.57508675E+00
+9.09723746E-01
+4.16923474E-01
+8.70455717E-01
+6.33724129E-01
+1.97846425E+00
+5.95265906E-01
+8.49177047E-01
+1.54480479E+00
+1.13621274E+00
+6.45764053E-01
+9.01843201E-01
+9.75663049E-01
+1.30587866E+00
+5.23002529E-01
+1.39636799E+00
+9.02345386E-01
+2.97011931E-01
+1.74639195E+00
+1.01897808E+00
+8.52330612E-01
+1.23689825E+00
+5.54676355E-01
+5.27556918E-01
+5.68002002E-01
+1.34728230E+00
+5.91009176E-01
+3.25370416E-01
+1.27313080E+00
+8.86325879E-01
+7.00425555E-01
+1.25239749E+00
+8.81803779E-01
+1.03509613E+00
+2.92394746E-01
+5.97385459E-01
+1.05506067E+00
+9.79131954E-01
+5.75270362E-01
+5.35311011E-01
+1.15834253E+00
+3.75893000E-01
+4.12582759E-01
+2.84429387E-01
+9.68880031E-01
+1.29445578E+00
+6.51090064E-01
+1.34397150E+00
+2.71942753E-01
+3.32783634E-01
+1.08531828E+00
+5.60297611E-01
+1.00200674E+00
+1.06186870E+00
+1.27427296E-01
+1.02018031E+00
+6.37983913E-01
+1.05027922E+00
+1.29042375E+00
+4.98382314E-01
+7.50392430E-01
+8.17616436E-01
+3.85821599E-01
+7.73095891E-01
+1.09587360E+00
+3.74246497E-01
+9.28914906E-01
+1.49268901E+00
+2.11181753E-01
+1.57772210E+00
+1.88794285E+00
+2.28436240E+00
+9.53341260E-01
+1.89027105E+00
+7.52606703E-01
+2.30944432E-01
+2.66676138E-01
+6.62542433E-01
+5.66878657E-01
+8.56924108E-01
+1.25821936E+00
+6.45367430E-01
+8.88527279E-01
+1.51274826E+00
+8.95044609E-01
+1.16559127E+00
+9.11200376E-01
+1.39330621E+00
+1.15481659E+00
+9.17048628E-01
+1.97461288E+00
+4.43826499E-01
+2.46584770E+00
+9.25492800E-01
+4.84908648E-01
+4.01667369E-01
+2.32177630E-01
+2.56799954E-01
+2.59412968E-01
+9.01138887E-01
+1.02002895E+00
+6.77280120E-01
+2.45743720E-01
+8.61595588E-01
+8.16858267E-01
+6.92519933E-01
+1.01773887E+00
+1.67498944E-01
+1.05284469E+00
+1.69922271E+00
+9.54904806E-01
+5.17988582E-01
+6.66191027E-01
+1.10182456E-01
+6.24216004E-01
+1.32223045E+00
+1.15078099E+00
+5.24063982E-01
+3.39214033E-01
+3.96308366E-01
+8.65325487E-01
+2.25404527E-01
+6.99394535E-01
+5.49841124E-01
+5.78815888E-01
+2.10095794E-01
+4.61451920E-01
+7.36064251E-01
+9.93885166E-01
+6.28973616E-01
+1.13530911E+00
+4.06913149E-01
+2.68913661E-01
+1.04506825E+00
+9.15018809E-01
+5.56161422E-01
+7.31877422E-01
+7.33219776E-01
+6.20517916E-01
+8.33091756E-01
+6.71679432E-01
+1.18052708E+00
+4.48385132E-01
+9.53439916E-01
+5.56055720E-01
+1.51171977E+00
+1.26589427E+00
+1.06329157E+00
+3.69501314E-01
+2.97061077E-01
+8.00750370E-01
+3.56626223E-01
+5.37281460E-01
+1.18151070E+00
+4.77766675E-01
+3.09144941E-02
+1.29454328E+00
+1.16256055E+00
+1.00842665E+00
+5.10356476E-01
+3.84728007E-01
+5.16443278E-01
+3.29349781E-01
+1.46631233E+00
+7.60326606E-01
+8.48001108E-01
+1.12843101E+00
+1.20051538E+00
+1.12383128E+00
+8.55390733E-01
+8.82671302E-01
+1.19429554E+00
+7.76481753E-01
+6.32917814E-01
+1.11587466E+00
+7.34953267E-01
+1.07932184E+00
+6.84869139E-01
+4.74396556E-01
+1.26882349E+00
+3.36406981E-01
+1.37328483E+00
+3.16208183E-01
+5.13711240E-01
+6.16356169E-01
+6.62486896E-02
+1.33664576E+00
+7.05770240E-01
+1.22291374E+00
+9.84417403E-01
+8.67988255E-01
+4.50089695E-01
+7.88633903E-01
+1.03448518E+00
+1.79604301E+00
+5.44923147E-01
+7.94969067E-01
+5.40926917E-01
+4.33907096E-01
+3.99609334E-01
+1.42590148E+00
+1.43222377E-01
+4.45446416E-01
+7.12787267E-01
+6.34169682E-01
+8.85883278E-01
+1.25166361E-01
+6.80573702E-01
+4.28669650E-01
+5.03805231E-01
+8.69154352E-01
+6.53942370E-01
+9.40150552E-02
+5.61124651E-01
+5.36800310E-01
+1.51322865E+00
+1.50741406E+00
+4.92279379E-01
+9.71551785E-01
+7.36396815E-01
+6.59950926E-01
+8.63913549E-01
+3.42478763E-01
+4.61714861E-01
+1.19093786E+00
+1.57657981E+00
+3.53595983E-02
+1.89973933E-01
+8.11173430E-01
+1.55746154E-01
+1.33203489E+00
+1.02196288E+00
+9.76386667E-01
+3.69392294E-01
+2.00646337E-01
+1.76250614E+00
+9.03659642E-01
+1.25907589E+00
+8.21695388E-01
+1.36763987E+00
+8.56321428E-01
+6.14742795E-01
+1.67076118E+00
+4.04347872E-02
+8.65803948E-01
+2.53702106E-01
+1.48287792E+00
+7.15541793E-01
+5.22144469E-01
+6.55302982E-01
+1.09525397E+00
+1.18362969E+00
+8.35424272E-01
+1.01358773E+00
+1.84855969E+00
+1.63316787E-01
+1.79570817E+00
+7.50340981E-01
+1.02553369E+00
+5.24444858E-01
+6.79162641E-01
+1.21366391E+00
+1.07425977E+00
+8.93073042E-01
+2.92954311E-01
+7.31281292E-01
+7.35974660E-01
+6.61623490E-01
+3.91477595E-01
+5.29991566E-01
+1.11411831E+00
+4.21027744E-01
+7.89027372E-01
+1.28425207E+00
+5.82756792E-01
+9.97169961E-01
+5.89914054E-01
+7.85372075E-01
+7.72279890E-01
+4.11632011E-01
+1.36908476E-01
+7.40302890E-01
+7.57841868E-01
+1.15998223E+00
+5.60781948E-01
+5.46523069E-02
+5.42752030E-01
+8.69428870E-01
+3.72586266E-01
+9.81135184E-01
+1.59113400E+00
+4.95256292E-01
+1.54716638E+00
+7.24816686E-01
+1.42281095E+00
+6.44057748E-01
+6.10083107E-01
+3.39949537E-01
+2.99618297E-01
+1.53471266E+00
+1.18726640E+00
+9.37742525E-01
+2.75694317E-01
+1.65860978E-01
+1.14129975E+00
+1.27888558E+00
+1.10657727E+00
+4.76699774E-01
+1.78892446E+00
+9.88376352E-01
+7.46417398E-01
+8.52885527E-01
+1.84420796E+00
+8.74436789E-01
+2.21244202E+00
+1.71677590E+00
+1.10619356E+00
+1.00316283E+00
+7.06047991E-01
+3.15191429E-01
+9.10476803E-01
+8.10555466E-01
+9.12840111E-01
+9.50024583E-01
+2.39280638E-01
+3.42288160E-01
+1.46396412E+00
+4.44320729E-01
+5.99405571E-01
+9.18650524E-01
+1.31887536E+00
+1.21826027E+00
+2.81007752E-01
+1.42970301E+00
+7.24575947E-01
+2.69458721E-01
+1.00710530E+00
+1.97239677E+00
+2.91905496E-01
+3.74392833E-01
+1.64402368E-01
+4.50325239E-01
+9.85370882E-01
+1.19217995E+00
+5.91040868E-01
+1.40730665E+00
+3.14909248E-01
+1.08541090E+00
+1.01788648E+00
+5.92172677E-01
+1.42048511E+00
+1.16963554E+00
+4.43044236E-01
+1.27993621E+00
+5.57879075E-01
+7.52853101E-01
+1.03674466E+00
+2.67184887E-01
+1.09584497E+00
+9.07528114E-01
+7.63980574E-01
+1.61680220E+00
+1.35289551E+00
+6.99141262E-01
+1.34785089E+00
+2.94874864E-01
+4.89661548E-01
+1.31548422E+00
+1.20891612E+00
+4.28361631E-01
+1.60534645E+00
+1.20431264E+00
+5.59981206E-01
+3.81912960E-01
+3.45455980E-01
+1.31224018E+00
+4.50010084E-01
+7.74675709E-01
+4.78147129E-01
+7.35932483E-01
+3.58106431E-01
+5.04109615E-01
+9.55014888E-01
+9.69710009E-01
+7.55910731E-01
+7.69151872E-01
+5.58432443E-01
+4.29701926E-01
+1.11473006E+00
+1.37530708E+00
+5.72405446E-01
+1.41790677E+00
+8.05674034E-01
+6.94273629E-01
+2.53594619E-01
+1.14123970E+00
+1.44345219E+00
+2.66445903E-01
+9.83994457E-01
+1.40434470E+00
+9.34547293E-01
+7.75997991E-01
+4.63146012E-01
+1.82034653E-01
+2.51296808E-01
+7.02061700E-01
+2.02050822E-01
+4.61109111E-01
+2.50590556E-01
+9.71159656E-01
+5.99536946E-01
+1.28847355E+00
+8.72237193E-01
+1.31440780E+00
+1.36045189E+00
+4.60414045E-01
+1.01866823E+00
+2.11577847E+00
+1.07319037E+00
+6.23853497E-01
+1.25245923E+00
+1.18796460E+00
+3.09728183E-01
+6.49670994E-01
+2.54808623E-01
+6.87533115E-01
+2.03397931E+00
+1.37651138E+00
+6.81249093E-01
+1.81590893E-01
+1.61720133E-01
+7.64639705E-01
+4.51493168E-02
+7.27879191E-01
+1.91861928E+00
+7.35604528E-01
+1.08228788E+00
+1.03508211E+00
+8.57069104E-01
+8.99647114E-01
+1.21888922E+00
+1.95913876E+00
+3.45113091E-01
+2.54877102E-01
+1.00695466E+00
+1.04832974E+00
+8.92701992E-01
+1.43593826E+00
+7.55116297E-01
+5.83328373E-01
+5.48401003E-01
+1.59592692E+00
+4.95172245E-01
+5.09914840E-01
+1.02479657E+00
+1.14450318E+00
+1.11200977E+00
+1.06063379E+00
+6.50082219E-01
+3.05382028E-01
+4.86303942E-01
+3.60772980E-01
+1.39709475E+00
+7.03727270E-01
+1.45972253E-01
+1.43579746E+00
+1.47864913E+00
+9.00505432E-01
+1.39721576E+00
+1.50850457E+00
+1.27766256E+00
+7.81970226E-01
+1.98077682E-01
+8.78124909E-01
+6.78003713E-01
+6.91016613E-01
+3.96236588E-01
+1.27614046E+00
+1.10480632E+00
+8.12397214E-01
+1.45771611E-01
+1.90908808E+00
+7.15795959E-01
+6.19959273E-01
+4.97259728E-01
+3.26345858E-02
+3.26996073E-01
+9.77216481E-01
+1.29563273E+00
+9.47611647E-01
+3.94049266E-01
+5.14595143E-01
+2.36336308E-01
+1.18261315E+00
+6.99048660E-01
+4.08465308E-01
+5.10255728E-01
+1.72315430E+00
+8.57343226E-01
+4.79191513E-01
+1.05329696E+00
+8.33558945E-01
+1.13785335E+00
+1.59482924E+00
+1.11227170E+00
+2.00168412E-01
+1.23248897E+00
+6.04495805E-01
+8.79755861E-01
+1.13378140E+00
+1.29533963E+00
+6.84188048E-01
+7.44477430E-01
+1.81259156E-02
+1.39476624E+00
+4.78303553E-01
+6.28504464E-01
+1.36157523E+00
+1.21105124E+00
+8.29379102E-01
+9.03790770E-01
+1.73140613E+00
+4.13166552E-01
+7.72345742E-01
+5.26043444E-01
+1.00494911E+00
+1.56396176E+00
+3.08804212E-01
+5.14431154E-01
+1.58231142E+00
+8.41412571E-01
+1.40196254E-01
+1.60117810E+00
+2.19080462E-01
+9.26970500E-01
+9.00122194E-01
+1.21359610E+00
+3.06856497E-01
+3.84217953E-01
+2.36195694E-01
+3.05473637E-01
+6.31613357E-01
+9.37899554E-02
+1.02624409E+00
+6.66055711E-01
+1.14705857E+00
+1.55789621E+00
+2.09123304E+00
+5.15083777E-01
+2.06368058E+00
+3.02647979E-01
+5.19769234E-01
+6.93206385E-01
+6.43491771E-01
+2.04657276E-01
+9.32131806E-01
+1.29464008E+00
+1.32527875E+00
+7.26840964E-01
+1.32574826E+00
+7.71160685E-01
+9.30531050E-01
+3.33543379E-01
+9.58705761E-01
+1.30809425E+00
+5.40748650E-01
+2.07556676E+00
+5.38282362E-01
+2.08155027E+00
+1.34724864E+00
+1.55569303E+00
+7.48395805E-01
+1.01219621E+00
+1.45789943E+00
+9.12963212E-01
+1.22066862E+00
+1.01312339E+00
+1.11815984E+00
+1.82775299E+00
+6.69556528E-01
+5.49408886E-01
+1.66508731E-01
+3.61750795E-01
+3.81998561E-01
+1.08143515E+00
+1.22497924E+00
+3.18750319E-01
+2.14673700E+00
+3.62021445E-01
+6.47994871E-01
+7.12966133E-01
+1.17118701E+00
+5.33627988E-01
+1.39215305E+00
+8.17008457E-01
+1.05774618E+00
+1.07708221E+00
+8.14892474E-01
+4.51645698E-01
+1.76238354E+00
+9.14583485E-01
+1.40404506E+00
+7.65630638E-01
+1.59722592E+00
+1.53452315E+00
+2.67480546E-01
+1.77383933E+00
+1.74350247E-01
+3.13872456E-01
+8.29176905E-01
+1.07576475E+00
+3.31662758E-01
+7.53892337E-01
+1.62784369E+00
+1.23644554E+00
+9.15748006E-01
+8.08133188E-01
+1.34090490E+00
+1.23380645E+00
+7.42356971E-01
+9.93905522E-01
+3.17680473E-01
+3.80791489E-01
+1.77231483E+00
+1.64286009E-01
+5.54305210E-01
+8.00874453E-01
+2.72093703E-01
+6.10191783E-01
+2.26419426E-01
+5.67385014E-01
+2.65738025E-01
+8.16395068E-01
+1.86819209E-01
+2.00112190E-01
+6.07534523E-01
+8.75868516E-01
+7.87557002E-01
+7.80747325E-01
+1.34200088E+00
+7.45082510E-01
+5.30084560E-01
+9.59694389E-01
+1.02579952E+00
+2.16681518E+00
+5.64419299E-01
+6.19362608E-01
+1.08448480E+00
+1.38783530E+00
+6.71010504E-01
+7.37243648E-01
+1.22836585E+00
+1.05937193E+00
+1.47131336E+00
+1.19026608E+00
+1.68221693E-01
+3.97852148E-01
+9.77690352E-01
+2.33474650E-01
+6.47545134E-01
+5.19638734E-01
+1.39549165E+00
+1.21427582E+00
+7.90207433E-01
+1.45279332E+00
+1.50255178E+00
+1.21684530E+00
+9.74271363E-01
+7.51163687E-01
+7.24438330E-01
+1.03812708E+00
+2.95915136E-01
+9.68441636E-01
+4.76736899E-01
+5.44491612E-01
+6.25144102E-01
+1.33252327E+00
+8.71006930E-01
+1.95231556E+00
+7.92981194E-01
+1.31132689E+00
+8.80315448E-01
+1.12950205E+00
+8.32671530E-01
+4.97634335E-01
+1.88930957E-01
+3.47359443E-01
+3.60628735E-01
+5.43660212E-01
+3.92460187E-01
+8.61243966E-01
+2.50187102E-01
+1.16622008E+00
+7.57551376E-01
+3.87972270E-01
+3.11311027E-01
+8.98352668E-01
+3.68813544E-01
+1.08385431E+00
+9.72180764E-01
+3.40538260E-01
+7.33985526E-01
+1.70331622E+00
+7.03327458E-01
+1.23204133E+00
+8.24763009E-01
+4.36443745E-01
+7.79630203E-01
+5.34818760E-01
+4.09773825E-01
+9.53319830E-01
+7.99221035E-01
+8.87920254E-01
+4.03206144E-01
+8.21943454E-01
+7.64757664E-01
+3.46382702E-02
+1.84417271E+00
+1.87590860E+00
+1.18160867E+00
+5.68075763E-01
+7.71380658E-01
+9.46740023E-01
+1.97075240E-01
+6.22785366E-01
+9.16325357E-01
+1.06431490E+00
+5.57594896E-01
+9.47557007E-01
+1.02333743E+00
+5.16714427E-01
+4.75069334E-01
+9.85132364E-01
+1.21626497E+00
+1.04345420E+00
+6.35593635E-01
+1.45986954E+00
+6.80871530E-01
+1.61740536E+00
+6.87608187E-01
+1.37208102E+00
+1.77451524E+00
+6.83491344E-01
+1.29875724E+00
+5.64494256E-01
+4.58051718E-01
+1.30624513E-01
+9.81057129E-01
+6.55278179E-01
+4.33083311E-01
+1.40773820E+00
+5.48373131E-01
+2.07269011E-01
+8.35491557E-01
+9.83650251E-01
+3.30362333E-01
+1.33902585E+00
+8.35480299E-01
+1.34267443E+00
+1.21408909E+00
+5.96910468E-01
+7.98171778E-01
+1.46153386E+00
+1.30165298E+00
+1.54736499E+00
+8.54576233E-01
+8.62841472E-01
+1.12598372E+00
+1.22696589E+00
+1.24644442E+00
+3.87081407E-01
+1.00045687E+00
+1.09677607E+00
+3.33867630E-01
+1.73282094E+00
+9.40285224E-01
+7.44105200E-01
+3.93136263E-01
+5.15840543E-01
+1.24230668E+00
+1.01100305E+00
+5.12461006E-01
+7.77739628E-02
+1.52814596E+00
+2.65314859E-01
+1.69213783E+00
+2.09635267E-01
+4.28633168E-01
+1.20784924E+00
+5.34522078E-01
+5.09718633E-01
+1.31420951E+00
+1.40489222E+00
+6.60981893E-01
+1.41233696E+00
+7.39810018E-01
+1.36705293E+00
+8.01075354E-01
+1.34642583E+00
+1.00527945E+00
+1.13726154E-01
+7.06689519E-01
+1.51321092E+00
+5.80205714E-01
+2.15838156E-01
+9.15156087E-01
+9.99826846E-01
+2.83596140E-01
+3.15587950E-01
+6.65401213E-01
+1.24152877E+00
+4.53719084E-01
+1.89285216E+00
+3.70554859E-01
+6.57477142E-01
+1.40280372E+00
+1.66237039E+00
+1.64420879E+00
+8.59733095E-01
+8.36313505E-01
+8.06306462E-01
+1.42349238E+00
+9.03613186E-01
+3.96602620E-01
+1.45522689E+00
+5.54703618E-01
+9.87672052E-01
+1.05344046E+00
+6.98423246E-01
+1.89735925E+00
+1.14070111E+00
+7.16172676E-01
+4.29384833E-01
+1.54188446E+00
+7.70514070E-01
+9.63436455E-01
+1.99019839E-01
+1.27109948E+00
+4.18738673E-01
+4.48925122E-01
+5.85390702E-01
+4.77437659E-01
+3.04963514E-01
+8.68671487E-01
+1.17591612E-01
+6.65478724E-01
+1.38079470E+00
+1.14364149E+00
+3.66332077E-01
+9.65297302E-02
+5.87807620E-01
+8.41209829E-01
+8.79438880E-01
+7.76796291E-01
+8.17296739E-01
+6.65201219E-01
+1.60955959E+00
+1.07004872E-01
+7.68795551E-01
+9.59182541E-01
+8.75742451E-01
+1.01604603E+00
+1.31354204E+00
+8.82391737E-01
+1.08902214E+00
+2.73422203E-01
+1.08530946E+00
+1.42719807E+00
+1.00203982E+00
+9.84449968E-01
+1.23663775E+00
+1.44587260E+00
+8.50471524E-01
+1.49525907E+00
+2.02539366E-01
+1.51820668E+00
+9.86504567E-01
+1.01182226E+00
+6.67998186E-01
+1.28497757E+00
+3.32309610E-01
+5.72435934E-01
+9.63647473E-01
+7.75259062E-01
+1.61540962E+00
+6.46733061E-01
+1.43274667E+00
+7.22105785E-01
+6.45235590E-01
+6.64195929E-01
+5.00845082E-01
+2.24081713E+00
+7.55234532E-01
+4.63198544E-01
+1.31531979E+00
+1.83219099E+00
+6.44650740E-01
+1.79938124E-01
+1.81554324E-01
+5.92722176E-01
+1.10146376E+00
+1.06165581E+00
+7.60132747E-01
+1.86642232E+00
+3.67240416E-01
+9.91087266E-01
+7.49583350E-01
+4.69897798E-01
+9.37255570E-01
+1.72986422E-01
+7.88884656E-01
+8.63074858E-01
+8.74076544E-01
+9.66715487E-01
+8.86044990E-01
+4.13507997E-01
+1.35229752E+00
+1.41675092E+00
+7.02273809E-01
+6.71773338E-01
+1.91499813E+00
+1.16346796E+00
+1.44507508E+00
+2.50752529E-01
+1.04823906E+00
+1.71756800E-01
+2.47767040E-01
+1.75691847E+00
+1.08741351E+00
+1.07324778E+00
+3.31998248E-01
+8.65323322E-01
+2.68842022E-01
+1.24293010E+00
+5.22082913E-01
+9.26882833E-01
+6.26854768E-01
+9.26514237E-01
+9.47424991E-01
+1.02969705E-01
+1.30139419E-01
+7.59292062E-01
+8.87127968E-01
+2.05514815E+00
+7.83774914E-01
+1.26778748E+00
+2.14358863E+00
+4.77283436E-01
+5.09016688E-01
+1.06098954E+00
+9.20211104E-01
+1.15644063E+00
+6.46909919E-01
+7.47530240E-01
+1.48595371E+00
+6.97097836E-01
+1.88852311E+00
+3.80622204E-01
+3.31200048E-01
+4.71198036E-01
+4.38705524E-01
+9.42147507E-01
+6.53152207E-01
+3.76902094E-01
+8.50974023E-01
+8.27044654E-01
+2.79089375E-01
+9.08373288E-01
+1.26849916E+00
+1.19258929E+00
+5.19495280E-01
+7.92177763E-01
+1.83316581E-01
+1.31763415E-01
+9.91951612E-01
+9.46044193E-01
+3.47934051E-01
+1.45280964E+00
+1.02834894E+00
+5.86139008E-01
+4.62811510E-01
+1.02178655E+00
+6.48344057E-01
+1.22392659E+00
+5.43010501E-01
+4.77033550E-01
+2.14556564E-01
+1.09226553E+00
+1.50267536E+00
+8.32035410E-02
+7.28826245E-01
+5.77588298E-01
+4.12851145E-01
+1.28559024E+00
+6.89803062E-01
+7.45761046E-01
+1.70547599E+00
+1.29690068E-01
+5.67454054E-01
+8.58420327E-01
+1.28127400E+00
+8.36666253E-01
+1.38471916E+00
+1.02163178E+00
+1.26127004E+00
+1.41669328E+00
+1.05598698E+00
+1.17751510E-01
+6.92245281E-01
+1.03685243E+00
+5.99915062E-01
+7.41723744E-01
+7.91161365E-01
+1.51394028E+00
+5.08794378E-01
+6.31629878E-01
+1.67038804E+00
+1.27508520E+00
+3.90535350E-01
+4.51809827E-01
+7.21989939E-01
+4.49618969E-01
+8.00258508E-01
+1.05354801E+00
+3.45599379E-01
+3.58105178E-01
+1.17845246E+00
+5.39939193E-01
+7.01744332E-01
+1.31234295E+00
+1.71429328E+00
+2.97241902E-01
+6.07874640E-01
+2.65008667E-01
+8.86165897E-01
+1.22835225E+00
+7.61868139E-01
+6.01324562E-01
+5.66953333E-01
+2.04780585E+00
+9.11410700E-01
+1.19525584E+00
+4.60907151E-01
+7.31700309E-01
+6.61804851E-01
+4.66618665E-01
+5.36838905E-01
+1.95282183E-02
+1.34441996E-01
+1.43344221E+00
+2.02676476E-01
+8.08379294E-01
+1.49454406E+00
+2.50082317E+00
+6.91317436E-01
+1.66173586E+00
+4.56902397E-01
+4.36937630E-01
+2.53059327E-01
+4.06669628E-01
+1.06817712E+00
+4.72783460E-01
+7.99536463E-01
+8.74748230E-01
+6.04884398E-01
+4.65046073E-01
+4.26222792E-01
+2.00347306E+00
+1.23514864E+00
+6.93665780E-01
+1.29327900E+00
+1.76503588E+00
+1.32258451E+00
+5.88405620E-01
+9.74158723E-01
+1.60203966E+00
+2.78322179E-01
+6.76611264E-01
+8.72499812E-02
+1.01435054E+00
+1.31736428E+00
+5.00155886E-01
+9.16011498E-01
+3.16521342E-01
+7.81770553E-01
+1.64644455E+00
+1.00853132E+00
+3.34772833E-01
+9.18022426E-01
+4.75987398E-01
