+2.06849766E-01
+5.49026242E-01
+9.26607328E-02
+1.83211603E-01
+4.20762655E-01
+9.92140285E-02
+2.51725863E-01
+9.43990963E-01
+5.95584493E-01
+2.23908676E-01
+1.20068971E+00
+3.26136451E-03
+1.50847192E+00
+7.49411806E-02
+3.18153425E-01
+5.40984886E-01
+6.02086498E-01
+8.40512006E-01
+7.64113813E-01
+1.15538024E+00
+1.62308760E-01
+4.06933121E-01
+5.61124197E-01
+4.41535123E-01
+5.87343005E-01
+3.17254872E-02
+4.06937222E-01
+1.90519763E+00
+2.97700937E-01
+1.99938907E-02
+1.88136324E-02
+3.00679681E-01
+3.28693432E-01
+1.88345269E-01
+2.62370426E-01
+3.93841479E-01
+5.43661749E-01
+1.81365231E-01
+1.64078982E-01
+4.59675219E-01
+1.91184594E-01
+2.24519399E-02
+1.28353817E+00
+9.64153267E-02
+7.35612487E-01
+2.75673303E+00
+7.21639610E-02
+4.35607236E-02
+3.08530083E-01
+9.19361127E-01
+1.71791612E-01
+1.44330992E+00
+4.04317150E-01
+7.63799649E-01
+2.20005004E-01
+7.02140387E-01
+3.44089400E-01
+2.22840706E-02
+3.80263798E-01
+8.29910207E-01
+1.66617654E-01
+1.48639025E-01
+2.88623100E-01
+7.17246922E-01
+1.41923086E-01
+1.07530192E+00
+5.46008145E-01
+2.10250322E-01
+6.46100536E-01
+1.21344104E+00
+5.68556037E-01
+1.26731850E+00
+1.20528094E-01
+5.49737431E-01
+1.15774577E-01
+3.21461021E-01
+5.03346425E-01
+3.68466047E-02
+6.85244117E-01
+3.18622797E-01
+5.38747973E-01
+6.53026273E-01
+2.30748064E-01
+2.35385084E-02
+1.00983695E-01
+5.98998444E-01
+4.15532483E-01
+7.96201533E-01
+1.40540747E+00
+1.30860247E+00
+3.61414814E-01
+8.74112413E-01
+1.18279169E+00
+1.55798104E+00
+2.09348270E-02
+5.19061880E-01
+3.39179632E-01
+1.61262954E+00
+5.44611240E-01
+1.49906350E+00
+1.54356465E-01
+4.85906261E-01
+1.65913852E-01
+5.41024073E-02
+6.62499735E-01
+2.19106307E-02
+1.52775521E-01
+7.63678658E-02
+4.89707407E-02
+1.18415099E-01
+6.52774425E-01
+1.66083555E+00
+2.71786082E-01
+4.35401397E-01
+8.80522975E-02
+3.06766370E-01
+7.43162583E-01
+8.52119329E-01
+2.78508152E-01
+5.03174035E-02
+1.63494971E+00
+6.54364474E-02
+6.88771809E-01
+1.31907234E-01
+5.23140509E-02
+2.72206132E-01
+8.50366553E-01
+1.21437237E+00
+1.09099119E-01
+9.12298028E-01
+4.75745784E-01
+1.44726432E-01
+1.19427391E-01
+6.95876726E-01
+1.02222268E+00
+1.21156234E-01
+7.68704702E-01
+4.03002422E-01
+9.00934695E-03
+2.59308815E-02
+1.25802819E+00
+1.96330448E-01
+5.27098860E-01
+1.95238923E-01
+3.66412246E-01
+3.42666042E-01
+6.02064023E-01
+2.04234322E-01
+4.78320629E-01
+1.71273724E+00
+3.05670382E-01
+9.54762550E-01
+1.84569595E-01
+2.34122440E-02
+5.21667534E-02
+2.81634774E-01
+4.78926305E-01
+1.97867865E-01
+1.01126176E+00
+6.98136283E-02
+1.70847194E-01
+1.94360860E-01
+1.33955340E+00
+1.83968762E-01
+5.10976410E-02
+8.54629491E-01
+3.34206146E-01
+7.17494441E-01
+2.89476347E-01
+9.95932561E-02
+1.04257771E-01
+2.30432646E-01
+1.12214308E+00
+1.16436411E-01
+6.95653523E-01
+8.86653850E-02
+1.31427983E+00
+3.75211332E-01
+3.16517146E-01
+8.94216954E-02
+9.62374763E-02
+9.74112122E-02
+1.34700963E-01
+2.28122914E-01
+4.79598694E-01
+2.83121583E-01
+8.15406005E-01
+1.45678444E-01
+4.53421319E-01
+4.38755462E-01
+3.33933804E-01
+9.86279946E-01
+7.24024330E-01
+2.94438139E-01
+2.21864313E-01
+5.32464018E-01
+6.74691642E-01
+5.40421004E-01
+1.05663592E+00
+2.89732927E-01
+4.61101405E-01
+2.94126336E-02
+3.90243159E-01
+6.74170626E-01
+8.07396609E-01
+2.19917646E+00
+9.30460795E-01
+1.31538413E-01
+7.76727983E-02
+3.94209782E-01
+9.64996480E-01
+1.80033240E-01
+3.99715838E-03
+4.64623561E-01
+8.44501917E-01
+6.16030699E-01
+1.10873747E-01
+4.06067411E-02
+1.77865960E-01
+1.43037269E-01
+3.69103501E-01
+1.53934955E-02
+9.93460808E-02
+8.20508171E-01
+4.17394124E-01
+4.73646446E-01
+4.77134399E-02
+4.55458761E-01
+1.36375062E+00
+4.30710363E-01
+4.26378082E-01
+6.75272103E-01
+1.29092801E-01
+6.02545599E-01
+1.11916322E-01
+1.78291756E-01
+3.84825028E-01
+8.69120536E-01
+7.99130155E-01
+3.25749728E-01
+4.80696258E-01
+3.26569031E-02
+3.70648481E-01
+2.72909993E-01
+1.31182240E+00
+6.85880699E-01
+8.36547611E-01
+6.05726308E-01
+2.69976637E-01
+4.12669577E-01
+7.35136445E-01
+6.27546781E-01
+8.50374725E-02
+5.92503794E-01
+9.93301297E-01
+9.29677890E-04
+8.03504951E-01
+3.11200881E-02
+1.84293981E-01
+4.63774832E-01
+3.28895668E-02
+9.81894696E-02
+7.95537736E-01
+1.18785371E-01
+1.78714597E-01
+1.63007169E-01
+5.36890103E-01
+8.31876981E-01
+5.87955746E-01
+5.74736536E-01
+3.44344503E-02
+1.22789706E-02
+8.57221209E-01
+1.93427664E+00
+2.22604053E-01
+5.79582165E-01
+2.34249240E-01
+3.05930652E-01
+4.59100235E-01
+1.49196146E-01
+4.14993564E-01
+7.37543263E-02
+1.69363510E+00
+1.29295190E+00
+4.46369086E-01
+8.52200755E-01
+1.10055100E+00
+2.79177945E+00
+1.02228540E+00
+3.76555267E-01
+3.43188633E-02
+1.09715498E-01
+2.31803566E-01
+1.74726082E-01
+2.24081251E-01
+3.21915176E+00
+1.25014297E+00
+4.48732271E-02
+4.46814377E-01
+7.22250133E-01
+7.45789552E-02
+1.00899821E-01
+1.45680781E-01
+3.19572492E-01
+5.36252599E-02
+2.40543554E-01
+5.62669450E-01
+3.28023522E-01
+1.21727023E-02
+5.06696886E-02
+5.37215052E-01
+3.82343483E-01
+3.75291605E-02
+5.67018330E-01
+2.68508108E-01
+5.45391327E-02
+6.08819279E-01
+6.17171537E-01
+1.73084113E-02
+9.51964321E-01
+2.70008631E-01
+7.58721039E-01
+5.47808750E-02
+1.09369104E+00
+1.67619657E-01
+7.53815557E-02
+6.60359291E-01
+7.17179002E-01
+1.15422305E+00
+5.40697768E-01
+3.86336174E-01
+8.78002035E-02
+4.08298039E-02
+4.68660055E-01
+4.39814403E-02
+1.56620061E-01
+2.61401395E-01
+9.37881202E-01
+3.00240675E-02
+1.17719233E+00
+1.83011269E-01
+5.27486316E-01
+3.49476892E-01
+4.90834581E-01
+3.43682916E-01
+6.68794862E-01
+1.38473796E-01
+2.50240967E-01
+5.25255806E-02
+1.38736161E-01
+3.20156445E-01
+2.36424239E-02
+1.14147119E+00
+1.73296639E-01
+9.57127781E-02
+3.07149342E-02
+6.57482320E-02
+1.82425420E-01
+1.32902826E+00
+1.36144399E-01
+2.47491838E-01
+1.34221601E-01
+1.28497085E-01
+2.98140093E-01
+8.81932711E-01
+6.86682127E-01
+1.22341318E-01
+1.26265335E-01
+1.15550542E+00
+1.20524488E-01
+3.45767641E-01
+8.47894194E-01
+8.34766960E-01
+3.95787886E-01
+2.09977242E+00
+7.30377281E-01
+2.46627282E-01
+4.43042016E-02
+1.57022173E-01
+5.14497809E-01
+2.23097060E-01
+7.20289873E-02
+1.91349036E+00
+5.04612515E-01
+6.47516751E-01
+3.70553426E-02
+7.72962252E-01
+1.06734422E-01
+6.33706808E-01
+1.24284490E+00
+5.17315234E-02
+2.48630630E-01
+2.98470953E-01
+2.72109998E-01
+1.63041047E-01
+1.75525761E-01
+1.72993258E+00
+6.66105898E-01
+3.98958767E-01
+4.30047906E-01
+1.99821789E-01
+3.59933381E-01
+1.98927126E-01
+3.05698226E-01
+3.61269312E-01
+1.12119531E-01
+2.21752840E-01
+1.29817673E-01
+4.59929986E-01
+1.99724733E-01
+2.37983185E-01
+5.82120254E-01
+4.65181093E-02
+5.53055236E-01
+5.88495888E-01
+8.09758821E-01
+5.80505444E-01
+2.32047288E-01
+5.51181366E-01
+4.11020514E-01
+1.09137603E+00
+1.19249844E-01
+5.94164092E-01
+1.61676699E+00
+2.05569504E-01
+1.87381734E-01
+3.36135101E-02
+3.21117612E-01
+1.39876446E-01
+1.67033661E-01
+1.30789047E-01
+4.28904400E-01
+5.09825786E-01
+8.41284811E-02
+3.12732634E-01
+4.89221343E-01
+1.60488173E-01
+1.64645101E-02
+7.03205880E-01
+2.41425391E-01
+3.36318869E-01
+1.99043867E-01
+1.82548853E+00
+6.16071483E-01
+8.38644979E-01
+1.33268419E+00
+4.71722891E-01
+2.72359437E-02
+6.61775550E-01
+4.44364682E-01
+3.55147766E-01
+4.82036875E-02
+7.29497312E-02
+2.01276455E-01
+4.90337496E-01
+1.07796456E+00
+7.00440934E-01
+3.78683509E-01
+1.27918593E+00
+3.31312951E-01
+1.05048715E+00
+8.71654321E-01
+2.59120101E-01
+3.94752721E-01
+8.59541541E-01
+5.19772437E-01
+2.53957081E-01
+4.80036750E-02
+2.24722045E-01
+2.81600397E-01
+9.71659725E-02
+2.17665483E-01
+1.07835833E-01
+1.20286544E-01
+2.28465048E-01
+2.73013935E-01
+2.44821545E-03
+9.44551993E-02
+6.37286862E-01
+7.73639558E-01
+5.32546987E-01
+7.84071020E-02
+8.74834372E-01
+1.38992230E+00
+9.35904580E-01
+1.18085669E+00
+8.57043082E-02
+3.00488690E-01
+1.14964822E-02
+2.61968864E+00
+9.07660923E-01
+1.16642332E+00
+4.69975410E-02
+4.81288877E-01
+5.15638929E-01
+7.54569815E-01
+1.34278215E-01
+1.72295933E+00
+1.21867957E+00
+4.35350989E-02
+1.02868012E+00
+2.41613078E-02
+2.95818761E-01
+4.91824112E-01
+2.27251662E-01
+1.84274453E-01
+6.09370715E-01
+7.14944038E-01
+3.74751396E-02
+1.96953360E-01
+9.05640781E-02
+5.83294827E-01
+1.44601475E-01
+2.50769537E-01
+4.89020609E-01
+6.67918337E-01
+1.19970562E+00
+3.35423520E-01
+4.93473120E-01
+7.60379553E-02
+4.42988125E-01
+1.58584226E-01
+7.22341546E-01
+1.60990552E-01
+3.03447060E-01
+2.79243235E-01
+9.32518829E-01
+2.60496427E-01
+2.20468623E-01
+9.17395352E-03
+4.99875100E-01
+7.33283284E-02
+1.36282710E+00
+2.79997867E-01
+2.20294248E+00
+1.62624360E-01
+4.55505077E-01
+1.71559988E-01
+5.17477025E-02
+3.45706065E-01
+1.43859139E+00
+4.35476059E-01
+1.53226722E-01
+3.45879327E-01
+1.62889666E-03
+1.38684950E-02
+2.53266239E-01
+5.82364500E-01
+1.93354327E-02
+1.45112349E-01
+3.88707784E-01
+7.26116992E-01
+9.65546155E-01
+1.17055792E-01
+1.05937397E-01
+3.59529614E-01
+1.84889834E-02
+9.69562312E-01
+1.57188225E+00
+5.58445699E-01
+1.61262601E+00
+1.02416633E+00
+4.02734777E-01
+2.16257796E-01
+1.50894991E-01
+1.43815904E-01
+4.75078227E-01
+2.20658397E-01
+9.18309980E-01
+2.54773077E-01
+2.55819927E-01
+3.07563831E-01
+1.34981654E-01
+1.28942415E-01
+4.75709416E-02
+1.03840566E+00
+1.82308652E-01
+9.11264993E-02
+2.47267835E-01
+2.18506935E-01
+8.37526401E-01
+1.16169031E+00
+4.32577259E-01
+1.59965157E+00
+2.15219862E-01
+5.48332878E-01
+5.73330451E-01
+7.35683050E-03
+9.72319407E-02
+2.84558851E-01
+1.38287520E-01
+1.02405419E+00
+3.83458021E-01
+5.19215254E-01
+6.34096085E-01
+4.28851506E-01
+2.97496156E-01
+9.75308827E-01
+2.26113131E-02
+2.67590489E-01
+1.17697215E+00
+3.97387208E-01
+7.52643683E-01
+5.83548559E-01
+9.13057414E-01
+4.52086858E-02
+9.73671700E-03
+6.82282260E-01
+1.19925153E+00
+3.27607866E-02
+2.10661005E+00
+6.61419729E-01
+1.49851288E+00
+3.84207639E-01
+4.77151382E-01
+9.14542832E-01
+5.53176644E-01
+3.17732959E-01
+4.69349330E-02
+6.00944679E-01
+1.76407321E-01
+1.08876840E-01
+1.89348481E-01
+4.37456119E-01
+2.08137141E-01
+7.90531963E-01
+9.70760492E-01
+3.81745345E-01
+1.74099748E+00
+1.00849274E+00
+1.32301797E+00
+3.06035826E-01
+6.22984387E-01
+2.09873762E-01
+2.85466775E-01
+4.71975944E-02
+7.76683941E-01
+7.28482850E-01
+2.97697727E-01
+8.58616896E-02
+5.34990463E-02
+4.08639937E-01
+1.70470760E+00
+1.07822079E+00
+4.86451087E-01
+8.31409547E-01
+3.37568081E-01
+1.76318405E-01
+2.52606912E-01
+2.00702853E-01
+1.10088681E+00
+2.86343144E-01
+1.82113107E-01
+1.87985626E-01
+3.51513612E-01
+7.78770536E-02
+5.64084346E-01
+4.26170689E-01
+1.30473888E-01
+1.04483626E-01
+3.19545126E-01
+6.52982422E-01
+9.38926492E-01
+6.24207801E-02
+2.04299871E+00
+7.15401049E-01
+6.08338327E-01
+6.01581552E-02
+2.99932951E-01
+6.90070566E-02
+9.07463318E-02
+8.17451573E-01
+2.68642602E-02
+3.21344254E-01
+2.19912856E-01
+2.99778376E-01
+5.87311553E-02
+1.20881206E-03
+2.51067905E-02
+1.23252783E+00
+7.19253577E-02
+3.38908756E-03
+5.24253672E-01
+4.06215088E-01
+1.04563614E+00
+3.68823832E-01
+6.20736367E-01
+2.60405417E-01
+3.16461438E-01
+3.74729891E-01
+1.43188272E-01
+4.62759780E-01
+2.82170549E-01
+8.72856395E-01
+4.22365693E-01
+8.12969078E-01
+6.58967517E-02
+7.47229208E-01
+3.82873838E-01
+1.47263511E-01
+1.53534829E-01
+4.57049510E-02
+9.32211900E-01
+9.87688999E-01
+3.79626628E-01
+1.76052922E-01
+3.25907769E-01
+1.08745575E-01
+5.60602551E-01
+8.42757456E-01
+3.41009274E-02
+2.97300607E+00
+1.98400947E-01
+7.70529532E-01
+3.73931008E-01
+2.32450796E+00
+3.12443882E-01
+7.37128604E-01
+3.74813628E-01
+7.99426449E-01
+7.65248218E-01
+3.84862480E-02
+8.23806137E-02
+4.62989940E-01
+1.65416463E-01
+1.64745282E+00
+6.00186516E-02
+5.80976145E-01
+4.21549265E-01
+3.41619931E-01
+2.33744276E-01
+2.39381644E+00
+3.52961384E-01
+4.43396489E-02
+1.10382146E-01
+7.93436488E-01
+1.31521311E-01
+1.30120195E-01
+1.15185175E-01
+5.38398488E-01
+1.12540313E+00
+1.18507205E+00
+1.28515237E+00
+5.29625753E-01
+2.86536297E-01
+1.08820363E+00
+2.42820462E-01
+2.64639173E-01
+2.03843265E-01
+3.29433131E-01
+4.51230344E-01
+1.34583912E-01
+2.53750070E-01
+3.30394169E-02
+7.01905058E-02
+1.24555861E+00
+3.56345815E-01
+1.29829587E-01
+2.65136133E-01
+1.16722309E+00
+5.61554525E-01
+4.42573360E-02
+1.18513047E+00
+3.84823059E-01
+3.69956441E-01
+6.21877787E-01
+1.59800009E+00
+6.24906339E-01
+5.25309526E-01
+7.28358048E-02
+7.10985720E-01
+1.04567463E+00
+3.63483422E-01
+1.56599939E-01
+1.38433144E-01
+4.75091920E-01
+1.13706138E-02
+2.25857804E-01
+2.92494099E-02
+1.18772191E-01
+6.85675402E-01
+1.67252976E-01
+1.47895100E-01
+7.56850029E-01
+1.63489713E-01
+3.06511229E-01
+1.82401865E-01
+1.95393354E-01
+3.48005926E-01
+5.19958852E-01
+1.32375327E+00
+5.74631900E-01
+9.94058420E-01
+5.78496531E-01
+6.83370291E-02
+5.03953729E-01
+2.48419014E-01
+4.53593527E-01
+3.15905217E+00
+1.15365398E+00
+3.31670961E-01
+2.75792037E-01
+6.97512260E-02
+4.20764947E-01
+2.96333264E-01
+8.68533878E-01
+2.48534079E-01
+4.35435020E-01
+7.24675582E-01
+1.12784164E+00
+1.77619596E-01
+4.38641068E-01
+2.80625277E-01
+1.52557785E-01
+1.24351672E+00
+4.27893462E-01
+6.77410972E-01
+5.19098386E-01
+8.92272153E-02
+1.58079466E+00
+6.24431663E-01
+3.47040627E-01
+7.75597529E-01
+8.03212979E-01
+1.62675134E-01
+5.46454047E-02
+1.20686593E+00
+1.81959428E+00
+6.33175879E-02
+7.61271627E-01
+2.53936231E-02
+1.05015119E+00
+6.02769421E-01
+6.59432400E-01
+2.24485147E+00
+1.26977630E-01
+2.00746920E-01
+1.27314426E-01
+1.45068647E-01
+1.50668263E-01
+8.83979841E-02
+6.19798752E-02
+3.78030093E-02
+3.99813841E-01
+6.91988827E-01
+5.65026984E-02
+4.28015628E-01
+5.95920843E-02
+3.08540644E-02
+4.17357691E-02
+3.39846933E-01
+1.48611710E+00
+6.15421473E-01
+4.93135638E-01
+1.50107456E-01
+9.76668497E-02
+4.28859613E-02
+6.87984742E-02
+7.35889090E-02
+1.90731714E+00
+1.07007180E-01
+1.18681896E-01
+2.32881707E-01
+7.79808121E-01
+5.52630028E-01
+4.53172804E-01
+6.63927281E-01
+4.12681957E-01
+8.40816251E-03
+1.02072281E+00
+1.26372362E-01
+8.45148771E-02
+1.26609845E+00
+3.84586272E-01
+2.05936063E-01
+6.00113702E-01
+4.66955799E+00
+7.11451038E-02
+6.36193480E-01
+6.56265358E-01
+2.61907835E-02
+1.01034008E-02
+5.17616627E-02
+1.33406356E-01
+2.99400895E-01
+3.55112044E-01
+1.22132860E+00
+2.60365928E-01
+5.18781951E-01
+8.32781801E-02
+3.17487910E-01
+1.39037997E+00
+5.14075720E-01
+5.27372252E-01
+1.98854138E+00
+4.53115104E-02
+2.70580640E-01
+8.72873244E-01
+5.14678935E-01
+3.30159072E-03
+4.46133027E-01
+2.92436358E-01
+2.43703872E-01
+3.41829344E-01
+1.06324461E+00
+2.57762503E-01
+1.52482441E-01
+8.56871713E-01
+1.19445165E-01
+1.12350309E+00
+1.41309340E+00
+1.63155572E+00
+4.13598441E-01
+8.92735509E-01
+9.68018801E-01
+1.87736440E-01
+3.87056718E-02
+4.07961356E-01
+7.85366895E-01
+1.84517044E-01
+9.14891376E-03
+8.67586698E-01
+8.76711490E-01
+1.53604393E+00
+5.48056778E-01
+3.11958648E-01
+2.52217676E-01
+9.60621520E-01
+4.01193819E-02
+1.99965592E-01
+3.63654021E-01
+1.13397609E-02
+5.03069387E-02
+4.94433301E-01
+7.21996341E-01
+1.09263473E+00
+3.30482995E-01
+3.43143604E-01
+3.10734549E-01
+2.05262537E-01
+4.44986614E-01
+2.05718087E+00
+2.28311785E-01
+1.73026189E-01
+1.24488092E-01
+1.02970927E-01
+3.01568940E-01
+2.43109778E-01
+8.90101188E-01
+1.09861696E+00
+1.12929369E+00
+1.84459053E-01
+1.92810080E-01
+2.78856010E-01
+8.29569168E-01
+2.80234940E-01
+4.15378696E-01
+1.94744100E-01
+5.73403003E-01
+4.56489193E-02
+1.12533879E+00
+3.32542285E-01
+4.93374570E-02
+8.33692331E-02
+9.06533170E-01
+6.67882340E-01
+1.00108321E+00
+6.70671474E-02
+8.35444248E-01
+1.92207725E+00
+7.21953384E-01
+2.81198538E-01
+6.06837290E-01
+2.20049810E-01
+4.19185924E-02
+1.94778189E-01
+3.25470624E-01
+2.68163231E-01
+1.14628968E-02
+6.23719429E-01
+5.41519192E-01
+1.89603233E-01
+5.16368166E-01
+2.77543295E-01
+2.05336989E-01
+6.23288521E-01
+1.42648522E+00
+3.39992691E-01
+1.68748435E-01
+6.00863627E-01
+3.82628816E-01
+4.59954549E-02
+6.17092400E-01
+7.45688826E-01
+2.73264697E-01
+1.36858120E-02
+2.16946639E-01
+1.29926844E-02
+2.32029178E-01
+6.82064987E-01
+6.82617800E-02
+3.66180986E-01
+2.83506022E-01
+1.26947078E-01
+6.46691252E-01
+1.52454824E+00
+1.23488220E+00
+1.09933010E+00
+5.75942470E-01
+8.19425207E-01
+6.66073491E-01
+7.77948754E-01
+8.20117023E-02
+1.24321738E+00
+2.93109416E-01
+1.12851968E-01
+6.08876608E-02
+9.94773082E-02
+3.96609153E-01
+1.61781923E+00
+4.22313165E-01
+1.46723554E+00
+3.76827759E-01
+3.75162860E-02
+9.77130209E-01
+5.35794130E-01
+1.65390756E-01
+4.79979006E-01
+4.01405612E-01
+1.92861885E-01
+4.36118377E-02
+1.22315038E+00
+1.19960755E+00
+3.64580093E-01
+1.92950831E-01
+7.77405354E-02
+6.76667474E-01
+4.05291764E-01
+1.14070523E+00
+3.57048538E-01
+5.11878824E-01
+1.12114558E-01
+2.62523258E-02
+1.30268040E-01
+6.55650759E-01
+1.42462316E+00
+6.32639131E-01
+3.60449563E-01
+7.48319390E-01
+1.31721274E-01
+1.56172743E+00
+8.94878525E-01
+4.53818477E-01
+2.97772909E-01
+1.87507943E-01
+1.49883641E-01
+1.52614385E-02
+9.20676693E-02
+1.52695524E-01
+2.72543729E-01
+3.08213860E-01
+2.32504335E-01
+3.27478608E-01
+2.56206885E-01
+7.44903079E-01
+3.06518049E-01
+2.11484031E-01
+4.51153739E-01
+2.89778517E+00
+1.38874561E+00
+4.95818510E-01
+6.27686896E-01
+2.58822470E-01
+8.52178093E-01
+4.03253798E-01
+5.81578882E-01
+1.12228295E+00
+3.29677222E-01
+1.39888771E+00
+1.27722812E+00
+3.70934857E-01
+3.70809869E-02
+4.24187439E-02
+7.92039961E-01
+3.45324309E-01
+1.14889636E-01
+1.95570141E-01
+2.11935944E-01
+1.45079877E-02
+2.83769976E-01
+2.28723259E-01
+1.71568723E-02
+1.11417202E-01
+2.26553435E-01
+5.19574016E-01
+3.40055009E-01
+4.35360091E-01
+4.70409452E-01
+1.10595515E-01
+2.81600562E-01
+7.60809363E-01
+4.26104703E-02
+6.45136557E-01
+4.91851354E-01
+2.35609217E-02
+6.81186710E-01
+2.66853927E-01
+4.19956970E-01
+1.72729810E-01
+7.45337400E-01
+2.81248657E+00
+3.93976248E-01
+2.02517078E-01
+2.71462850E-01
+5.10491565E-02
+2.75829099E-01
+1.49043077E-01
+6.74628672E-01
+1.56211381E-01
+9.21153485E-02
+2.61044837E-02
+2.10440498E+00
+4.39467179E-01
+1.87664969E-02
+3.01794289E-01
+3.43772563E-02
+9.09211315E-02
+2.47826241E-01
+1.32475314E-01
+2.28260427E-01
+5.43464427E-02
+4.72196429E-01
+7.74129183E-01
+5.78225322E-02
+8.55512658E-03
+1.07330371E+00
+1.04455828E-01
+7.03124932E-01
+9.52825971E-01
+2.70547454E-01
+1.37150559E-01
+3.05428113E-01
+5.79131920E-01
+7.15217972E-01
+5.92141680E-01
+9.92220753E-02
+7.11321849E-01
+2.64342922E-01
+5.76490967E-02
+5.60517018E-01
+4.76128647E-02
+1.50332272E-01
+3.19365483E-01
+5.62593106E-02
+3.58835159E-02
+7.80173414E-03
+3.55101595E-01
+2.60194568E-02
+3.88823126E-01
+8.69325227E-01
+1.00418842E+00
+8.37082751E-03
+9.62157131E-01
+8.58741523E-01
+3.88867888E-01
+2.57818448E-01
+2.21702957E-01
+2.04432091E+00
+1.65569589E-01
+1.61832833E-01
+1.99557483E-01
+3.40656946E-01
+1.08125271E+00
+3.99446233E-02
+1.23441581E+00
+1.06235568E-01
+2.65289416E-02
+1.26342361E+00
+4.05748708E-03
+1.13532431E+00
+8.80763926E-02
+1.03046504E-01
+1.34171662E-03
+6.62198653E-01
+3.63494635E-01
+1.30254804E+00
+1.52026731E+00
+1.07602570E-01
+1.28380019E+00
+6.76703603E-02
+5.78705148E-02
+8.39236841E-02
+1.15962631E+00
+2.74464724E-01
+6.39253875E-01
+2.14618124E-01
+3.97472540E-01
+1.41506404E-02
+2.01304294E+00
+4.90513578E-02
+3.15198680E-01
+1.70808262E+00
+1.45430427E+00
+4.92891270E-01
+4.24412224E-01
+2.81940608E-02
+1.34495168E-01
+4.33667915E-01
+9.27233677E-01
+2.29242609E-01
+1.23266026E-01
+3.95472178E-01
+3.30976791E-02
+5.74901596E-02
+9.15887558E-02
+6.34590516E-01
+2.48448288E+00
+1.00851237E-01
+4.23023719E-01
+3.95323983E-01
+1.87828381E+00
+1.89950671E-01
+1.01419034E-01
+2.13551946E-01
+2.43418335E-01
+4.79258873E-01
+3.83310728E-01
+5.20515225E-01
+2.78405772E-01
+1.66673447E-01
+3.69010299E-01
+5.21975503E-01
+1.58065986E-01
+4.50451989E-02
+7.99732833E-01
+5.92942520E-01
+7.45896788E-01
+1.03657450E+00
+7.72502355E-01
+6.34379845E-02
+1.61409170E-01
+8.77377616E-01
+7.03884694E-01
+3.94372100E-01
+5.65614952E-01
+1.25987259E-01
+5.31685290E-01
+4.89076228E-01
+4.65221088E-01
+3.00343054E-02
+9.28651713E-01
+5.96178034E-01
+1.53372147E+00
+3.73873469E-01
+5.14609579E-01
+1.44088580E-03
+1.56554916E-01
+2.33015560E-01
+1.50292819E-01
+4.41004942E-01
+7.97629082E-02
+8.48510897E-01
+1.98811856E-01
+1.22066108E-01
+9.64968315E-01
+7.03350615E-02
+4.04559038E-02
+6.98758126E-01
+6.32395047E-02
+1.95309988E+00
+1.53670356E-01
+1.08181698E+00
+1.45199070E+00
+1.42421510E-01
+3.33694696E-02
+4.60930359E-03
+3.19876964E-01
+3.08686960E-01
+4.30174606E-01
+8.58811398E-01
+6.89346520E-02
+1.63094829E-01
+5.66073449E-01
+1.55023334E+00
+1.31468999E+00
+7.25848323E-01
+2.42752967E-01
+1.71304802E+00
+3.83038560E-01
+4.73781795E-01
+5.65962569E-02
+4.39407760E-02
+8.39722247E-02
+1.36484482E+00
+4.05437796E-01
+2.47998421E-01
+2.25855242E-01
+4.25070276E-01
+2.34088595E-02
+7.66526868E-02
+1.79337619E-01
+7.58468753E-01
+5.38195480E-01
+6.45051989E-01
+7.75065987E-01
+9.24970386E-02
+4.57202546E-01
+3.47494999E-02
+2.90707079E-01
+2.01968493E-01
+2.69658577E-01
+5.80835275E-01
+9.75872550E-01
+5.70935811E-01
+1.49863636E+00
+1.24505410E-01
+2.65210409E-01
+4.60194076E-01
+1.26127327E+00
+1.54683059E-01
+1.29921410E+00
+9.89972624E-02
+3.54922387E-01
+3.95184483E-01
+9.17652704E-02
+1.30485580E-01
+2.06398054E-01
+8.14187380E-02
+1.16871572E-01
+4.64372475E-02
+2.47746669E-01
+2.37495128E+00
+1.38775226E-01
+2.96406250E-01
+1.23315740E+00
+1.55137180E-01
+3.07766777E-01
+9.00343027E-01
+4.76043141E-03
+2.02865377E-01
+1.06022366E+00
+2.63650170E-01
+1.11991936E-02
+1.42181699E-01
+8.70231397E-01
+4.00155718E-01
+5.30946424E-01
+4.26348668E-01
+4.19602169E-01
+1.68416224E-01
+1.58606694E-01
+5.28543434E-02
+1.06498025E-02
+5.95019813E-01
+8.13472546E-01
+2.00245421E-01
+3.64303426E-01
+2.76399587E-01
+1.59588827E-01
+2.60258928E+00
+5.62413733E-01
+2.79668154E-02
+9.08374359E-02
+3.29167957E-02
+1.59120498E-01
+3.57218669E-01
+1.02377243E+00
+1.37270247E+00
+1.93193151E-01
+8.69211436E-02
+3.08279362E-01
+1.23374275E+00
+8.45352743E-01
+2.46168848E-02
+7.72051835E-01
+2.06992289E-02
+1.75420688E+00
+2.00316769E-01
+9.22847049E-02
+3.59357073E-01
+3.75328939E-02
+5.01590454E-01
+5.04690591E-01
+1.72443113E-03
+1.23778550E-01
+1.54290849E+00
+2.65813876E-02
+1.19845461E+00
+3.66006246E-01
+4.33192808E-02
+4.38817108E-02
+2.82018962E-02
+1.29937619E+00
+2.23747665E-01
+1.25320859E+00
+1.44161217E+00
+8.01957793E-01
+1.80070128E-01
+3.94933833E-02
+3.19052350E-01
+3.21503402E-01
+5.13585041E-01
+9.48226139E-02
+3.12724870E-01
+4.24838253E-01
+1.66033256E-01
+6.86873997E-01
+9.24438192E-01
+1.42222630E-01
+1.29440679E-01
+1.32980010E-03
+2.90555981E-01
+2.73549549E-01
+2.94762432E-01
+3.49955869E-01
+1.86303887E-01
+1.09198730E+00
+5.16602920E-01
+2.17992690E-01
+5.06266722E-01
+4.44585341E-01
+6.37523371E-01
+1.77025350E-01
+3.76182004E-01
+2.44378310E-02
+1.61588130E-02
+3.42840099E-01
+9.09714723E-01
+7.90577887E-01
+2.96004823E-01
+6.56926750E-01
+2.07702913E-01
+7.03573740E-01
+1.04022117E+00
+1.89277379E-01
+7.15395597E-01
+4.86903786E-02
+1.26739755E+00
+7.71911835E-01
+5.81495986E-02
+3.65771724E-01
+1.79168741E-01
+9.13722604E-01
+5.37959195E-01
+1.08114509E-01
+7.97587038E-02
+4.58022507E-01
+4.94010847E-02
+3.35211619E-01
+6.01779035E-01
+1.55185892E+00
+1.77199622E-01
+3.15299924E-01
+4.40774803E-01
+3.83620823E-01
+3.85169570E-02
+9.30686051E-01
+1.78240910E-01
+3.32029534E-02
+5.79411753E-01
+2.23339698E-01
+4.38713283E-01
+4.19340681E-01
+2.70591828E-01
+9.10483766E-01
+5.43919243E-01
+3.13226537E-01
+7.76658769E-01
+6.47278046E-01
+4.62388635E-01
+8.76837672E-01
+5.53185143E-01
+1.84447974E+00
+8.91679388E-01
+7.53441751E-01
+4.21086249E-01
+1.50738976E+00
+1.28959556E-01
+9.42108966E-02
+1.10528353E+00
+2.57160081E-01
+4.43994388E-01
+5.23150967E-01
+4.42975715E-01
+5.35709942E-01
+1.05831341E+00
+1.73473395E-01
+1.17099007E-01
+3.48054122E-01
+9.16693606E-02
+8.10254309E-02
+3.78232625E-01
+4.07966551E-02
+4.62882929E-01
+1.81201172E+00
+6.63772629E-01
+2.09884389E+00
+1.57552038E+00
+1.15775434E+00
+1.86094355E-01
+9.18853305E-02
+1.07836950E+00
+6.07669426E-02
+5.76599306E-02
+3.54299999E-01
+1.14816809E-01
+1.05409524E-01
+2.84662256E-01
+3.45122248E-01
+7.31739311E-01
+2.51579242E-01
+3.02179054E+00
+1.40293511E+00
+2.00288054E-01
+3.57024042E-02
+3.94242433E-01
+7.01829639E-01
+3.50800792E-01
+1.37375734E-01
+2.12267683E-01
+2.68493194E-01
+8.30135763E-01
+1.46570670E-01
+3.96964527E-02
+3.09247695E-01
+2.44565620E-01
+1.64900733E-01
+2.54025049E-01
+5.36977107E-01
+6.16990597E-01
+8.75316836E-01
+2.22717075E-01
+8.60350344E-02
+5.00755064E-01
+5.38443834E-01
+6.49897467E-01
+5.30671045E-01
+2.12398866E-02
+3.55643841E-01
+9.26767738E-02
+1.14508176E-01
+2.37769667E-01
+3.38258420E+00
+2.63943198E-01
+1.57741079E-01
+2.24548607E+00
+2.02016287E-01
+1.96313093E+00
+1.30991677E+00
+2.92741659E-02
+1.11381029E-01
+1.16303808E-01
+2.87677594E-01
+4.45090506E-01
+2.95117874E-01
+1.12655068E-01
+7.08922859E-02
+2.53165750E-01
+4.68316923E-01
+1.62007274E-03
+5.56805931E-01
+4.85914803E-01
+9.57250575E-01
+2.34505216E+00
+5.06825767E-01
+7.59750132E-02
+4.35436171E-02
+7.03383365E-01
+9.43096022E-01
+6.58735209E-02
+1.22586593E+00
+1.33490854E-01
+8.30824726E-02
+3.48826477E-01
+3.47903134E-01
+6.68544651E-01
+8.16165103E-01
+9.97812935E-01
+4.02950336E-01
+7.99681190E-01
+4.49375734E-01
+9.45207859E-02
+2.65014436E-01
+5.22747965E-02
+2.39461995E-01
+1.31330528E-02
+1.48537430E+00
+4.77932942E-02
+2.07883014E-01
+2.16837050E-01
+3.66749245E-01
+2.32376269E-01
+2.71079308E-01
+1.50240156E+00
+7.37088268E-02
+7.01689808E-02
+2.78698587E-02
+6.95777696E-01
+1.06182198E-02
+5.60029494E-01
+5.86830811E-01
+1.32509400E+00
+3.85246467E-01
+8.07560527E-01
+6.34127188E-01
+4.74069741E-01
+1.24183362E+00
+2.78770826E-01
+9.26116688E-01
+3.91083060E-01
+2.30550372E-01
+4.28258139E-01
+1.43413914E-01
+4.53306483E-01
+2.28211122E-01
+8.69430649E-01
+1.82441171E+00
+5.89984679E-02
+1.35667184E-01
+7.60376592E-01
+1.58947834E+00
+2.15472977E-01
+1.79841575E-01
+7.12959560E-01
+7.34321412E-01
+1.07360588E-01
+2.45237883E-01
+1.80114442E-01
+2.66873970E-01
+2.73449785E-01
+3.47601276E-01
+4.52629981E-01
+8.07917004E-01
+9.44027452E-03
+1.11764069E-01
+3.16844396E-01
+2.05016732E+00
+2.96684855E-02
+4.27892696E-01
+4.34880910E-01
+5.53486101E-02
+1.73614634E-01
+4.12591982E-03
+5.51469677E-01
+2.37060815E-01
+1.25744268E-01
+1.87726384E-01
+8.04744291E-01
+2.18036244E-01
+1.26929069E+00
+8.02633301E-01
+1.58979585E-01
+4.36768995E-02
+8.28931861E-01
+3.65894494E-02
+3.20858045E-01
+7.29462873E-01
+2.83929520E-01
+1.15216055E-01
+1.10050492E-01
+2.37631282E-01
+5.62997664E-01
+2.01714553E-01
+4.86942529E-01
+1.37590044E-01
+5.62593783E-01
+2.53747466E-01
+1.11513955E+00
+2.13956745E-01
+4.45390538E-01
+5.34190458E-01
+7.31490183E-02
+2.15114979E-01
+2.88505947E+00
+5.06678708E-01
+2.57976681E-01
+1.89172117E-01
+3.82859203E+00
+1.89871936E-01
+2.07734346E+00
+1.11636996E-01
+2.93574172E-01
+1.40045192E+00
+3.46552488E-01
+1.60520779E+00
+4.57937899E-01
+2.66166335E-01
+3.71590369E-01
+8.27821822E-01
+4.05521061E-01
+3.62199643E-01
+1.10901847E+00
+4.79462020E-01
+8.53529359E-01
+1.77049732E-01
+2.09886156E-01
+1.77205524E-01
+3.18591624E-01
+2.61682872E-01
+2.69477767E+00
+5.42120139E-01
+7.62826171E-01
+1.56634917E-01
+1.10819861E-01
+2.79145207E-01
+6.48513995E-01
+4.88775152E-01
+4.96999955E-01
+8.53504487E-01
+1.74008961E+00
+9.73169302E-01
+1.61681833E-01
+1.21897210E-01
+3.92426019E-01
+5.29104069E-01
+4.14162970E-01
+6.97558030E-01
+1.44545773E-01
+3.45703418E-01
+3.80071922E-01
+5.22402374E-01
+4.32404633E-02
+7.01197298E-03
+3.10955819E-01
+8.11757454E-01
+2.50400568E-01
+1.04936289E-01
+5.38779360E-02
+1.63774715E-01
+4.89199581E-02
+1.85304239E-02
+4.45025272E-01
+1.33017093E-01
+8.57246060E-01
+1.98866823E-01
+1.71337150E+00
+3.90359668E-01
+2.21460406E-01
+1.38436589E-01
+6.06060672E-01
+8.57887063E-01
+2.80394481E-01
+3.38424823E-01
+5.69165964E-01
+2.44150086E+00
+3.33345510E-01
+2.57013224E-01
+5.37894264E-01
+9.59448504E-01
+2.53038611E-01
+9.80460036E-02
+4.04524164E-01
+4.98192404E-01
+1.16891429E-01
+9.87965046E-03
+1.03322030E+00
+2.37429992E-01
+3.64754279E-01
+1.10435011E-01
+4.30652410E-01
+2.38953497E-01
+1.44589439E+00
+6.12524133E-01
+1.30885111E-01
+1.41097602E-02
+7.67495718E-01
+9.55766797E-01
+4.34096782E-01
+7.87381557E-01
+1.08176920E+00
+8.82275112E-01
+5.99741936E-01
+1.22721398E+00
+3.46264689E-02
+9.40849529E-01
+2.05456456E-01
+3.56036773E-01
+5.40921942E-01
+9.26199495E-02
+2.61464602E-03
+4.39632817E-01
+7.08672705E-01
+9.21904545E-01
+9.43994359E-01
+1.27980338E+00
+2.20728834E-01
+3.23685795E-02
+4.36278758E-02
+9.07546219E-01
+3.19012223E-01
+2.38121597E-01
+7.16588174E-01
+4.42715538E-01
+1.35299080E-01
+9.01202606E-02
+1.18439789E+00
+2.08544015E+00
+3.13154120E-01
+1.63839914E-01
+3.70167377E-01
+3.86386855E-01
+2.68234607E-02
+8.77461075E-01
+3.15368876E-01
+7.70962249E-01
+1.15640505E+00
+2.86025684E-01
+4.86734971E-01
+1.41080359E+00
+1.68409300E-01
+7.78099384E-01
+2.95231418E-01
+4.29381501E-01
+2.97239327E-01
+1.82144992E-02
+3.81612234E-01
+4.09948186E-01
+1.21845289E+00
+1.02397417E+00
+1.52655551E+00
+6.64468885E-01
+1.37958992E+00
+7.50841460E-01
+2.31293884E-01
+1.14423085E-01
+1.36553862E+00
+7.00255304E-01
+1.13762183E-02
+8.62847341E-02
+1.07561459E+00
+4.58505555E-01
+6.91994932E-01
+1.37001364E-01
+3.07515624E-02
+2.92144986E-01
+1.11111787E+00
+2.41756785E-01
+1.05856449E+00
+2.19632032E+00
+4.02106832E-01
+1.06461737E+00
+7.02353995E-01
+6.14646273E-01
+7.11078257E-01
+2.85180581E-01
+1.20745615E+00
+3.03664471E-01
+1.21419069E+00
+1.15495678E-01
+5.78478860E-01
+2.94070343E-01
+1.19318717E+00
+1.13255230E+00
+7.73450785E-01
+5.80013613E-02
+2.18101692E-01
+5.96445822E-01
+6.79042824E-01
+1.37029486E-01
+5.48587081E-02
+2.51926585E-01
+6.49403680E-01
+2.22866841E-01
+1.85043881E-01
+7.28556983E-03
+2.94362654E-01
+5.33315568E-01
+1.28937338E-01
+1.26557964E-01
+3.33317939E-01
+9.86999593E-02
+8.79245457E-02
+1.24314815E+00
+1.96188799E-01
+3.33922449E+00
+1.38658680E+00
+4.78800704E-02
+6.95510374E-01
+2.94368887E-03
+3.76171765E-01
+2.03038021E-01
+3.51566159E-01
+3.90538760E-01
+2.62860264E-01
+1.10850784E-01
+4.95084776E-02
+4.22253173E-01
+5.63591853E-01
+2.89057969E-01
+2.80349026E-01
+4.11350722E-02
+7.60433752E-01
+6.45745749E-02
+1.54577623E-01
+2.70720225E-01
+8.75293038E-02
+9.37798723E-01
+1.36605197E+00
+6.00106467E-01
+1.11999001E+00
+1.20405946E+00
+9.36005837E-01
+9.70770582E-01
+2.52909759E-01
+4.23526653E-01
+1.23833391E+00
+2.74734288E-01
+2.27780393E-01
+9.52721466E-02
+3.20955966E-01
+6.47395656E-01
+8.29252353E-03
+3.42116425E-01
+6.66269113E-01
+3.18803371E-01
+2.60941799E-01
+5.91139951E-01
+8.34280093E-01
+1.78113507E+00
+2.91017601E-01
+5.12344656E-01
+5.39781903E-01
+2.38288291E+00
+1.93568150E-01
+3.77355822E-01
+6.68214655E-01
+2.75720290E-02
+1.19399909E+00
+4.44544303E-01
+7.90991984E-01
+3.27577794E-01
+2.62481108E-01
+8.93649071E-01
+2.48289811E-01
+1.48800958E-01
+3.39868244E-01
+3.74407128E-01
+2.14914213E-01
+1.75199622E+00
+1.57369917E+00
+2.77544856E-01
+1.09580814E+00
+5.34765392E-01
+1.47279657E+00
+1.12763558E+00
+2.14577759E-01
+1.05626319E-01
+4.39041382E-01
+1.74252235E+00
+1.51179397E-01
+7.13411847E-01
+9.03283286E-02
+1.01305558E+00
+6.32103575E-01
+1.69014448E-01
+3.13217826E-01
+3.58786828E-01
+4.78587925E-01
+4.23484719E-01
+2.09533289E+00
+3.39530649E-01
+1.18698007E-01
+4.95378154E-01
+1.44071349E+00
+1.58772103E-01
+2.62699566E-01
+1.02923249E-01
+1.72940686E-02
+4.65631026E-01
+1.06492599E+00
+1.35229437E-01
+1.60650918E-02
+1.86993504E+00
+1.69696117E-02
+5.44813230E-01
+1.35706336E-01
+3.81869558E-01
+5.90942473E-01
+1.00189044E+00
+5.78086053E-01
+1.20190955E-02
+2.21243043E-01
+2.11474222E-02
+4.76838575E-01
+9.10137936E-01
+2.92916613E-01
+4.50245238E-01
+3.96113824E-02
+7.93942165E-01
+5.60452402E-01
+1.15493251E-01
+6.22631245E-02
+4.60682535E-01
+4.34881608E-02
+2.28614255E-01
+2.05314689E-01
+6.19754718E-01
+9.82678420E-01
+2.45319975E-01
+5.64009783E-01
+1.29828213E-01
+3.35170080E-01
+2.39594931E-01
+4.80931266E-01
+1.30690680E+00
+3.85840472E-01
+3.94624429E-01
+1.18642301E-01
+1.80015103E-01
+1.11494168E-01
+7.55927864E-01
+1.65208962E-01
+2.29604158E-01
+1.95091279E-01
+3.36011359E-01
+2.29241972E-01
+2.35992427E-01
+1.29423791E-01
+4.79425434E-01
+1.70334276E-01
+2.95049037E-01
+3.01607267E-01
+1.14323101E-01
+1.65887238E-01
+1.41194232E+00
+8.06868616E-02
+4.14614155E-01
+3.40678543E-01
+5.26733615E-01
+1.17252507E+00
+1.93247485E-01
+1.50146236E-01
+5.63916321E-01
+1.06667392E-02
+5.69505910E-01
+8.66625810E-02
+1.71457991E-01
+1.68958088E+00
+8.77110207E-01
+2.22268755E-01
+3.19040895E-01
+3.61116521E-01
+1.57594487E-01
+5.99045338E-01
+7.69524494E-01
+8.93877400E-02
+6.10153733E-02
+9.45916183E-02
+1.09764278E+00
+1.95528256E-01
+4.08658957E-01
+2.95592226E-01
+2.74401912E-01
+1.55166152E-03
+2.35767837E-01
+9.99457285E-02
+4.30788322E-01
+9.45200044E-03
+4.43568900E-01
+1.38539722E-02
+2.96685540E-01
+8.55794019E-02
+1.15911457E-02
+3.36903377E-01
+1.48854060E+00
+6.88697428E-01
+7.04232309E-01
+4.84484399E-01
+4.18108154E-02
+4.19712237E-01
+4.75239490E-01
+1.73838144E-01
+6.01067871E-01
+2.30649965E-01
+9.88864678E-02
+4.34591543E-01
+5.44513522E-01
+2.08459097E-01
+5.62679595E-01
+4.05671112E-02
+3.05400307E+00
+2.95241258E-01
+1.17857682E+00
+6.20910336E-01
+2.35475612E-01
+3.55732282E-01
+4.75548383E-01
+6.57312927E-01
+1.51599539E-01
+1.13918240E-02
+1.02976931E-01
+8.77053318E-01
+2.07563569E-01
+3.71401792E-02
+1.25252217E+00
+6.66816425E-02
+2.95116932E-01
+1.20616823E-01
+1.14149895E-01
+7.20335909E-01
+2.24920412E+00
+4.37202691E-01
+1.39610055E-01
+7.85905456E-01
+4.88760339E-02
+1.00925283E+00
+1.27441511E-01
+2.83568733E-01
+3.22522916E-01
+1.53240251E+00
+6.21182623E-01
+4.64586513E-01
+8.65876452E-01
+2.29743712E-01
+6.52336188E-01
+7.30501605E-01
+1.28246902E+00
+4.22719656E-01
+1.94762343E-01
+8.79987889E-01
+3.95844347E-01
+1.69240215E-02
+2.98994318E-01
+8.16719455E-02
+1.14717312E-02
+1.07362993E+00
+7.43972999E-01
+2.95501639E-01
+3.11404032E-02
+5.00813437E-01
+2.16410336E-01
+2.73414475E-01
+2.36945742E-01
+1.33525289E-01
+2.69866426E-01
+1.68925052E-01
+5.49000630E-01
+4.23401246E-01
+5.16576897E-01
+8.00690784E-01
+1.83157225E+00
+6.07506541E-01
+2.94909615E-01
+2.75507747E-01
+2.07480726E-02
+4.27253791E-01
+2.32916765E-01
+4.26640223E-01
+4.30520307E-02
+9.37857487E-01
+1.14233486E-01
+6.68297730E-02
+1.22281988E-01
+1.51335833E-01
+1.99525408E-01
+3.71137714E-01
+3.50680841E-01
+1.69360179E-01
+2.68555535E-01
+1.03816623E-02
+1.32735924E+00
+3.95898647E-01
+8.83144660E-01
+2.49376267E-01
+1.24899314E+00
+2.32015353E-01
+1.31603384E-01
+4.88918644E-01
+4.64234278E-01
+5.64586961E-02
+4.57551702E-01
+2.01199798E-01
+1.01240600E-01
+1.03352088E+00
+2.01301616E-01
+4.11452017E-02
+4.94751809E-01
+5.45396564E-02
+9.00163007E-01
+5.78914241E-01
+4.80104911E-02
+7.82716610E-01
+2.94116584E-01
+6.78720196E-03
+1.04733912E+00
+8.64278623E-01
+8.40552702E-02
+7.38719003E-01
+4.39045675E-01
+2.44075827E-01
+7.53613120E-02
+4.11379452E-01
+3.51784381E-01
+1.14659844E-01
+1.36313025E-01
+1.78880600E+00
+6.00805775E-02
+1.36226541E-02
+1.13896379E+00
+4.18376135E-02
+9.85956994E-01
+2.98710316E+00
+1.27841483E-01
+6.74111805E-01
+2.22766245E-01
+1.07886390E+00
+1.86740758E-04
+7.39830150E-01
+2.16085952E-01
+9.52141951E-01
+2.75879969E-01
+1.40211446E+00
+1.11431600E+00
+1.99610026E-01
+5.21722168E-02
+1.32664412E-01
+1.75502068E-01
+3.15498566E-01
+4.79874016E-01
+1.92590209E+00
+7.96837419E-01
+1.10410050E-01
+1.27856618E+00
+9.25784151E-01
+5.93265378E-01
+1.66897121E-01
+1.52171990E-01
+5.72392562E-01
+1.79126682E-01
+1.03548500E-01
+3.97511422E-01
+9.55667009E-01
+1.39914950E-01
+3.94341606E-01
+7.26911590E-01
+2.97570467E-01
+6.60127821E-02
+2.78845558E-01
+4.95155675E-01
+6.06152718E-01
+2.05861587E-01
+9.71322212E-01
+5.12808119E-02
+6.47773768E-01
+3.83841926E-02
+2.94593920E-02
+5.96932850E-01
+7.31035437E-01
+1.26263130E-01
+7.18921517E-01
+2.57077868E-01
+7.67305395E-01
+4.03560594E-03
+1.21053690E+00
+1.40873293E+00
+9.16197499E-02
+3.43072423E-01
+1.25151810E+00
+6.47145686E-01
+3.36408177E-02
+2.81318534E-01
+3.56533337E-01
+5.85403286E-01
+6.24433042E-01
+4.46655879E-01
+1.31365157E+00
+5.61294827E-01
+1.09472060E+00
+2.23032157E-01
+2.09500454E-01
+8.86233508E-01
+8.48432802E-02
+6.78159877E-01
+1.08461215E-01
+7.73208449E-02
+4.80573452E-02
+5.64229489E-02
+1.16991610E+00
+1.91585798E+00
+1.80320280E+00
+1.08425210E-01
+3.68967896E-01
+1.70393661E-01
+1.56675586E-01
+2.30694133E-01
+6.56200688E-01
+6.49179870E-01
+2.12228082E-02
+1.14791229E+00
+1.94085569E-01
+1.10553981E+00
+9.48617912E-01
+3.43546672E-01
+1.53092311E+00
+2.64883208E-02
+7.11109178E-02
+5.40511138E-02
+4.03060893E-01
+2.79540161E-01
+1.89766241E-01
+8.54869490E-01
+3.30882250E-01
+9.63443521E-01
+1.49164998E-01
+5.39285190E-01
+1.18427569E-01
+4.03349561E-02
+6.16240135E-01
+1.97327197E+00
+4.93692443E-01
+7.69450625E-01
+2.95953308E-01
+2.78551273E-01
+1.39617771E+00
+1.74232629E-01
+3.81251651E-01
+3.02795332E-02
+3.60482211E-01
+9.74656648E-02
+1.21007984E+00
+2.20020539E-01
+4.81819575E-01
+5.90446125E-01
+8.42270463E-03
+1.36923750E+00
+1.26265089E+00
+3.84491765E-01
+7.34421989E-01
+4.79644746E-01
+7.69476995E-01
+9.80421982E-01
+8.23965892E-03
+8.43561035E-01
+1.44830583E+00
+1.63813405E-01
+2.30158441E-01
+1.00958362E+00
+5.97901150E-01
+4.68094318E-02
+1.98629289E-02
+1.30351280E-01
+5.66152222E-02
+8.33016794E-02
+4.83546055E-01
+3.64481303E-01
+6.25354850E-02
+1.00842526E+00
+2.83650464E-02
+1.93595177E+00
+2.73170142E-01
+1.11389149E+00
+7.19166088E-01
+2.95723409E-02
+1.14010588E-01
+5.89764494E-01
+2.79860289E-01
+1.73879105E-01
+1.09724718E+00
+3.80152354E-01
+1.05231710E+00
+4.20007188E-01
+7.88628624E-02
+1.74409148E+00
+1.44207482E+00
+3.69033706E-01
+1.11173387E-01
+2.66204550E-01
+1.25730463E+00
+1.34812974E+00
+4.17099130E-01
+4.18077578E-01
+2.21385684E-01
+3.78209866E-01
+6.25799760E-01
+6.42259625E-02
+8.02300856E-03
+4.01898084E-01
+9.19859466E-02
+5.58116044E-01
+9.16021945E-01
+1.58742647E+00
+1.94689098E-03
+2.73248978E-01
+3.25469016E-01
+1.83025123E+00
+1.01493866E-01
+7.87436553E-01
+7.53032123E-01
+1.44523123E-01
+1.43398764E-01
+3.12103535E-01
+2.05703328E-01
+2.36037617E-01
+8.58137429E-01
+2.79498739E-01
+1.12128592E-01
+9.88226007E-02
+5.27772392E-02
+1.55031307E+00
+4.44120552E-01
+5.30717779E-01
+4.59728824E-02
+3.31924652E-01
+1.29030126E+00
+1.53804005E+00
+4.85817330E-01
+1.30207856E-02
+6.67815753E-01
+1.21593640E+00
+3.33538239E-01
+2.21363881E-01
+2.01101565E-01
+5.40540804E-02
+3.10730840E-01
+2.00462537E+00
+1.57722575E-01
+2.12369890E+00
+1.48889305E+00
+6.41513329E-01
+2.33840321E-01
+9.15083624E-01
+1.12242006E-01
+2.59333164E-01
+1.22159024E+00
+3.97947012E-02
+5.52574979E-02
+4.01018631E-01
+5.97366773E-01
+6.38421920E-01
+1.19849410E-02
+7.95437686E-02
+3.32671333E-01
+9.78820266E-02
+3.26308318E-01
+1.89211793E-02
+3.38035049E-01
+1.32811211E-01
+4.42240346E-01
+1.08474014E+00
+5.68611629E-01
+1.15210409E-01
+2.51111005E-01
+2.13264218E-01
+8.61736967E-02
+3.19814580E-01
+1.22347467E-01
+5.01936887E-01
+7.41410257E-04
+9.07627496E-01
+9.68186818E-01
+1.38374184E-01
+1.08398955E-02
+2.43271535E-01
+1.88745852E+00
+2.56868653E-01
+1.60059466E-01
+5.18778701E-01
+1.41903532E-01
+1.37210582E-01
+4.62390049E-01
+8.17658511E-02
+3.00469903E-01
+3.37260521E-01
+2.28933400E-01
+1.12503763E+00
+3.19389214E-01
+1.35550977E+00
+9.09245772E-02
+2.07159963E-01
+8.47742833E-01
+7.29545111E-01
+1.36961088E-01
+1.44255957E+00
+2.07744757E-01
+4.11083318E-01
+3.22820102E-01
+1.16720128E-01
+8.56008638E-02
+5.51395217E-01
+4.99163301E-01
+3.84338532E-01
+5.38407921E-01
+5.58781480E-01
+1.10587245E-01
+8.37904387E-01
+1.13163090E+00
+1.54510427E+00
+3.98948346E-01
+7.35456327E-02
+6.74403337E-01
+1.76224126E-01
+9.36457435E-01
+2.99555531E+00
+5.60831651E-01
+5.67207354E-01
+3.91950839E-02
+1.92571739E-01
+2.38856014E-02
+4.95633969E-01
+2.14018391E+00
+1.95573167E-01
+8.91181976E-02
+3.64550782E-01
+1.30774962E-01
+2.25198473E-01
+2.19676680E-01
+6.31608524E-01
+6.68860264E-01
+6.60655435E-01
+9.78898340E-01
+2.94120727E-01
+1.01713101E-01
+3.06962832E-02
+3.84325463E-01
+3.79174893E-01
+1.80625780E+00
+8.91793706E-02
+5.34891055E-01
+6.32813125E-01
+1.05754843E+00
+5.13247798E-01
+2.24830483E-01
+2.01751139E-01
+1.06405804E+00
+3.43534910E-01
+1.95641762E-01
+2.35979648E-02
+8.08585167E-02
+4.78465697E-02
+9.98215241E-01
+1.65834263E-01
+1.07853003E-01
+4.63464400E-01
+4.71350663E-01
+3.59935831E-01
+1.37237139E+00
+1.45523493E-01
+3.19629427E-01
+3.06167471E-01
+1.32563133E-01
+2.21120179E-01
+2.87618544E-01
+9.15440843E-03
+4.89322130E-02
+7.04323056E-01
+5.95983292E-01
+4.03959201E-02
+4.41133636E-01
+1.16656520E+00
+3.60848741E-01
+6.66497191E-01
+1.67309192E-01
+1.11830584E+00
+3.88201376E-01
+1.71689019E-02
+3.30632024E-01
+6.68770336E-01
+3.99763663E-01
+2.30974338E-01
+1.17711969E+00
+1.61756202E+00
+1.34812554E-02
+1.89862791E-05
+9.18323396E-01
+4.49756956E-01
+2.43336408E-01
+2.26633498E+00
+6.53668439E-01
+2.97829232E-01
+1.68096967E-01
+5.46138032E-01
+8.22368934E-01
+6.53743054E-01
+2.61808258E-01
+6.96468248E-01
+5.07692940E-01
+1.18389928E-01
+1.16141401E-01
+7.03891463E-02
+9.38065697E-01
+4.27073859E-01
+3.09211107E-01
+6.68158055E-02
+6.18033114E-01
+3.21031095E-01
+4.02050269E-01
+6.68733586E-02
+2.76509905E-01
+1.24970992E-02
+1.10192916E+00
+1.94513589E-01
+5.28502962E-01
+2.19899694E-01
+6.52223373E-01
+8.37588820E-01
+6.07329357E-01
+9.03966540E-01
+2.71339713E-01
+5.46838950E-01
+5.26117415E-02
+2.72989292E-02
+1.65994436E+00
+1.67307382E-03
+1.75485745E+00
+6.47202538E-01
+8.53009888E-01
+1.32987568E-01
+1.91536981E-01
+5.04675263E-01
+1.12107332E+00
+6.96951811E-01
+2.02964080E+00
+8.32088193E-01
+7.74349534E-01
+1.20767387E-01
+8.23085337E-01
+1.61273682E+00
+5.02966827E-01
+4.07088621E-02
+2.51920172E-01
+2.49175287E-02
+3.41396673E-02
+1.61425140E-01
+1.86968674E+00
+5.25132413E-01
+3.08980796E-03
+2.92739305E-01
+1.71825844E+00
+1.12036302E+00
+4.34327044E-01
+1.56064247E-01
+6.07910044E-05
+1.18578583E+00
+6.87163055E-01
+3.85102569E-01
+7.14137278E-01
+4.28369233E-01
+4.27769841E-01
+1.60687573E-01
+1.62897751E-01
+2.20942705E-01
+2.11853684E-01
+1.75501559E-01
+4.18982754E-01
+3.85731484E-01
+1.27556159E+00
+4.69857100E-01
+3.75513161E-01
+4.98124161E-01
+6.18905483E-01
+4.24586235E-02
+1.65538222E-01
+9.24209461E-03
+3.45279759E-01
+4.78838615E-02
+4.61242715E-01
+5.43961651E-01
+2.80487320E-02
+1.14668990E-01
+2.70764407E-02
+1.24765484E-02
+5.35778019E-01
+7.60758834E-01
+2.27076600E-01
+1.60333037E-01
+6.37230924E-01
+4.39647788E-01
+6.34322976E-01
+9.57836725E-01
+4.05235517E-02
+9.72671234E-01
+1.10684094E+00
+6.16743750E-01
+2.85592386E-01
+7.35675290E-02
+1.12231771E-01
+1.81036587E-01
+6.64101659E-01
+1.00984992E+00
+7.76918643E-01
+1.92703362E+00
+6.95904081E-02
+8.91350673E-01
+2.49042777E-01
+3.66330366E-01
+1.41500208E-01
+1.79796470E-01
+4.94868831E-01
+9.22619388E-01
+1.87039233E-02
+2.49209475E+00
+9.55826104E-02
+2.26106115E-01
+4.42049508E-01
+3.64154963E-02
+1.51655823E-01
+6.58622903E-01
+2.81347610E-01
+3.18788372E-01
+5.73393737E-01
+3.21376323E-01
+2.52976780E-01
+3.58177588E-01
+1.15692192E+00
+1.06173868E-01
+1.17288094E+00
+2.56969066E-01
+1.81097940E-01
+9.83867073E-01
+4.97276162E-01
+7.93353140E-02
+2.66256595E-01
+3.01938904E-01
+1.07100719E-01
+2.25337413E-01
+8.61742961E-01
+5.11129679E-01
+6.43929759E-02
+5.72945067E-01
+3.52631839E-01
+5.15614490E-02
+1.03660978E-01
+5.25908106E-02
+1.44243735E+00
+7.95979030E-01
+7.98521124E-01
+1.81082679E-01
+4.51368484E-01
+3.70248013E-01
+8.93493784E-01
+6.31833123E-02
+8.80835575E-02
+8.56267444E-01
+1.95652711E+00
+5.64122040E-01
+1.99106945E-01
+6.62883125E-02
+1.59412246E-02
+2.18260742E-01
+5.63799995E-01
+1.45059988E+00
+4.72530795E-02
+5.69225595E-02
+1.10818642E+00
+1.60502615E-01
+5.17985728E-01
+9.15172216E-01
+2.20870731E+00
+6.77602329E-01
+1.32881107E-01
+6.25950491E-01
+1.43073003E+00
+1.96131258E-03
+6.48060233E-01
+1.11305267E+00
+9.53862074E-01
+7.61279506E-02
+2.56046941E-01
+1.11879674E-01
+4.63860742E-01
+1.11383135E+00
+2.63460639E-01
+2.91626110E-01
+2.12031978E+00
+1.13554037E+00
+7.73561824E-01
+1.04185826E+00
+4.21063967E-01
+1.00032319E+00
+7.33764345E-01
+4.80472721E-01
+6.07066549E-02
+2.63251378E-01
+1.20548164E-01
+3.24425329E-01
+3.01908593E-01
+8.39936558E-01
+1.74126400E-01
+6.15725227E-01
+4.80195068E-02
+3.44731368E-01
+1.82008866E+00
+8.68824748E-01
+5.27325574E-01
+5.25109338E-01
+9.09139755E-02
+3.28872502E+00
+7.18410585E-01
+9.11290696E-02
+1.67081410E-01
+9.08765761E-01
+6.89924668E-01
+2.97841269E-02
+2.56150525E-02
+4.07902479E-01
+8.47795212E-01
+1.68925972E-01
+1.25660115E-01
+2.11164997E-01
+1.23858395E-01
+4.59046729E-01
+6.89549498E-01
+1.63036319E+00
+5.78678180E-02
+6.67448358E-01
+6.68477788E-01
+1.53410219E-01
+1.72540410E-01
+1.66258633E-02
+5.69864997E-01
+4.30670464E-01
+2.75146115E-01
+7.80121178E-01
+7.02129136E-02
+1.76927192E+00
+4.62258630E-01
+3.26985089E-01
+1.46511839E-01
+1.22320374E-01
+6.66926799E-01
+1.68915689E+00
+6.63598301E-01
+2.57588178E-01
+8.16819493E-01
+3.53143010E-01
+9.30161430E-02
+2.49812116E-02
+4.84010424E-01
+2.93288458E-01
+1.04443822E+00
+1.61033103E-01
+1.88261578E-01
+5.21909582E-01
+3.95798205E-01
+6.52079488E-01
+2.51908829E-01
+5.18433470E-01
+2.58312831E-01
+5.88867144E-01
+1.36992010E-01
+1.22258977E-01
+5.27536017E-01
+1.33047832E-01
+5.44564714E-01
+2.53375624E-01
+7.10912303E-02
+2.34506456E-01
+8.19827755E-01
+4.40930272E-02
+4.33713291E-01
+3.28982274E-01
+6.65170826E-01
+1.65493078E-01
+6.55291110E-01
+8.58237188E-02
+3.51116695E-01
+8.09520305E-02
+1.51846521E+00
+3.84009522E-01
+1.85854517E-03
+6.49585205E-02
+6.36645775E-01
+8.09004072E-01
+4.46303765E-01
+1.37763357E-01
+1.62876735E-01
+7.97987963E-01
+8.60002785E-01
+7.68796684E-01
+6.27161043E-02
+4.95575052E-01
+9.22854213E-02
+1.17335454E-01
+1.29022258E-01
+1.02258796E-02
+1.27141958E-01
+1.02193209E+00
+1.70351413E-01
+2.19014627E+00
+4.84894351E-01
+2.34106317E+00
+1.14215431E+00
+5.12892572E-01
+1.36941133E-01
+9.34805461E-01
+5.64073339E-01
+7.13111419E-02
+2.37970483E-01
+3.94759702E-02
+6.95672736E-02
+1.00683642E+00
+8.95190887E-02
+8.08887574E-01
+6.03642722E-02
+4.60147191E-01
+7.46335837E-01
+5.35838150E-01
+8.03190376E-01
+2.68633111E+00
+4.41076844E-02
+4.97438193E-01
+5.10352930E-01
+1.84728434E+00
+3.92199703E-01
+3.59702493E-02
+6.10802772E-02
+5.75729140E-01
+8.84464024E-02
+8.89092405E-01
+2.01245102E-01
+1.73326292E+00
+4.93620899E-01
+4.82988481E-02
+1.48149614E+00
+4.38702767E-01
+4.10478931E-01
+5.08909200E-01
+3.42536763E-02
+8.77290518E-01
+1.84072763E-01
+1.12309301E-01
+1.49963251E-01
+2.73164141E-02
+1.56400087E+00
+2.59300233E-01
+1.50068191E-01
+6.67201294E-01
+1.28750965E+00
+5.35079607E-02
+1.53884029E+00
+1.73679347E-01
+1.10165614E-01
+2.08275297E+00
+1.09858903E-01
+1.76573369E-01
+8.43896046E-01
+8.03671284E-01
+6.55540144E-03
+5.06135796E-01
+4.72604223E-01
+4.22373341E-01
+9.23135813E-01
+3.92038953E-01
+4.10745196E-01
+1.73666306E-01
+1.00860951E+00
+2.32753065E-01
+8.98538556E-01
+3.04836589E-01
+5.17977832E-02
+1.24892344E+00
+1.27421204E-01
+1.25199538E-01
+1.10525005E-01
+9.58566065E-02
+5.61112740E-01
+5.42179510E-01
+3.02283689E-01
+6.96925924E-01
+5.92138756E-01
+9.41492810E-01
+1.85528552E-01
+1.15669170E+00
+5.75655402E-01
+1.55058627E-01
+3.92401606E-02
+5.84403622E-03
+8.31240221E-02
+7.97625552E-01
+5.79151774E-02
+1.15326108E+00
+5.14037651E-01
+1.19802741E-01
+6.71188380E-01
+1.87304190E-01
+6.97798985E-01
+6.14761203E-01
+4.79975524E-01
+1.99904162E-01
+6.62389987E-02
+3.00056944E-01
+1.13414184E+00
+3.12907404E-01
+2.18864442E-01
+1.85289403E-01
+2.39188611E-01
+6.21929050E-01
+2.62025715E-01
+1.22868845E+00
+3.75815314E-01
+3.71656438E-01
+5.90164009E-01
+4.09925183E-01
+1.69683567E-01
+5.31185241E-01
+8.11052533E-01
+3.19689950E-01
+1.83866509E-01
+1.17229803E-01
+6.45374700E-01
+2.42903617E-03
+1.09788383E+00
+9.84857770E-01
+4.04909401E-01
+3.96648848E-01
+6.42900681E-03
+8.48300275E-01
+9.11244158E-02
+5.64896602E-01
+3.64481303E-01
+1.57425902E-01
+1.28766606E+00
+1.88367845E-01
+3.79962181E-01
+6.48173344E-02
+5.47685465E-02
+4.98208416E-02
+2.75221530E-01
+2.73035727E-01
+6.87325578E-01
+2.33663894E-02
+1.07103719E+00
+1.02079024E-01
+1.01562829E+00
+8.79355352E-01
+1.12781764E-01
+7.31909874E-02
+2.79610701E-01
+1.40480897E-01
+3.15743546E-01
+3.87039954E-01
+5.82629160E-01
+4.66503233E-04
+1.23540879E-01
+4.71439066E-01
+2.40666325E+00
+1.54461698E-01
+7.93796585E-01
+2.27364224E-01
+8.92380003E-01
+7.52584556E-01
+1.53985969E-01
+1.35760029E+00
+2.43062973E-01
+1.22331612E+00
+3.11298061E-01
+5.51308813E-01
+2.11040705E-01
+4.94023828E-01
+2.44494521E-01
+1.84885951E-02
+1.18857635E-02
+1.13539937E+00
+4.89631714E-02
+1.36470702E+00
+1.69350133E-01
+5.56991786E-01
+1.28063594E-01
+3.47660653E-02
+1.40375372E-01
+9.68782168E-02
+1.45657361E-01
+1.36179004E-01
+7.29180036E-02
+2.87211289E-01
+1.52860748E+00
+7.93273463E-01
+2.24636264E-02
+4.14447820E-01
+5.02106293E-01
+1.57978319E-01
+4.81629633E-01
