    +4.85981
    +0.85981
    +4.29536
    +0.29536
    +4.36380
    +0.36380
    +4.06878
    +0.06878
    +4.75512
    +0.75512
    +4.22109
    +0.22109
    +4.70982
    +0.70982
    +5.32709
    +1.32709
    +5.03429
    +1.03429
    +5.29726
    +1.29726
    +4.22353
    +0.22353
    +4.41490
    +0.41490
    +4.59117
    +0.59117
    +4.83571
    +0.83571
    +5.07426
    +1.07426
    +4.16986
    +0.16986
    +5.91112
    +1.91112
    +4.83454
    +0.83454
    +4.41848
    +0.41848
    +4.62844
    +0.62844
    +4.27670
    +0.27670
    +4.70918
    +0.70918
    +4.59251
    +0.59251
    +5.07381
    +1.07381
    +5.32743
    +1.32743
    +4.44126
    +0.44126
    +4.84888
    +0.84888
    +4.60508
    +0.60508
    +4.63067
    +0.63067
    +4.81774
    +0.81774
    +4.21662
    +0.21662
    +4.12301
    +0.12301
    +4.18747
    +0.18747
    +4.67355
    +0.67355
    +4.91202
    +0.91202
    +5.26701
    +1.26701
    +5.06302
    +1.06302
    +4.72604
    +0.72604
    +4.17900
    +0.17900
    +4.59724
    +0.59724
    +4.43418
    +0.43418
    +5.26161
    +1.26161
    +4.28647
    +0.28647
    +4.81972
    +0.81972
    +4.55140
    +0.55140
    +4.78318
    +0.78318
    +4.75185
    +0.75185
    +4.62950
    +0.62950
    +4.88671
    +0.88671
    +4.12546
    +0.12546
    +4.21970
    +0.21970
    +4.91285
    +0.91285
    +4.51397
    +0.51397
    +4.64839
    +0.64839
    +5.99930
    +1.99930
    +4.19380
    +0.19380
    +4.58707
    +0.58707
    +5.96374
    +1.96374
    +4.78326
    +0.78326
    +5.38684
    +1.38684
    +4.89668
    +0.89668
    +4.67976
    +0.67976
    +4.80232
    +0.80232
    +4.51054
    +0.51054
    +5.20332
    +1.20332
    +4.40569
    +0.40569
    +5.59485
    +1.59485
    +4.49447
    +0.49447
    +4.95407
    +0.95407
    +4.85588
    +0.85588
    +5.44458
    +1.44458
    +5.20658
    +1.20658
    +4.95881
    +0.95881
    +4.95254
    +0.95254
    +4.49673
    +0.49673
    +4.51893
    +0.51893
    +5.07494
    +1.07494
    +4.64381
    +0.64381
    +4.81661
    +0.81661
    +6.15849
    +2.15849
    +4.68996
    +0.68996
    +4.53765
    +0.53765
    +4.59544
    +0.59544
    +4.04131
    +0.04131
    +4.90968
    +0.90968
    +4.84708
    +0.84708
    +4.71185
    +0.71185
    +5.08598
    +1.08598
    +4.36464
    +0.36464
    +4.98693
    +0.98693
    +4.68755
    +0.68755
    +4.24288
    +0.24288
    +4.84835
    +0.84835
    +5.29418
    +1.29418
    +5.58021
    +1.58021
    +4.70388
    +0.70388
    +4.95752
    +0.95752
    +5.49824
    +1.49824
    +5.17822
    +1.17822
    +4.27148
    +0.27148
    +4.55902
    +0.55902
    +4.57141
    +0.57141
    +5.10653
    +1.10653
    +4.41601
    +0.41601
    +4.51684
    +0.51684
    +5.50934
    +1.50934
    +4.10782
    +0.10782
    +4.94534
    +0.94534
    +4.54663
    +0.54663
    +4.60918
    +0.60918
    +4.90532
    +0.90532
    +4.89344
    +0.89344
    +4.63273
    +0.63273
    +4.90227
    +0.90227
    +4.59533
    +0.59533
    +4.33115
    +0.33115
    +4.75553
    +0.75553
    +4.98542
    +0.98542
    +4.81311
    +0.81311
    +4.85334
    +0.85334
    +4.98992
    +0.98992
    +5.42036
    +1.42036
    +4.67476
    +0.67476
    +4.10941
    +0.10941
    +4.64896
    +0.64896
    +4.94784
    +0.94784
    +4.79540
    +0.79540
    +4.52704
    +0.52704
    +4.46382
    +0.46382
    +4.66564
    +0.66564
    +4.23188
    +0.23188
    +4.31604
    +0.31604
    +4.94627
    +0.94627
    +4.81366
    +0.81366
    +4.24014
    +0.24014
    +6.03235
    +2.03235
    +4.42979
    +0.42979
    +4.48678
    +0.48678
    +4.73683
    +0.73683
    +4.49241
    +0.49241
    +4.42952
    +0.42952
    +4.16803
    +0.16803
    +4.92645
    +0.92645
    +5.01229
    +1.01229
    +4.92396
    +0.92396
    +4.63326
    +0.63326
    +4.29423
    +0.29423
    +4.70139
    +0.70139
    +5.57692
    +1.57692
    +4.40987
    +0.40987
    +4.17911
    +0.17911
    +4.72597
    +0.72597
    +5.16503
    +1.16503
    +5.38365
    +1.38365
    +4.69027
    +0.69027
    +4.55729
    +0.55729
    +5.33585
    +1.33585
    +5.11079
    +1.11079
    +4.77374
    +0.77374
    +4.49858
    +0.49858
    +4.28000
    +0.28000
    +4.27781
    +0.27781
    +4.82456
    +0.82456
    +4.62820
    +0.62820
    +5.58494
    +1.58494
    +4.29807
    +0.29807
    +5.07800
    +1.07800
    +5.20665
    +1.20665
    +4.56800
    +0.56800
    +5.26159
    +1.26159
    +5.26394
    +1.26394
    +4.57324
    +0.57324
    +4.73088
    +0.73088
    +4.42206
    +0.42206
    +4.35942
    +0.35942
    +5.18896
    +1.18896
    +4.03650
    +0.03650
    +5.82083
    +1.82083
    +5.14002
    +1.14002
    +4.48263
    +0.48263
    +4.71287
    +0.71287
    +4.34727
    +0.34727
    +6.00600
    +2.00600
    +5.34625
    +1.34625
    +4.71134
    +0.71134
    +4.49259
    +0.49259
    +5.19709
    +1.19709
    +4.33983
    +0.33983
    +4.40965
    +0.40965
    +5.17797
    +1.17797
    +4.83438
    +0.83438
    +5.59949
    +1.59949
    +5.56673
    +1.56673
    +4.54406
    +0.54406
    +4.10468
    +0.10468
    +5.32662
    +1.32662
    +4.40851
    +0.40851
    +4.27523
    +0.27523
    +4.24276
    +0.24276
    +4.75718
    +0.75718
    +4.84921
    +0.84921
    +4.30556
    +0.30556
    +6.19385
    +2.19385
    +5.12376
    +1.12376
    +4.37598
    +0.37598
    +5.25094
    +1.25094
    +4.96964
    +0.96964
    +4.89782
    +0.89782
    +4.54694
    +0.54694
    +4.77278
    +0.77278
    +4.39814
    +0.39814
    +5.09624
    +1.09624
    +4.63723
    +0.63723
    +5.36792
    +1.36792
    +4.93577
    +0.93577
    +5.35763
    +1.35763
    +4.35028
    +0.35028
    +4.39529
    +0.39529
    +5.28548
    +1.28548
    +4.43368
    +0.43368
    +5.20363
    +1.20363
    +4.58039
    +0.58039
    +5.35464
    +1.35464
    +5.46827
    +1.46827
    +4.49026
    +0.49026
    +4.91766
    +0.91766
    +5.33472
    +1.33472
    +4.96751
    +0.96751
    +4.28187
    +0.28187
    +5.54782
    +1.54782
    +5.50461
    +1.50461
    +4.65401
    +0.65401
    +4.76637
    +0.76637
    +4.20430
    +0.20430
    +5.49542
    +1.49542
    +4.08195
    +0.08195
    +5.47758
    +1.47758
    +4.22557
    +0.22557
    +4.89959
    +0.89959
    +6.22253
    +2.22253
    +5.22489
    +1.22489
    +4.74029
    +0.74029
    +5.43529
    +1.43529
    +5.55542
    +1.55542
    +4.58334
    +0.58334
    +5.45689
    +1.45689
    +5.96706
    +1.96706
    +5.21770
    +1.21770
    +5.21750
    +1.21750
    +4.69656
    +0.69656
    +4.76948
    +0.76948
    +4.32286
    +0.32286
    +4.79017
    +0.79017
    +5.60376
    +1.60376
    +5.20719
    +1.20719
    +5.10611
    +1.10611
    +4.58742
    +0.58742
    +4.83903
    +0.83903
    +4.96291
    +0.96291
    +4.89988
    +0.89988
    +5.58780
    +1.58780
    +5.00578
    +1.00578
    +4.63703
    +0.63703
    +4.76939
    +0.76939
    +4.49838
    +0.49838
    +4.47334
    +0.47334
    +5.99414
    +1.99414
    +4.77394
    +0.77394
    +5.06558
    +1.06558
    +5.39017
    +1.39017
    +4.90547
    +0.90547
    +4.89702
    +0.89702
    +4.64327
    +0.64327
    +4.68041
    +0.68041
    +4.33778
    +0.33778
    +4.54737
    +0.54737
    +5.01121
    +1.01121
    +4.47409
    +0.47409
    +4.60052
    +0.60052
    +5.24615
    +1.24615
    +4.72704
    +0.72704
    +4.79724
    +0.79724
    +4.95327
    +0.95327
    +4.83766
    +0.83766
    +5.36610
    +1.36610
    +5.50009
    +1.50009
    +4.76213
    +0.76213
    +4.83084
    +0.83084
    +4.83949
    +0.83949
    +4.51059
    +0.51059
    +5.57635
    +1.57635
    +5.56834
    +1.56834
    +4.56526
    +0.56526
    +5.56735
    +1.56735
    +4.39100
    +0.39100
    +5.76315
    +1.76315
    +4.79057
    +0.79057
    +5.29635
    +1.29635
    +5.41429
    +1.41429
    +5.78893
    +1.78893
    +5.57886
    +1.57886
    +4.50436
    +0.50436
    +5.29399
    +1.29399
    +4.68707
    +0.68707
    +4.96334
    +0.96334
    +4.67036
    +0.67036
    +5.31143
    +1.31143
    +5.80439
    +1.80439
    +5.12454
    +1.12454
    +5.00113
    +1.00113
    +4.89197
    +0.89197
    +5.02187
    +1.02187
    +5.28484
    +1.28484
    +4.31028
    +0.31028
    +4.83754
    +0.83754
    +5.09251
    +1.09251
    +4.23543
    +0.23543
    +4.61083
    +0.61083
    +4.42805
    +0.42805
    +5.15762
    +1.15762
    +4.63715
    +0.63715
    +4.26162
    +0.26162
    +4.62293
    +0.62293
    +4.91771
    +0.91771
    +5.29871
    +1.29871
    +4.06770
    +0.06770
    +4.98358
    +0.98358
    +5.16344
    +1.16344
    +5.82098
    +1.82098
    +5.02023
    +1.02023
    +4.56378
    +0.56378
    +4.97720
    +0.97720
    +4.65967
    +0.65967
    +5.21302
    +1.21302
    +4.66146
    +0.66146
    +4.13118
    +0.13118
    +4.95212
    +0.95212
    +4.34558
    +0.34558
    +4.18273
    +0.18273
    +4.34870
    +0.34870
    +5.73524
    +1.73524
    +4.49513
    +0.49513
    +4.35340
    +0.35340
    +4.47654
    +0.47654
    +5.20261
    +1.20261
    +5.90544
    +1.90544
    +4.64833
    +0.64833
    +4.44614
    +0.44614
    +5.13203
    +1.13203
    +5.53530
    +1.53530
    +5.08212
    +1.08212
    +5.18503
    +1.18503
    +4.54560
    +0.54560
    +4.78426
    +0.78426
    +5.07775
    +1.07775
    +4.77826
    +0.77826
    +5.24821
    +1.24821
    +4.62193
    +0.62193
    +4.44808
    +0.44808
    +5.92031
    +1.92031
    +5.27776
    +1.27776
    +4.54086
    +0.54086
    +4.66602
    +0.66602
    +5.40279
    +1.40279
    +5.02385
    +1.02385
    +4.98635
    +0.98635
    +4.73368
    +0.73368
    +4.99288
    +0.99288
    +6.08768
    +2.08768
    +4.50437
    +0.50437
    +5.69818
    +1.69818
    +5.07932
    +1.07932
    +4.96954
    +0.96954
    +4.38524
    +0.38524
    +5.74875
    +1.74875
    +4.47071
    +0.47071
    +5.04412
    +1.04412
    +4.22402
    +0.22402
    +4.36474
    +0.36474
    +5.29520
    +1.29520
    +5.56497
    +1.56497
    +5.13959
    +1.13959
    +4.13027
    +0.13027
    +4.30403
    +0.30403
    +4.43788
    +0.43788
    +4.52577
    +0.52577
    +4.51414
    +0.51414
    +4.49040
    +0.49040
    +4.64479
    +0.64479
    +4.39364
    +0.39364
    +4.12586
    +0.12586
    +4.55902
    +0.55902
    +4.21460
    +0.21460
    +4.75450
    +0.75450
    +5.30400
    +1.30400
    +4.37002
    +0.37002
    +4.52618
    +0.52618
    +4.83086
    +0.83086
    +4.55930
    +0.55930
    +4.42893
    +0.42893
    +4.86848
    +0.86848
    +4.33234
    +0.33234
    +4.82284
    +0.82284
    +4.98255
    +0.98255
    +4.79617
    +0.79617
    +4.56369
    +0.56369
    +4.75867
    +0.75867
    +4.32412
    +0.32412
    +4.70187
    +0.70187
    +5.06500
    +1.06500
    +4.32653
    +0.32653
    +4.29680
    +0.29680
    +5.58095
    +1.58095
    +5.41951
    +1.41951
    +4.16359
    +0.16359
    +5.39382
    +1.39382
    +4.62893
    +0.62893
    +5.38070
    +1.38070
    +4.48363
    +0.48363
    +4.19095
    +0.19095
    +5.42389
    +1.42389
    +4.64498
    +0.64498
    +5.27677
    +1.27677
    +5.92927
    +1.92927
    +4.58136
    +0.58136
    +4.73950
    +0.73950
    +5.24749
    +1.24749
    +4.51534
    +0.51534
    +4.12606
    +0.12606
    +5.41543
    +1.41543
    +5.30442
    +1.30442
    +5.16576
    +1.16576
    +4.44119
    +0.44119
    +4.95610
    +0.95610
    +6.13811
    +2.13811
    +4.31750
    +0.31750
    +4.88868
    +0.88868
    +5.22083
    +1.22083
    +5.68118
    +1.68118
    +4.70932
    +0.70932
    +4.46075
    +0.46075
    +5.28201
    +1.28201
    +6.48758
    +2.48758
    +4.42021
    +0.42021
    +5.08177
    +1.08177
    +4.19295
    +0.19295
    +4.11718
    +0.11718
    +4.41873
    +0.41873
    +5.04186
    +1.04186
    +5.23617
    +1.23617
    +4.02880
    +0.02880
    +5.68149
    +1.68149
    +4.55432
    +0.55432
    +4.83248
    +0.83248
    +4.64361
    +0.64361
    +5.53334
    +1.53334
    +4.98129
    +0.98129
    +5.04532
    +1.04532
    +4.56763
    +0.56763
    +4.96700
    +0.96700
    +4.58274
    +0.58274
    +4.75616
    +0.75616
    +4.66416
    +0.66416
    +4.38275
    +0.38275
    +4.85788
    +0.85788
    +6.00741
    +2.00741
    +4.37184
    +0.37184
    +4.32646
    +0.32646
    +4.54049
    +0.54049
    +5.30112
    +1.30112
    +4.97830
    +0.97830
    +4.71792
    +0.71792
    +4.67506
    +0.67506
    +5.58144
    +1.58144
    +4.61231
    +0.61231
    +4.40459
    +0.40459
    +5.31185
    +1.31185
    +4.56433
    +0.56433
    +4.11445
    +0.11445
    +4.51911
    +0.51911
    +4.95524
    +0.95524
    +5.07301
    +1.07301
    +4.32119
    +0.32119
    +4.40523
    +0.40523
    +5.13956
    +1.13956
    +4.85690
    +0.85690
    +5.16723
    +1.16723
    +4.79702
    +0.79702
    +4.55645
    +0.55645
    +5.25871
    +1.25871
    +5.12144
    +1.12144
    +4.55823
    +0.55823
    +5.16265
    +1.16265
    +4.85467
    +0.85467
    +5.03335
    +1.03335
    +4.87546
    +0.87546
    +4.96251
    +0.96251
    +4.79573
    +0.79573
    +5.89815
    +1.89815
    +5.06670
    +1.06670
    +5.61587
    +1.61587
    +4.62267
    +0.62267
    +4.38793
    +0.38793
    +4.70940
    +0.70940
    +4.68676
    +0.68676
    +4.59372
    +0.59372
    +5.06667
    +1.06667
    +4.63117
    +0.63117
    +4.89496
    +0.89496
    +4.29751
    +0.29751
    +5.23177
    +1.23177
    +4.40713
    +0.40713
    +5.39855
    +1.39855
    +4.88722
    +0.88722
    +4.18921
    +0.18921
    +4.38704
    +0.38704
    +5.04222
    +1.04222
    +4.27846
    +0.27846
    +4.21567
    +0.21567
    +4.93766
    +0.93766
    +4.34347
    +0.34347
    +4.46044
    +0.46044
    +4.26675
    +0.26675
    +4.89282
    +0.89282
    +4.54806
    +0.54806
    +5.48804
    +1.48804
    +5.03683
    +1.03683
    +5.44678
    +1.44678
    +5.04884
    +1.04884
    +5.36474
    +1.36474
    +4.64256
    +0.64256
    +5.47038
    +1.47038
    +6.03984
    +2.03984
    +4.79519
    +0.79519
    +4.40854
    +0.40854
    +4.72092
    +0.72092
    +4.66536
    +0.66536
    +5.21522
    +1.21522
    +4.95843
    +0.95843
    +4.68530
    +0.68530
    +4.74231
    +0.74231
    +4.99084
    +0.99084
    +4.17943
    +0.17943
    +5.06495
    +1.06495
    +5.56794
    +1.56794
    +4.65935
    +0.65935
    +5.15311
    +1.15311
    +4.57675
    +0.57675
    +4.92370
    +0.92370
    +4.64792
    +0.64792
    +5.71899
    +1.71899
    +4.64942
    +0.64942
    +5.90679
    +1.90679
    +4.75205
    +0.75205
    +5.03327
    +1.03327
    +4.91114
    +0.91114
    +5.44248
    +1.44248
    +4.92111
    +0.92111
    +4.73091
    +0.73091
    +5.54262
    +1.54262
    +4.54032
    +0.54032
    +5.28148
    +1.28148
    +4.36784
    +0.36784
    +4.70786
    +0.70786
    +5.00815
    +1.00815
    +4.76883
    +0.76883
    +5.04567
    +1.04567
    +4.34229
    +0.34229
    +4.35656
    +0.35656
    +4.09476
    +0.09476
    +4.04206
    +0.04206
    +4.82683
    +0.82683
    +4.96298
    +0.96298
    +5.98608
    +1.98608
    +4.67064
    +0.67064
    +5.43865
    +1.43865
    +4.87927
    +0.87927
    +4.36624
    +0.36624
    +6.30503
    +2.30503
    +4.90542
    +0.90542
    +4.30177
    +0.30177
    +5.51074
    +1.51074
    +4.78244
    +0.78244
    +5.42351
    +1.42351
    +4.15845
    +0.15845
    +4.56458
    +0.56458
    +4.39811
    +0.39811
    +4.35392
    +0.35392
    +5.46050
    +1.46050
    +4.44695
    +0.44695
    +5.64961
    +1.64961
    +5.34489
    +1.34489
    +4.29852
    +0.29852
    +5.64092
    +1.64092
    +4.38372
    +0.38372
    +4.83142
    +0.83142
    +4.69833
    +0.69833
    +4.55187
    +0.55187
    +5.07684
    +1.07684
    +4.40191
    +0.40191
    +4.96899
    +0.96899
    +5.08708
    +1.08708
    +5.39116
    +1.39116
    +4.98395
    +0.98395
    +4.42958
    +0.42958
    +4.46892
    +0.46892
    +4.10981
    +0.10981
    +4.93123
    +0.93123
    +5.24535
    +1.24535
    +4.50014
    +0.50014
    +4.33506
    +0.33506
    +5.36295
    +1.36295
    +4.08924
    +0.08924
    +4.38413
    +0.38413
    +4.65740
    +0.65740
    +5.20762
    +1.20762
    +4.49628
    +0.49628
    +5.18594
    +1.18594
    +4.64348
    +0.64348
    +4.17504
    +0.17504
    +4.35407
    +0.35407
    +5.94806
    +1.94806
    +4.40851
    +0.40851
    +4.76654
    +0.76654
    +4.24001
    +0.24001
    +5.12660
    +1.12660
    +4.75063
    +0.75063
    +4.18465
    +0.18465
    +4.25543
    +0.25543
    +4.81943
    +0.81943
    +4.50782
    +0.50782
    +5.25875
    +1.25875
    +4.28592
    +0.28592
    +5.23089
    +1.23089
    +5.37173
    +1.37173
    +4.78212
    +0.78212
    +5.26025
    +1.26025
    +4.81978
    +0.81978
    +4.37440
    +0.37440
    +5.45853
    +1.45853
    +5.15820
    +1.15820
    +5.97937
    +1.97937
    +4.36755
    +0.36755
    +5.43724
    +1.43724
    +4.72429
    +0.72429
    +4.73039
    +0.73039
    +4.67062
    +0.67062
    +4.31458
    +0.31458
    +4.91880
    +0.91880
    +5.83605
    +1.83605
    +5.45054
    +1.45054
    +4.60425
    +0.60425
    +4.38849
    +0.38849
    +5.23432
    +1.23432
    +4.72417
    +0.72417
    +5.31269
    +1.31269
    +4.49825
    +0.49825
    +5.21517
    +1.21517
    +5.09343
    +1.09343
    +5.04205
    +1.04205
    +5.02343
    +1.02343
    +5.16845
    +1.16845
    +4.97041
    +0.97041
    +5.14693
    +1.14693
    +5.70770
    +1.70770
    +4.69109
    +0.69109
    +4.59634
    +0.59634
    +5.61687
    +1.61687
    +4.10730
    +0.10730
    +5.61536
    +1.61536
    +5.36262
    +1.36262
    +4.42696
    +0.42696
    +4.92314
    +0.92314
    +4.43012
    +0.43012
    +4.59683
    +0.59683
    +4.95592
    +0.95592
    +4.57100
    +0.57100
    +4.62114
    +0.62114
    +4.45659
    +0.45659
    +5.41371
    +1.41371
    +4.85994
    +0.85994
    +4.34498
    +0.34498
    +5.02656
    +1.02656
    +4.68027
    +0.68027
    +4.71698
    +0.71698
    +4.81226
    +0.81226
    +4.90146
    +0.90146
    +5.12188
    +1.12188
    +4.83163
    +0.83163
    +5.41320
    +1.41320
    +4.89065
    +0.89065
    +4.49452
    +0.49452
    +5.55761
    +1.55761
    +4.44110
    +0.44110
    +4.50651
    +0.50651
    +5.15691
    +1.15691
    +4.82806
    +0.82806
    +4.87931
    +0.87931
    +5.15911
    +1.15911
    +5.45575
    +1.45575
    +5.24481
    +1.24481
    +4.88364
    +0.88364
    +4.36263
    +0.36263
    +4.56205
    +0.56205
    +5.95882
    +1.95882
    +5.04089
    +1.04089
    +4.28339
    +0.28339
    +5.67343
    +1.67343
    +5.06804
    +1.06804
    +4.66184
    +0.66184
    +4.64458
    +0.64458
    +4.68566
    +0.68566
    +5.54621
    +1.54621
    +5.10928
    +1.10928
    +4.24096
    +0.24096
    +4.24461
    +0.24461
    +4.23802
    +0.23802
    +5.88756
    +1.88756
    +4.32127
    +0.32127
    +4.29703
    +0.29703
    +4.45101
    +0.45101
    +5.87704
    +1.87704
    +5.36074
    +1.36074
    +4.91813
    +0.91813
    +5.31331
    +1.31331
    +4.95921
    +0.95921
    +4.46051
    +0.46051
    +4.80958
    +0.80958
    +4.75597
    +0.75597
    +4.25471
    +0.25471
    +4.28858
    +0.28858
    +4.39954
    +0.39954
    +4.92739
    +0.92739
    +4.43022
    +0.43022
    +4.54733
    +0.54733
    +4.87089
    +0.87089
    +4.12901
    +0.12901
    +5.13667
    +1.13667
    +5.22670
    +1.22670
    +4.51650
    +0.51650
    +4.24147
    +0.24147
    +4.41406
    +0.41406
    +4.52150
    +0.52150
    +5.22356
    +1.22356
    +4.49195
    +0.49195
    +4.16939
    +0.16939
    +4.68299
    +0.68299
    +4.54716
    +0.54716
    +4.64871
    +0.64871
    +4.81367
    +0.81367
    +5.20756
    +1.20756
    +4.77839
    +0.77839
    +5.47527
    +1.47527
    +4.46432
    +0.46432
    +4.60228
    +0.60228
    +4.95592
    +0.95592
    +4.55865
    +0.55865
    +4.70186
    +0.70186
    +5.92900
    +1.92900
    +4.33730
    +0.33730
    +5.24945
    +1.24945
    +4.61755
    +0.61755
    +4.32461
    +0.32461
    +4.59992
    +0.59992
    +5.20016
    +1.20016
    +4.84385
    +0.84385
    +5.08187
    +1.08187
    +6.07772
    +2.07772
    +4.23456
    +0.23456
    +4.99702
    +0.99702
    +4.31612
    +0.31612
    +4.66458
    +0.66458
    +4.74114
    +0.74114
    +4.29928
    +0.29928
    +4.53228
    +0.53228
    +4.74458
    +0.74458
    +4.20263
    +0.20263
    +4.40966
    +0.40966
    +5.21514
    +1.21514
    +5.06667
    +1.06667
    +4.54620
    +0.54620
    +4.70678
    +0.70678
    +4.58042
    +0.58042
    +5.40977
    +1.40977
    +5.34178
    +1.34178
    +5.81902
    +1.81902
    +4.56338
    +0.56338
    +4.36639
    +0.36639
    +5.24321
    +1.24321
    +5.39282
    +1.39282
    +4.92149
    +0.92149
    +4.93862
    +0.93862
    +4.76761
    +0.76761
    +5.09734
    +1.09734
    +4.99861
    +0.99861
    +4.83909
    +0.83909
    +5.88934
    +1.88934
    +4.82510
    +0.82510
    +4.85979
    +0.85979
    +4.30766
    +0.30766
    +4.70794
    +0.70794
    +5.25844
    +1.25844
    +5.11910
    +1.11910
    +4.21627
    +0.21627
    +4.63582
    +0.63582
    +4.79824
    +0.79824
    +4.55191
    +0.55191
    +4.81643
    +0.81643
    +5.48771
    +1.48771
    +5.12530
    +1.12530
    +4.90672
    +0.90672
    +5.66169
    +1.66169
    +4.92086
    +0.92086
    +4.74906
    +0.74906
    +5.01044
    +1.01044
    +4.90326
    +0.90326
    +4.10564
    +0.10564
    +4.38618
    +0.38618
    +4.76041
    +0.76041
    +4.42426
    +0.42426
    +5.22689
    +1.22689
    +5.45641
    +1.45641
    +4.38224
    +0.38224
    +5.31665
    +1.31665
    +5.31707
    +1.31707
    +4.50442
    +0.50442
    +4.80670
    +0.80670
    +4.76190
    +0.76190
    +4.97311
    +0.97311
    +4.32882
    +0.32882
    +5.01927
    +1.01927
    +4.24437
    +0.24437
    +5.63537
    +1.63537
    +4.74746
    +0.74746
    +4.39205
    +0.39205
    +4.54447
    +0.54447
    +4.84763
    +0.84763
    +4.72660
    +0.72660
    +5.00119
    +1.00119
    +4.36968
    +0.36968
    +4.59623
    +0.59623
    +5.39255
    +1.39255
    +5.20489
    +1.20489
    +4.77685
    +0.77685
    +4.45568
    +0.45568
    +4.30426
    +0.30426
    +4.84567
    +0.84567
    +4.91715
    +0.91715
    +5.09016
    +1.09016
    +4.46694
    +0.46694
    +5.86937
    +1.86937
    +5.05157
    +1.05157
    +5.74397
    +1.74397
    +4.88179
    +0.88179
    +4.71728
    +0.71728
    +4.51125
    +0.51125
    +5.29404
    +1.29404
    +6.07214
    +2.07214
    +4.37052
    +0.37052
    +5.18290
    +1.18290
    +4.77847
    +0.77847
    +4.50741
    +0.50741
    +4.69200
    +0.69200
    +4.15611
    +0.15611
    +4.63392
    +0.63392
    +5.31004
    +1.31004
    +4.84541
    +0.84541
    +4.71721
    +0.71721
    +4.10390
    +0.10390
    +5.02306
    +1.02306
    +4.73168
    +0.73168
    +4.62847
    +0.62847
    +5.43679
    +1.43679
    +5.78083
    +1.78083
    +5.57029
    +1.57029
    +5.00183
    +1.00183
    +5.62911
    +1.62911
    +4.93259
    +0.93259
    +4.61479
    +0.61479
    +4.36983
    +0.36983
    +4.37065
    +0.37065
    +4.93824
    +0.93824
    +5.76182
    +1.76182
    +4.86678
    +0.86678
    +5.07771
    +1.07771
    +4.33623
    +0.33623
    +4.74103
    +0.74103
    +4.41608
    +0.41608
    +5.85316
    +1.85316
    +4.91633
    +0.91633
    +5.01851
    +1.01851
    +4.48899
    +0.48899
    +4.90922
    +0.90922
    +5.69015
    +1.69015
    +5.86297
    +1.86297
    +4.71470
    +0.71470
    +5.51999
    +1.51999
    +4.35428
    +0.35428
    +5.42353
    +1.42353
    +5.80622
    +1.80622
    +4.98283
    +0.98283
    +4.28068
    +0.28068
    +4.64406
    +0.64406
    +4.89411
    +0.89411
    +4.59502
    +0.59502
    +4.21799
    +0.21799
    +4.50618
    +0.50618
    +4.78523
    +0.78523
    +4.69296
    +0.69296
    +5.92687
    +1.92687
    +4.94135
    +0.94135
    +4.29484
    +0.29484
    +5.81167
    +1.81167
    +4.52297
    +0.52297
    +4.38704
    +0.38704
    +5.09440
    +1.09440
    +5.22956
    +1.22956
    +4.63542
    +0.63542
    +4.86006
    +0.86006
    +4.96162
    +0.96162
    +5.29743
    +1.29743
    +5.02385
    +1.02385
    +4.62052
    +0.62052
    +6.09620
    +2.09620
    +4.93965
    +0.93965
    +4.71048
    +0.71048
    +4.72057
    +0.72057
    +4.59896
    +0.59896
    +5.45871
    +1.45871
    +4.20735
    +0.20735
    +4.39496
    +0.39496
    +4.77672
    +0.77672
    +4.65507
    +0.65507
    +5.31238
    +1.31238
    +4.26739
    +0.26739
    +4.59662
    +0.59662
    +4.95482
    +0.95482
    +4.38134
    +0.38134
    +4.33163
    +0.33163
    +4.06526
    +0.06526
    +4.25874
    +0.25874
    +4.29594
    +0.29594
    +4.62377
    +0.62377
    +4.38952
    +0.38952
    +4.59314
    +0.59314
    +5.36159
    +1.36159
    +4.64497
    +0.64497
    +5.04368
    +1.04368
    +5.56497
    +1.56497
    +5.08926
    +1.08926
    +4.77295
    +0.77295
    +5.17401
    +1.17401
    +4.61197
    +0.61197
    +4.52274
    +0.52274
    +5.29424
    +1.29424
    +5.26581
    +1.26581
    +4.33933
    +0.33933
    +4.67628
    +0.67628
    +5.62605
    +1.62605
    +4.82561
    +0.82561
    +4.43794
    +0.43794
    +4.78385
    +0.78385
    +4.52651
    +0.52651
    +5.34314
    +1.34314
    +4.98156
    +0.98156
    +4.52206
    +0.52206
    +4.11375
    +0.11375
    +4.70827
    +0.70827
    +4.99292
    +0.99292
    +5.87047
    +1.87047
    +4.44447
    +0.44447
    +4.82601
    +0.82601
    +4.85231
    +0.85231
    +4.16078
    +0.16078
    +4.87102
    +0.87102
    +4.32280
    +0.32280
    +4.65567
    +0.65567
    +4.47417
    +0.47417
    +5.37197
    +1.37197
    +5.07194
    +1.07194
    +4.64157
    +0.64157
    +5.22999
    +1.22999
    +4.77642
    +0.77642
    +4.61503
    +0.61503
    +4.49985
    +0.49985
    +4.62131
    +0.62131
    +5.13231
    +1.13231
    +5.09622
    +1.09622
    +4.58320
    +0.58320
    +5.04821
    +1.04821
    +4.29042
    +0.29042
    +4.90972
    +0.90972
    +4.87046
    +0.87046
    +5.97846
    +1.97846
    +4.84918
    +0.84918
    +5.13621
    +1.13621
    +4.90184
    +0.90184
    +5.30588
    +1.30588
    +5.39637
    +1.39637
    +4.29701
    +0.29701
    +5.01898
    +1.01898
    +5.23690
    +1.23690
    +4.52756
    +0.52756
    +5.34728
    +1.34728
    +4.32537
    +0.32537
    +4.88633
    +0.88633
    +5.25240
    +1.25240
    +5.03510
    +1.03510
    +4.59739
    +0.59739
    +4.97913
    +0.97913
    +4.53531
    +0.53531
    +4.37589
    +0.37589
    +4.28443
    +0.28443
    +5.29446
    +1.29446
    +5.34397
    +1.34397
    +4.33278
    +0.33278
    +4.56030
    +0.56030
    +5.06187
    +1.06187
    +5.02018
    +1.02018
    +5.05028
    +1.05028
    +4.49838
    +0.49838
    +4.81762
    +0.81762
    +4.77310
    +0.77310
    +4.37425
    +0.37425
    +5.49269
    +1.49269
    +5.57772
    +1.57772
    +6.28436
    +2.28436
    +5.89027
    +1.89027
    +4.23094
    +0.23094
    +4.66254
    +0.66254
    +4.85692
    +0.85692
    +4.64537
    +0.64537
    +5.51275
    +1.51275
    +5.16559
    +1.16559
    +5.39331
    +1.39331
    +4.91705
    +0.91705
    +4.44383
    +0.44383
    +4.92549
    +0.92549
    +4.40167
    +0.40167
    +4.25680
    +0.25680
    +4.90114
    +0.90114
    +4.67728
    +0.67728
    +4.86160
    +0.86160
    +4.69252
    +0.69252
    +4.16750
    +0.16750
    +5.69922
    +1.69922
    +4.51799
    +0.51799
    +4.11018
    +0.11018
    +5.32223
    +1.32223
    +4.52406
    +0.52406
    +4.39631
    +0.39631
    +4.22540
    +0.22540
    +4.54984
    +0.54984
    +4.21010
    +0.21010
    +4.73606
    +0.73606
    +4.62897
    +0.62897
    +4.40691
    +0.40691
    +5.04507
    +1.04507
    +4.55616
    +0.55616
    +4.73322
    +0.73322
    +4.83309
    +0.83309
    +5.18053
    +1.18053
    +4.95344
    +0.95344
    +5.51172
    +1.51172
    +5.06329
    +1.06329
    +4.29706
    +0.29706
    +4.35663
    +0.35663
    +5.18151
    +1.18151
    +4.03091
    +0.03091
    +5.16256
    +1.16256
    +4.51036
    +0.51036
    +4.51644
    +0.51644
    +5.46631
    +1.46631
    +4.84800
    +0.84800
    +5.20052
    +1.20052
    +4.85539
    +0.85539
    +5.19430
    +1.19430
    +4.63292
    +0.63292
    +4.73495
    +0.73495
    +4.68487
    +0.68487
    +5.26882
    +1.26882
    +5.37328
    +1.37328
    +4.51371
    +0.51371
    +4.06625
    +0.06625
    +4.70577
    +0.70577
    +4.98442
    +0.98442
    +4.45009
    +0.45009
    +5.03449
    +1.03449
    +4.54492
    +0.54492
    +4.54093
    +0.54093
    +4.39961
    +0.39961
    +4.14322
    +0.14322
    +4.71279
    +0.71279
    +4.88588
    +0.88588
    +4.68057
    +0.68057
    +4.50381
    +0.50381
    +4.65394
    +0.65394
    +4.56112
    +0.56112
    +5.51323
    +1.51323
    +4.49228
    +0.49228
    +4.73640
    +0.73640
    +4.86391
    +0.86391
    +4.46171
    +0.46171
    +5.57658
    +1.57658
    +4.18997
    +0.18997
    +4.15575
    +0.15575
    +5.02196
    +1.02196
    +4.36939
    +0.36939
    +5.76251
    +1.76251
    +5.25908
    +1.25908
    +5.36764
    +1.36764
    +4.61474
    +0.61474
    +4.04043
    +0.04043
    +4.25370
    +0.25370
    +4.71554
    +0.71554
    +4.65530
    +0.65530
    +5.18363
    +1.18363
    +5.01359
    +1.01359
    +4.16332
    +0.16332
    +4.75034
    +0.75034
    +4.52444
    +0.52444
    +5.21366
    +1.21366
    +4.89307
    +0.89307
    +4.73128
    +0.73128
    +4.66162
    +0.66162
    +4.52999
    +0.52999
    +4.42103
    +0.42103
    +5.28425
    +1.28425
    +4.99717
    +0.99717
    +4.78537
    +0.78537
    +4.41163
    +0.41163
    +4.74030
    +0.74030
    +5.15998
    +1.15998
    +4.05465
    +0.05465
    +4.86943
    +0.86943
    +4.98114
    +0.98114
    +4.49526
    +0.49526
    +4.72482
    +0.72482
    +4.64406
    +0.64406
    +4.33995
    +0.33995
    +5.53471
    +1.53471
    +4.93774
    +0.93774
    +4.16586
    +0.16586
    +5.27889
    +1.27889
    +4.47670
    +0.47670
    +4.98838
    +0.98838
    +4.85289
    +0.85289
    +4.87444
    +0.87444
    +5.71678
    +1.71678
    +5.00316
    +1.00316
    +4.31519
    +0.31519
    +4.81056
    +0.81056
    +4.95002
    +0.95002
    +4.34229
    +0.34229
    +4.44432
    +0.44432
    +4.91865
    +0.91865
    +5.21826
    +1.21826
    +5.42970
    +1.42970
    +4.26946
    +0.26946
    +5.97240
    +1.97240
    +4.37439
    +0.37439
    +4.45033
    +0.45033
    +5.19218
    +1.19218
    +5.40731
    +1.40731
    +5.08541
    +1.08541
    +4.59217
    +0.59217
    +5.16964
    +1.16964
    +5.27994
    +1.27994
    +4.75285
    +0.75285
    +4.26718
    +0.26718
    +4.90753
    +0.90753
    +5.61680
    +1.61680
    +4.69914
    +0.69914
    +4.29487
    +0.29487
    +5.31548
    +1.31548
    +4.42836
    +0.42836
    +5.20431
    +1.20431
    +4.38191
    +0.38191
    +5.31224
    +1.31224
    +4.77468
    +0.77468
    +4.73593
    +0.73593
    +4.50411
    +0.50411
    +4.96971
    +0.96971
    +4.76915
    +0.76915
    +4.42970
    +0.42970
    +5.37531
    +1.37531
    +5.41791
    +1.41791
    +4.69427
    +0.69427
    +5.14124
    +1.14124
    +4.26645
    +0.26645
    +5.40434
    +1.40434
    +4.77600
    +0.77600
    +4.18203
    +0.18203
    +4.70206
    +0.70206
    +4.46111
    +0.46111
    +4.97116
    +0.97116
    +5.28847
    +1.28847
    +5.31441
    +1.31441
    +4.46041
    +0.46041
    +6.11578
    +2.11578
    +4.62385
    +0.62385
    +5.18796
    +1.18796
    +4.64967
    +0.64967
    +4.68753
    +0.68753
    +5.37651
    +1.37651
    +4.18159
    +0.18159
    +4.76464
    +0.76464
    +4.72788
    +0.72788
    +4.73560
    +0.73560
    +5.03508
    +1.03508
    +4.89965
    +0.89965
    +5.95914
    +1.95914
    +4.25488
    +0.25488
    +5.04833
    +1.04833
    +5.43594
    +1.43594
    +4.58333
    +0.58333
    +5.59593
    +1.59593
    +4.50991
    +0.50991
    +5.14450
    +1.14450
    +5.06063
    +1.06063
    +4.30538
    +0.30538
    +4.36077
    +0.36077
    +4.70373
    +0.70373
    +5.43580
    +1.43580
    +4.90051
    +0.90051
    +5.50850
    +1.50850
    +4.78197
    +0.78197
    +4.87812
    +0.87812
    +4.69102
    +0.69102
    +5.27614
    +1.27614
    +4.81240
    +0.81240
    +5.90909
    +1.90909
    +4.61996
    +0.61996
    +4.03263
    +0.03263
    +4.97722
    +0.97722
    +4.94761
    +0.94761
    +4.51460
    +0.51460
    +5.18261
    +1.18261
    +4.40847
    +0.40847
    +5.72315
    +1.72315
    +4.47919
    +0.47919
    +4.83356
    +0.83356
    +5.59483
    +1.59483
    +4.20017
    +0.20017
    +4.60450
    +0.60450
    +5.13378
    +1.13378
    +4.68419
    +0.68419
    +4.01813
    +0.01813
    +4.47830
    +0.47830
    +5.36158
    +1.36158
    +4.82938
    +0.82938
    +5.73141
    +1.73141
    +4.77235
    +0.77235
    +5.00495
    +1.00495
    +4.30880
    +0.30880
    +5.58231
    +1.58231
    +4.14020
    +0.14020
    +4.21908
    +0.21908
    +4.90012
    +0.90012
    +4.30686
    +0.30686
    +4.23620
    +0.23620
    +4.63161
    +0.63161
    +5.02624
    +1.02624
    +5.14706
    +1.14706
    +6.09123
    +2.09123
    +6.06368
    +2.06368
    +4.51977
    +0.51977
    +4.64349
    +0.64349
    +4.93213
    +0.93213
    +5.32528
    +1.32528
    +5.32575
    +1.32575
    +4.93053
    +0.93053
    +4.95871
    +0.95871
    +4.54075
    +0.54075
    +4.53828
    +0.53828
    +5.34725
    +1.34725
    +4.74840
    +0.74840
    +5.45790
    +1.45790
    +5.22067
    +1.22067
    +5.11816
    +1.11816
    +4.66956
    +0.66956
    +4.16651
    +0.16651
    +4.38200
    +0.38200
    +5.22498
    +1.22498
    +6.14674
    +2.14674
    +4.64799
    +0.64799
    +5.17119
    +1.17119
    +5.39215
    +1.39215
    +5.05775
    +1.05775
    +4.81489
    +0.81489
    +5.76238
    +1.76238
    +5.40405
    +1.40405
    +5.59723
    +1.59723
    +4.26748
    +0.26748
    +4.17435
    +0.17435
    +4.82918
    +0.82918
    +4.33166
    +0.33166
    +5.62784
    +1.62784
    +4.91575
    +0.91575
    +5.34090
    +1.34090
    +4.74236
    +0.74236
    +4.31768
    +0.31768
    +5.77231
    +1.77231
    +4.55431
    +0.55431
    +4.27209
    +0.27209
    +4.22642
    +0.22642
    +4.26574
    +0.26574
    +4.18682
    +0.18682
    +4.60753
    +0.60753
    +4.78756
    +0.78756
    +5.34200
    +1.34200
    +4.53008
    +0.53008
    +5.02580
    +1.02580
    +4.56442
    +0.56442
    +5.08448
    +1.08448
    +4.67101
    +0.67101
    +5.22837
    +1.22837
    +5.47131
    +1.47131
    +4.16822
    +0.16822
    +4.97769
    +0.97769
    +4.64755
    +0.64755
    +5.39549
    +1.39549
    +4.79021
    +0.79021
    +5.50255
    +1.50255
    +4.97427
    +0.97427
    +4.72444
    +0.72444
    +4.29592
    +0.29592
    +4.47674
    +0.47674
    +4.62514
    +0.62514
    +4.87101
    +0.87101
    +4.79298
    +0.79298
    +4.88032
    +0.88032
    +4.83267
    +0.83267
    +4.18893
    +0.18893
    +4.36063
    +0.36063
    +4.39246
    +0.39246
    +4.25019
    +0.25019
    +4.75755
    +0.75755
    +4.31131
    +0.31131
    +4.36881
    +0.36881
    +4.97218
    +0.97218
    +4.73399
    +0.73399
    +4.70333
    +0.70333
    +4.82476
    +0.82476
    +4.77963
    +0.77963
    +4.40977
    +0.40977
    +4.79922
    +0.79922
    +4.40321
    +0.40321
    +4.76476
    +0.76476
    +5.84417
    +1.84417
    +5.18161
    +1.18161
    +4.77138
    +0.77138
    +4.19708
    +0.19708
    +4.91633
    +0.91633
    +4.55759
    +0.55759
    +5.02334
    +1.02334
    +4.47507
    +0.47507
    +5.21626
    +1.21626
    +4.63559
    +0.63559
    +4.68087
    +0.68087
    +4.68761
    +0.68761
    +5.77452
    +1.77452
    +5.29876
    +1.29876
    +4.45805
    +0.45805
    +4.98106
    +0.98106
    +4.43308
    +0.43308
    +4.54837
    +0.54837
    +4.83549
    +0.83549
    +4.33036
    +0.33036
    +4.83548
    +0.83548
    +5.21409
    +1.21409
    +4.79817
    +0.79817
    +5.30165
    +1.30165
    +4.85458
    +0.85458
    +5.12598
    +1.12598
    +5.24644
    +1.24644
    +5.00046
    +1.00046
    +4.33387
    +0.33387
    +4.94029
    +0.94029
    +4.39314
    +0.39314
    +5.24231
    +1.24231
    +4.51246
    +0.51246
    +5.52815
    +1.52815
    +5.69214
    +1.69214
    +4.42863
    +0.42863
    +4.53452
    +0.53452
    +5.31421
    +1.31421
    +4.66098
    +0.66098
    +4.73981
    +0.73981
    +4.80108
    +0.80108
    +5.00528
    +1.00528
    +4.70669
    +0.70669
    +4.58021
    +0.58021
    +4.91516
    +0.91516
    +4.28360
    +0.28360
    +4.66540
    +0.66540
    +4.45372
    +0.45372
    +4.37055
    +0.37055
    +5.40280
    +1.40280
    +5.64421
    +1.64421
    +4.83631
    +0.83631
    +5.42349
    +1.42349
    +4.39660
    +0.39660
    +4.55470
    +0.55470
    +5.05344
    +1.05344
    +5.89736
    +1.89736
    +4.71617
    +0.71617
    +5.54188
    +1.54188
    +4.96344
    +0.96344
    +5.27110
    +1.27110
    +4.44893
    +0.44893
    +4.47744
    +0.47744
    +4.86867
    +0.86867
    +4.66548
    +0.66548
    +5.14364
    +1.14364
    +4.09653
    +0.09653
    +4.84121
    +0.84121
    +4.77680
    +0.77680
    +4.66520
    +0.66520
    +4.10700
    +0.10700
    +4.95918
    +0.95918
    +5.01605
    +1.01605
    +4.88239
    +0.88239
    +4.27342
    +0.27342
    +5.42720
    +1.42720
    +4.98445
    +0.98445
    +5.44587
    +1.44587
    +5.49526
    +1.49526
    +5.51821
    +1.51821
    +5.01182
    +1.01182
    +5.28498
    +1.28498
    +4.57244
    +0.57244
    +4.77526
    +0.77526
    +4.64673
    +0.64673
    +4.72211
    +0.72211
    +4.66420
    +0.66420
    +6.24082
    +2.24082
    +4.46320
    +0.46320
    +5.83219
    +1.83219
    +4.17994
    +0.17994
    +4.59272
    +0.59272
    +5.06166
    +1.06166
    +5.86642
    +1.86642
    +4.99109
    +0.99109
    +4.46990
    +0.46990
    +4.17299
    +0.17299
    +4.86307
    +0.86307
    +4.96672
    +0.96672
    +4.41351
    +0.41351
    +5.41675
    +1.41675
    +4.67177
    +0.67177
    +5.16347
    +1.16347
    +4.25075
    +0.25075
    +4.17176
    +0.17176
    +5.75692
    +1.75692
    +5.07325
    +1.07325
    +4.86532
    +0.86532
    +5.24293
    +1.24293
    +4.92688
    +0.92688
    +4.92651
    +0.92651
    +4.10297
    +0.10297
    +4.75929
    +0.75929
    +6.05515
    +2.05515
    +5.26779
    +1.26779
    +4.47728
    +0.47728
    +5.06099
    +1.06099
    +5.15644
    +1.15644
    +4.74753
    +0.74753
    +4.69710
    +0.69710
    +4.38062
    +0.38062
    +4.47120
    +0.47120
    +4.94215
    +0.94215
    +4.37690
    +0.37690
    +4.82704
    +0.82704
    +4.90837
    +0.90837
    +5.19259
    +1.19259
    +4.79218
    +0.79218
    +4.13176
    +0.13176
    +4.94604
    +0.94604
    +5.45281
    +1.45281
    +4.58614
    +0.58614
    +5.02179
    +1.02179
    +5.22393
    +1.22393
    +4.47703
    +0.47703
    +5.09227
    +1.09227
    +4.08320
    +0.08320
    +4.57759
    +0.57759
    +5.28559
    +1.28559
    +4.74576
    +0.74576
    +4.12969
    +0.12969
    +4.85842
    +0.85842
    +4.83667
    +0.83667
    +5.02163
    +1.02163
    +5.41669
    +1.41669
    +4.11775
    +0.11775
    +5.03685
    +1.03685
    +4.74172
    +0.74172
    +5.51394
    +1.51394
    +4.63163
    +0.63163
    +5.27509
    +1.27509
    +4.45181
    +0.45181
    +4.44962
    +0.44962
    +5.05355
    +1.05355
    +4.35811
    +0.35811
    +4.53994
    +0.53994
    +5.31234
    +1.31234
    +4.29724
    +0.29724
    +4.26501
    +0.26501
    +5.22835
    +1.22835
    +4.60132
    +0.60132
    +6.04781
    +2.04781
    +5.19526
    +1.19526
    +4.73170
    +0.73170
    +4.46662
    +0.46662
    +4.01953
    +0.01953
    +5.43344
    +1.43344
    +4.80838
    +0.80838
    +6.50082
    +2.50082
    +5.66174
    +1.66174
    +4.43694
    +0.43694
    +4.40667
    +0.40667
    +4.47278
    +0.47278
    +4.87475
    +0.87475
    +4.46505
    +0.46505
    +6.00347
    +2.00347
    +4.69367
    +0.69367
    +5.76504
    +1.76504
    +4.58841
    +0.58841
    +5.60204
    +1.60204
    +4.67661
    +0.67661
    +5.01435
    +1.01435
    +4.50016
    +0.50016
    +4.31652
    +0.31652
    +5.64644
    +1.64644
    +4.33477
    +0.33477
    +4.47599
    +0.47599
