    -0.34955
    +0.48799
    -0.14830
    +0.56331
    +1.19776
    -0.05129
    +0.53272
    +0.87150
    +2.22287
    +2.39653
    +0.94512
    +1.09117
    +1.90987
    +2.20766
    +0.96877
    +0.54234
    +3.31222
    +4.71856
    +4.32202
    +3.63782
    +4.91752
    +3.23255
    +3.36780
    +3.11233
    +6.05969
    +6.08385
    +5.30684
    +7.60727
    +6.84767
    +5.68997
    +5.20627
    +5.70037
    +5.39962
    +5.67550
    +6.45172
    +5.62223
    +5.76445
    +6.84629
    +6.04648
    +5.44206
    +4.30846
    +4.38425
    +4.48696
    +3.85748
    +3.20630
    +2.20761
    +1.89621
    +1.49254
    +1.96535
    +1.53336
    +1.77813
    +1.59278
    +3.87650
    +4.03898
    +4.87602
    +4.78661
    +4.82851
    +3.61962
    +4.26078
    +5.39973
    +4.63124
    +4.39826
    +2.82319
    +2.70748
    +1.90038
    +2.39283
    +3.59848
    +1.64004
    +2.79031
    +3.10866
    +2.26639
    +2.80660
    +3.27655
    +2.84428
    +0.79814
    +1.02758
    +0.11350
    +0.08431
    -0.56732
    -0.96851
    -2.14941
    -1.68960
    -2.66744
    -2.76406
    -3.35164
    -1.97979
    -3.18721
    -4.29702
    -4.81481
    -4.49457
    -4.01516
    -3.78317
    -2.13119
    -1.18804
    -1.29448
    -0.61169
    -1.43855
    -3.04179
    -4.02863
    -3.71444
    -3.71937
    -4.03193
    -3.65287
    -4.02556
    -5.62547
    -6.12828
    -5.14662
    -6.79628
    -4.47495
    -3.05418
    -4.30155
    -3.63924
    -2.25628
    -3.28426
    -4.35535
    -4.98199
    -5.05017
    -4.95046
    -5.77768
    -5.24570
    -5.88062
    -6.32816
    -6.57757
    -6.62796
    -6.47929
    -7.10135
    -5.91673
    -4.72728
    -4.90116
    -3.91295
    -2.04287
    -4.32325
    -3.23483
    -3.37012
    -5.98695
    -6.71866
    -6.68888
    -6.35304
    -9.06054
   -10.10371
    -9.47600
    -8.44953
    -8.93208
    -8.54299
    -8.69515
    -6.59705
    -5.36661
    -4.58104
    -5.31814
    -5.01738
    -3.99779
    -3.10599
    -2.32434
    -1.55742
    -1.70596
    -2.11487
    -2.89509
    -1.88644
    -2.15737
    -2.60088
    -3.53757
    -5.12575
    -5.66547
    -4.92445
    -6.29769
    -5.79777
    -5.94182
    -6.07839
    -5.80417
    -5.45438
    -4.34453
    -5.91586
    -5.56102
    -5.78774
    -6.83790
    -7.41453
    -6.54744
    -7.07533
    -6.07136
    -4.36209
    -4.39083
    -4.12100
    -3.03170
    -5.01373
    -6.23788
    -6.30364
    -6.70096
    -7.40375
    -9.08868
   -10.30966
    -9.04430
    -8.42246
    -8.99647
    -8.93690
    -9.75480
    -9.62971
    -9.93941
   -12.06904
   -11.78661
   -12.50397
   -13.07537
   -13.23188
   -12.31958
   -13.00083
   -12.27427
   -12.71739
   -12.98956
   -14.07039
   -13.70471
   -15.28136
   -16.67559
   -16.36176
   -15.47778
   -14.83340
   -15.40481
   -16.37168
   -18.16113
   -17.05750
   -16.69975
   -16.46813
   -16.25060
   -15.39654
   -16.55413
   -17.00695
   -16.73450
   -16.30117
   -16.98019
   -16.53859
   -16.56478
   -18.11355
   -17.57450
   -17.51973
   -16.41625
   -19.20902
   -20.52951
   -19.98462
   -20.51246
   -19.62603
   -19.19856
   -19.67329
   -21.29165
   -20.31734
   -19.94195
   -19.40817
   -19.95660
   -20.31668
   -19.96024
   -19.67428
   -19.06977
   -19.50632
   -20.36444
   -20.57039
   -19.80293
   -20.62138
   -19.05352
   -19.86570
   -20.95941
   -21.28385
   -21.53373
   -21.84683
   -21.68393
   -21.87451
   -23.47113
   -23.01631
   -23.46721
   -24.67324
   -23.56111
   -23.76344
   -23.31475
   -23.75165
   -24.40961
   -24.26615
   -25.27096
   -24.74901
   -26.57764
   -26.29191
   -25.67390
   -27.36844
   -26.27301
   -25.85041
   -26.90022
   -26.38510
   -26.19404
   -26.50971
   -25.09177
   -24.23016
   -26.03831
   -25.72180
   -27.33243
   -28.41362
   -29.15639
   -28.80082
   -29.47857
   -29.89962
   -30.74690
   -31.55594
   -32.84173
   -32.12521
   -33.39094
   -34.69680
   -33.84423
   -33.76958
   -32.95537
   -34.19956
   -34.78565
   -33.09267
   -33.57588
   -33.56877
   -32.29375
   -32.13868
   -33.15304
   -33.18948
   -33.25129
   -33.86879
   -34.78095
   -34.67461
   -34.04747
   -32.44532
   -32.46711
   -30.35178
   -30.89527
   -30.94732
   -29.81124
   -30.13361
   -31.01764
   -30.50887
   -30.93835
   -29.90573
   -29.93372
   -29.84911
   -32.13939
   -31.99418
   -31.70004
   -31.59497
   -33.02237
   -32.36908
   -31.51632
   -32.22239
   -32.96188
   -32.05337
   -30.59970
   -30.22237
   -30.24968
   -28.47066
   -27.64241
   -27.00398
   -28.20363
   -27.99603
   -26.39469
   -26.85673
   -27.51961
   -28.58860
   -28.54933
   -28.69369
   -28.10131
   -28.20750
   -28.27083
   -28.13406
   -29.12563
   -31.44505
   -31.71741
   -32.98868
   -33.59164
   -31.93866
   -31.02769
   -31.90056
   -31.21924
   -28.77427
   -28.35034
   -28.85294
   -29.18834
   -29.60306
   -30.25362
   -29.93694
   -30.69860
   -33.55204
   -34.82375
   -34.50931
   -33.35542
   -35.03118
   -36.63763
   -36.26493
   -36.41830
   -36.78418
   -37.35026
   -36.93884
   -35.32885
   -35.58704
   -34.77626
   -34.96869
   -34.55747
   -34.19077
   -32.92145
   -32.12322
   -32.91305
   -34.49897
   -34.64270
   -34.61709
   -35.39405
   -35.25482
   -33.82230
   -33.76475
   -31.71704
   -30.76491
   -28.06012
   -27.34428
   -26.95501
   -27.89145
   -27.70354
   -28.60209
   -27.93887
   -27.80654
   -24.30761
   -24.16254
   -22.87859
   -23.20628
   -23.32626
   -24.70621
   -24.74153
   -23.18244
   -20.36101
   -21.55023
   -22.98874
   -22.86418
   -23.05618
   -23.57042
   -22.53147
   -23.48414
   -23.15742
   -21.74379
   -22.29290
   -21.77160
   -21.62766
   -22.35164
   -23.21393
   -24.46064
   -24.38593
   -25.10133
   -26.01194
   -27.22518
   -28.05684
   -29.27297
   -29.30285
   -29.08666
   -28.97855
   -28.94951
   -28.92273
   -29.64089
   -30.14035
   -30.03348
   -31.00841
   -30.39785
   -31.10104
   -31.85370
   -30.83134
   -31.61825
   -33.99282
   -34.39212
   -34.04259
   -34.88837
   -34.35697
   -34.72004
   -33.45606
   -33.92066
   -34.38753
   -34.41452
   -35.42122
   -35.76638
   -36.52366
   -36.20511
   -34.61524
   -33.81933
   -33.20138
   -32.81352
   -31.45978
   -31.15649
   -30.23373
   -29.73739
   -31.00817
   -30.97659
   -29.81858
   -29.31110
   -30.38695
   -29.69392
   -29.41744
   -30.71460
   -31.62167
   -32.47355
   -30.82677
   -32.03501
   -31.95634
   -31.54030
   -32.21947
   -32.28763
   -33.14058
   -33.39030
   -36.68404
   -37.43371
   -36.67758
   -37.28599
   -37.90261
   -38.20130
   -36.72474
   -36.01751
   -35.83259
   -35.48993
   -36.36197
   -38.19607
   -36.97024
   -35.54981
   -36.57156
   -35.44364
   -34.97688
   -35.76138
   -34.87200
   -34.83635
   -35.99222
   -35.72624
   -36.36920
   -36.22902
   -35.83290
   -35.15742
   -35.50970
   -36.29805
   -35.67090
   -37.28917
   -36.87944
   -36.08954
   -37.00366
   -35.75917
   -35.19434
   -35.24111
   -35.42147
   -37.04504
   -38.14911
   -39.83399
   -39.11839
   -38.25679
   -35.64832
   -35.64076
   -36.65827
   -34.97044
   -32.85889
   -33.63546
   -33.88441
   -35.00646
   -34.16388
   -33.82319
   -35.06897
   -33.72182
   -34.43349
   -34.26868
   -33.08186
   -31.86459
   -31.31372
   -30.61921
   -31.11958
   -31.84991
   -31.21069
   -31.93471
   -32.98889
   -32.85212
   -32.35870
   -31.52189
   -32.03141
   -31.71773
   -30.58109
   -30.65813
   -30.45906
   -29.99541
   -29.51390
   -31.41971
   -32.04676
   -30.85328
   -32.34339
   -30.75108
   -30.21125
   -29.10370
   -30.01563
   -32.69818
   -32.70260
   -33.20087
   -32.45876
   -31.96015
   -33.63754
   -31.33585
   -30.49334
   -29.95649
   -28.61720
   -28.95246
   -27.69215
   -28.15843
   -27.55990
   -29.09372
   -29.95071
   -29.10413
   -28.52829
   -30.07557
   -30.64618
   -29.04380
   -29.29636
   -28.88027
   -27.85279
   -28.72356
   -28.77597
   -30.97750
   -30.68838
   -32.16812
   -31.23871
   -30.65576
   -32.26490
   -33.67032
   -33.38662
   -33.14255
   -34.64687
   -31.59709
   -31.05846
   -30.22653
   -30.44656
   -30.60278
   -30.42089
   -31.31323
   -31.06842
   -30.54251
   -31.59396
   -32.59910
   -33.00559
   -32.62194
   -32.70370
   -32.07522
   -31.61540
   -32.85059
   -33.69926
   -33.43652
   -33.81300
   -32.23883
   -32.20002
   -31.38686
   -31.25363
   -31.68367
   -31.99415
   -32.47861
   -33.53545
   -33.30259
   -33.06412
   -32.76398
   -33.66237
   -32.55680
   -32.55934
   -34.90964
   -33.06851
   -33.09030
   -33.85413
   -32.92649
   -32.23810
   -33.60556
   -34.49553
   -33.41710
   -33.68582
   -35.30430
   -34.10185
   -33.81380
   -34.29723
   -32.81925
   -31.90559
   -32.39996
   -31.08550
   -32.44668
   -32.81494
   -32.63722
   -34.07392
   -33.34775
   -32.90985
   -33.52599
   -33.56541
   -35.09681
   -35.39550
   -36.24894
   -35.56783
   -36.92339
   -35.32731
   -36.45650
   -37.08714
   -36.14985
   -35.75788
   -35.70165
   -35.00774
   -35.16932
   -34.33102
   -35.12853
   -34.37985
   -33.80506
   -33.69543
   -35.07912
   -35.38952
   -33.75217
   -35.13269
   -36.86067
   -35.94431
   -37.22423
   -37.31096
   -36.74178
   -36.98064
   -36.60713
   -37.31316
   -38.42112
   -38.40012
   -36.77995
   -36.19874
   -35.96012
   -36.34668
   -36.55081
   -35.74587
   -35.19109
   -34.89929
   -34.25168
   -32.22009
   -32.88262
   -31.92376
   -30.96988
   -32.05573
   -31.79100
   -33.57611
   -34.23890
   -34.47879
   -34.93813
   -34.81710
   -35.22257
   -35.52868
   -36.13674
   -36.04848
   -36.95766
   -37.05760
   -34.74920
   -32.80535
   -30.37659
   -29.66499
   -28.48565
   -28.74392
   -28.58268
   -28.30874
   -27.91856
   -28.47639
   -30.60603
   -29.70154
   -28.82609
   -28.84998
   -29.44286
   -31.05580
   -30.15264
   -30.34623
   -32.16423
   -32.71386
   -32.76958
   -32.92631
   -33.51061
   -33.77572
   -32.98593
   -33.03208
   -33.14138
   -34.11778
   -33.12207
   -31.74836
   -32.76892
   -32.20713
   -31.43460
   -31.84131
   -32.28452
   -33.84774
   -34.80485
   -34.28869
   -34.40274
   -34.47936
   -36.08836
   -37.60933
   -36.41035
   -36.71857
   -36.60114
   -37.34111
   -35.02363
   -32.83674
   -30.40394
   -29.56565
   -29.50292
   -29.27564
   -30.08139
   -30.53327
   -31.33321
   -31.54759
   -31.82516
   -32.46174
   -33.46379
   -33.98117
   -33.12669
   -33.55152
   -32.44645
   -33.20225
   -31.89495
   -33.40712
   -33.46156
   -32.49555
   -33.06093
   -33.91496
   -33.30980
   -34.11620
   -33.81655
   -35.05462
   -34.59959
   -34.91199
   -34.82361
   -34.34842
   -33.16362
   -33.96442
   -35.38387
   -35.83590
   -36.47669
   -34.25540
   -33.48270
   -31.49544
   -33.17928
   -32.95812
   -31.99786
   -30.77956
   -30.47604
   -30.66670
   -29.10399
   -28.09720
   -27.79569
   -29.38274
   -29.01127
   -28.47602
   -28.52974
   -29.23360
   -28.36996
   -28.79868
   -28.75936
   -29.35382
   -28.92379
   -28.03960
   -27.41697
   -29.34390
   -30.31355
   -30.42426
   -31.83752
   -30.17815
   -29.95869
   -31.55856
   -32.61406
   -32.55265
   -32.58721
   -31.20966
   -32.08072
   -32.90831
   -33.63681
   -32.88011
   -33.58378
   -32.32260
   -33.59458
   -33.28712
   -33.63637
   -34.22574
   -35.73899
   -35.98119
   -37.02652
   -37.21012
   -38.11605
   -38.50637
   -37.96387
   -37.69730
   -37.68954
   -38.04354
   -38.80466
   -39.40581
   -36.84909
   -37.78201
   -37.04314
   -36.03851
   -35.84708
   -35.71948
   -34.92493
   -35.58882
   -34.28845
   -32.97164
   -33.75538
   -32.56108
   -33.14630
   -32.13352
   -31.98172
   -30.83420
   -31.34309
   -32.98419
   -33.68325
   -31.55561
   -31.92533
   -32.04142
   -31.93140
   -30.74465
   -29.74952
   -29.74900
   -29.98771
   -30.59657
   -32.01176
   -32.04340
   -32.69249
   -31.33356
   -31.57781
   -32.70746
   -32.34696
   -32.46003
   -32.69851
   -33.48238
   -32.73461
   -33.51922
   -33.32928
   -33.62017
   -33.59049
   -34.55121
   -36.05337
   -37.20345
   -38.89610
   -38.31756
   -38.32172
   -36.88548
   -37.64108
   -38.13511
   -38.43607
   -37.99888
   -38.43284
   -37.70135
   -38.40266
   -39.64328
   -40.52289
   -39.98228
   -40.77487
   -39.37028
   -38.65746
   -38.23272
   -36.33004
   -37.06511
   -35.32125
   -34.19556
   -34.00352
   -34.26789
   -35.29577
   -35.02373
   -34.50017
   -34.73876
   -35.63268
   -36.03492
   -36.28070
   -36.00112
   -34.12197
   -34.94366
   -34.78544
   -33.71926
   -34.36273
   -33.78574
   -32.94710
   -34.80975
   -34.39819
   -35.17910
   -33.78199
   -33.53569
   -33.59494
   -33.57636
   -32.84980
   -32.67481
   -33.62551
   -31.69013
   -31.39732
   -31.21790
   -29.95773
   -30.92337
   -28.94026
   -28.02135
   -27.80956
   -27.28276
   -28.39267
   -28.30640
   -29.32569
   -27.95317
   -25.54589
   -25.84892
   -27.35797
   -26.29003
   -25.74909
   -25.91189
   -25.40184
   -26.19424
   -26.56193
   -25.99816
   -27.14832
   -28.21145
   -28.29808
   -29.02570
   -28.73736
   -27.81500
   -27.64910
   -26.35644
   -24.83657
   -26.81024
   -27.60898
   -28.26321
   -26.43126
   -25.46366
   -23.40279
   -23.26570
   -22.50500
   -23.64975
   -23.64783
   -22.60359
   -23.47682
   -22.83236
   -22.68862
   -24.96953
   -26.32578
   -26.42771
   -28.04200
   -30.89498
   -29.89540
   -30.66993
   -31.29458
   -31.17947
   -29.80479
   -30.35012
   -30.08559
   -31.06859
   -33.24978
   -34.77378
   -34.52292
   -33.27283
   -31.71358
   -34.27016
   -34.25826
   -32.32030
   -32.43694
   -31.58239
   -29.71344
   -30.35188
   -31.70409
   -30.66435
   -29.31115
   -26.55483
   -25.81743
   -25.18910
   -25.63054
   -25.55293
   -25.82176
   -25.67567
   -26.49473
   -26.63675
   -26.23375
   -27.25595
   -27.63781
   -28.83466
   -30.51330
   -30.74501
   -32.32161
   -32.68158
   -32.58017
   -31.52837
   -33.19255
   -33.17625
   -33.43765
   -34.62261
   -35.39365
   -35.03082
   -34.45386
   -33.51125
   -33.81593
   -34.40821
   -34.27180
   -34.44476
   -33.44517
   -33.39835
   -34.23546
   -33.74174
   -35.32214
   -35.86806
   -36.17880
   -36.97232
   -36.99027
   -37.69360
   -38.13358
   -39.70133
   -39.21665
   -38.61504
   -39.48502
   -38.45407
   -38.86163
   -37.86131
   -36.68519
   -36.72572
   -37.87846
   -37.54076
   -36.55602
   -37.29431
   -38.75979
   -37.28534
   -37.16240
   -38.25599
   -39.70242
   -39.91215
   -40.81584
   -40.50409
   -41.56534
   -41.02645
   -42.12382
   -43.79261
   -41.84099
   -41.82991
   -41.99007
   -42.19519
   -40.64710
   -39.97887
   -39.32506
   -37.71701
   -36.93768
   -36.15600
   -38.22213
   -36.34337
   -36.11058
   -36.14330
   -34.89211
   -34.83881
   -35.23234
   -37.00217
   -35.93310
   -36.27381
   -36.66657
   -36.35001
   -36.14925
   -35.72534
   -35.79943
   -35.54859
   -34.76169
   -35.84920
   -36.40927
   -36.21926
   -37.17215
   -36.38187
   -36.36692
   -36.13320
   -36.70330
   -37.01951
   -37.49015
   -38.00238
   -37.98849
   -36.88494
   -35.24791
   -35.14329
   -34.52446
   -34.28747
   -34.96172
   -35.61540
   -34.45963
   -34.14339
   -34.13226
   -33.84524
   -33.40855
   -35.34366
   -33.16473
   -33.78419
   -33.51194
   -33.42878
   -32.69280
   -31.85536
   -31.21564
   -28.23636
   -28.26002
   -26.69580
   -27.32143
   -26.93021
   -26.40574
   -26.38069
   -26.47235
   -24.50252
   -25.00041
   -26.70501
   -24.77392
   -25.12613
   -25.63400
   -26.47178
   -26.70818
   -26.92940
   -28.73675
   -29.29384
   -30.20228
   -29.80712
   -30.53966
   -30.91215
   -31.55141
   -31.18875
   -30.64713
   -28.06434
   -27.79166
   -27.77525
   -29.30151
   -29.75996
   -29.56636
   -30.71187
   -30.72483
   -30.63043
   -32.07200
   -31.21426
   -32.58594
   -33.62287
   -31.95789
   -31.61443
   -31.08142
   -31.06047
   -32.27893
   -31.93994
   -31.47675
   -31.09867
   -32.13379
   -31.33607
   -32.53033
   -31.33924
   -28.69838
   -27.22344
   -27.76724
   -29.53548
   -30.36616
   -30.13843
   -30.85539
   -30.90001
   -31.36160
   -30.25450
   -31.39240
   -33.24521
   -33.12375
   -33.38517
   -33.87595
   -33.35999
   -34.48980
   -35.89180
   -34.22616
   -34.45545
   -34.04988
   -33.60182
   -32.52980
   -32.96602
   -32.93848
   -33.73700
   -34.01536
   -33.92401
   -35.35113
   -37.32630
   -38.27800
   -37.57998
   -38.42759
   -38.78430
   -40.64341
   -40.08717
   -40.62379
   -40.42965
   -39.22880
   -39.91821
   -39.49040
   -39.15679
   -37.32415
   -35.94728
   -36.78307
   -38.64905
   -39.39739
   -38.92291
   -39.02652
   -39.45260
   -39.12430
   -39.33135
   -41.83742
   -43.06220
   -42.77905
   -42.15513
   -41.87504
   -39.78284
   -41.11265
   -42.44327
   -44.64650
   -46.52535
   -45.12337
   -44.15676
   -44.01329
   -42.44887
   -42.90349
   -43.79823
   -45.49551
   -47.21694
   -46.14671
   -47.31899
   -48.29585
   -49.12900
   -49.85042
   -50.36892
   -49.32982
   -49.61767
   -48.82018
   -50.05184
   -50.89011
   -49.27655
   -49.29131
   -49.87527
   -50.86174
   -51.48603
   -51.44347
   -52.04850
   -53.07446
   -52.46930
   -53.91566
   -53.19850
   -53.01989
   -53.59531
   -50.90578
   -52.24106
   -51.27565
   -51.23862
   -50.58031
   -49.65204
   -48.69566
   -47.19504
   -47.15891
   -46.70752
   -45.43178
   -44.19713
   -43.21990
   -44.71567
   -43.63298
   -44.10619
   -42.61016
   -41.92527
   -42.61866
   -41.97144
   -40.78586
   -41.21937
   -40.48779
   -40.78725
   -40.19474
   -38.63882
   -38.62687
   -38.79688
   -39.83653
   -41.28121
   -43.15605
   -45.29275
   -45.60005
   -47.52237
   -48.59864
   -49.05000
   -50.10592
   -49.60806
   -48.74976
   -48.45201
   -51.03298
   -53.70115
   -54.42905
   -53.75266
   -54.48892
   -54.32038
   -52.83915
   -52.84149
   -50.79527
   -51.22218
   -51.47982
   -50.15983
   -50.67517
   -50.27301
   -51.29532
   -52.40508
   -53.11656
   -53.48849
   -54.10000
   -52.88960
   -51.91435
   -52.04054
   -52.65112
   -51.57396
   -50.62472
   -50.83420
   -51.30115
   -51.54255
   -50.70120
   -51.46078
   -53.25610
   -54.24649
   -53.92540
   -53.49296
   -50.16469
   -50.41935
   -51.17748
   -52.13387
   -50.60908
   -50.33687
   -48.61674
   -47.84146
   -46.34213
   -46.29286
   -45.84597
   -45.46888
   -43.83950
   -44.31987
   -43.43358
   -43.96618
   -42.78191
   -43.36103
   -41.84115
   -42.42463
   -43.72143
   -42.59194
   -41.21209
   -40.20372
   -41.28857
   -41.50073
   -41.96480
   -41.65967
   -42.87728
   -42.28816
   -40.71008
   -40.11059
   -40.65800
   -41.38878
   -39.77481
   -39.56828
   -38.14558
   -37.20247
   -36.65747
   -37.11831
   -38.22587
   -37.61666
   -38.36666
   -39.12073
   -40.08290
   -40.42583
   -40.33805
   -40.82137
   -40.83637
   -40.58742
   -40.43070
   -39.88137
   -40.92154
   -41.43806
   -41.13755
   -42.21668
   -41.21483
   -41.41926
   -42.12587
   -42.31964
   -44.06180
   -41.10669
   -41.45828
   -41.36992
   -41.42619
   -40.64703
   -41.03182
   -40.89993
   -41.89544
   -39.28222
   -39.75843
   -39.26590
   -38.15511
   -36.60932
   -37.79802
   -38.87653
   -37.87701
   -38.38247
   -38.83638
   -39.79379
   -39.16395
   -39.03121
   -35.99945
   -36.09354
   -36.77726
   -37.20601
   -38.08064
   -37.89804
   -39.39322
   -41.08384
   -41.61769
   -42.76005
   -42.71681
   -44.07676
   -43.94073
   -42.87245
   -43.78088
   -42.91705
   -43.24492
   -43.85623
   -44.29603
   -44.14840
   -42.55326
   -42.30230
   -41.98417
   -41.83603
   -41.18514
   -41.42411
   -42.37023
   -40.57405
   -40.05339
   -39.87119
   -38.78241
   -39.93263
   -40.50806
   -38.80843
   -38.86301
   -39.89582
   -40.08319
   -38.99878
   -36.60640
   -36.58660
   -36.42936
   -35.72176
   -36.61941
   -36.16869
   -37.37588
   -37.25090
   -36.91307
   -37.57352
   -37.36686
   -37.61383
   -37.91665
   -37.51044
   -36.78240
   -36.55124
   -35.72926
   -36.29121
   -35.99593
   -35.76823
   -35.96573
   -35.52561
   -37.04705
   -35.03287
   -35.58986
   -35.67179
   -37.11350
   -36.85547
   -36.77959
   -36.11623
   -37.52527
   -37.10464
   -36.98225
   -34.48382
   -34.64681
   -34.50706
   -36.03321
   -37.48989
   -36.70747
   -36.10111
   -36.69895
   -38.13492
   -34.77420
   -34.43141
   -34.52861
   -35.47073
   -37.06292
   -38.19609
   -38.75826
   -40.21796
   -40.51246
   -39.63310
   -40.49809
   -40.29638
   -42.35136
   -42.24110
   -43.93480
   -42.86367
   -44.16922
   -42.50228
   -43.32915
   -43.95090
   -42.70270
   -42.99753
   -43.80455
   -46.16289
   -46.51779
   -45.70528
   -44.55438
   -44.99186
   -44.68195
   -44.71444
   -44.76970
   -45.55238
   -44.87024
   -45.15464
   -46.42618
   -45.76239
   -43.75653
   -44.56362
   -44.08767
   -43.06345
   -44.01317
   -44.23835
   -46.45059
   -46.27383
   -46.59553
   -49.03525
   -48.24322
   -48.38124
   -49.15933
   -48.82714
   -48.33137
   -49.56960
   -50.00404
   -50.17943
   -50.64177
   -50.94579
   -50.30481
   -50.05683
   -51.10474
   -49.99253
   -49.23827
   -46.88462
   -46.23317
   -45.29349
   -46.84266
   -47.80958
   -47.58663
   -48.41303
   -50.65337
   -52.18255
   -51.83932
   -50.42154
   -51.49471
   -52.11239
   -50.73112
   -49.46496
   -49.66317
   -51.79366
   -53.34040
   -54.93327
   -53.63266
   -53.76753
   -51.79362
   -51.73617
   -51.24859
   -51.38146
   -51.92764
   -49.99520
   -48.40651
   -46.64158
   -46.40931
   -46.54881
   -48.67385
   -46.75888
   -46.23568
   -47.51715
   -49.44476
   -48.57554
   -47.72278
   -46.80682
   -46.27629
   -47.05002
   -48.21097
   -49.61248
   -49.42354
   -48.80604
   -48.76596
   -50.22032
   -49.76479
   -50.94440
   -49.03846
   -49.89937
   -50.30761
   -52.07296
   -52.43023
   -51.24261
   -51.04570
   -51.01361
   -51.77789
   -51.23303
   -49.97376
   -50.38105
   -50.25825
   -50.58602
   -52.62682
   -54.23710
   -54.01926
   -53.67968
   -54.62579
   -53.48024
   -53.58643
   -54.18368
   -53.92441
   -54.70184
   -53.72283
   -52.28163
   -53.35039
   -54.34041
   -55.82984
   -55.47534
   -55.77615
   -56.82323
   -57.23074
   -57.17265
   -57.66420
   -59.19386
   -59.47242
   -58.68781
   -57.93935
   -57.85088
   -57.29824
   -58.21136
   -57.47779
   -58.62283
   -59.93466
   -59.30189
   -60.19239
   -59.75339
   -58.66135
   -57.64859
   -55.98640
   -56.27998
   -54.95183
   -54.03358
   -53.89807
   -55.02521
   -55.08747
   -55.46964
   -54.76484
   -55.18682
   -53.29584
   -52.68862
   -52.70363
   -52.09255
   -51.28645
   -51.57272
   -52.25699
   -54.05494
   -56.41867
   -57.48039
   -56.94497
   -56.47918
   -55.82735
   -56.08546
   -54.93308
   -54.97466
   -56.47022
   -56.77083
   -57.20115
   -56.28294
   -55.15103
   -55.09453
   -54.37751
   -55.77496
   -56.14702
   -57.16734
   -56.93745
   -56.85192
   -57.89306
   -57.56648
   -57.29207
   -57.67016
   -57.90432
   -57.82643
   -56.50098
   -54.95170
   -55.51131
   -55.06095
   -57.18127
   -57.56952
   -59.50182
   -57.32062
   -57.36449
   -55.04814
   -54.27759
   -53.39117
   -52.69844
   -52.23244
   -52.58404
   -51.92862
   -50.30136
   -49.88076
   -49.73117
   -48.39398
   -48.28124
   -47.81037
   -48.66291
   -48.40489
   -45.96417
   -46.32109
   -45.34347
   -45.92924
   -46.90322
   -46.61727
   -45.78845
   -43.38580
   -43.16160
   -43.52093
   -42.71190
   -42.59794
   -42.99154
   -43.24790
   -41.35621
   -41.58303
   -41.76849
   -43.49350
   -44.05691
   -43.06409
   -44.61198
   -46.40234
   -45.63293
   -47.25256
   -47.93373
   -47.60727
   -48.48795
   -48.27358
   -49.47631
   -50.35946
   -50.34012
   -51.24344
   -50.12044
   -50.65019
   -51.73973
   -51.60425
   -51.88424
   -53.61880
   -53.39690
   -53.17292
   -53.34344
   -53.42664
   -52.69309
   -53.04762
   -53.10674
   -53.23439
   -54.28496
   -56.19023
   -56.68949
   -54.87120
   -55.69122
   -55.26586
   -55.06262
   -55.71416
   -54.94826
   -55.48667
   -54.33725
   -52.67027
   -51.69455
   -53.45496
   -54.82928
   -55.29655
   -52.43442
   -51.53230
   -51.65147
   -52.64731
   -50.67713
   -51.33048
   -49.21346
   -49.09590
   -48.58697
   -49.03882
   -49.05378
   -48.77971
   -48.38760
   -48.71509
   -47.21662
   -47.45105
   -46.92159
   -45.88350
   -46.82515
   -47.59690
   -46.99545
   -47.53837
   -49.89975
   -49.08051
   -49.50876
   -50.03804
   -50.36691
   -49.85776
   -49.89813
   -49.15362
   -47.67053
   -49.13022
   -47.36637
   -46.58459
   -48.79093
   -50.15935
   -49.87982
   -50.84372
   -50.60447
   -49.82028
   -48.83252
   -49.21554
   -49.57843
   -48.73610
   -50.19905
   -50.28648
   -51.12362
   -51.31223
   -51.38312
   -50.54256
   -51.32675
   -51.76614
   -50.38960
   -48.49566
   -49.33396
   -48.40771
   -48.72072
   -46.70048
   -46.53237
   -47.67413
   -47.31685
   -46.88175
   -47.28451
   -48.09544
   -46.85807
   -47.30205
   -47.49043
   -47.79679
   -47.42899
   -47.13330
   -46.06419
   -46.27102
   -45.35016
   -46.01708
   -45.46947
   -44.79837
   -44.76866
   -43.71142
   -42.59206
   -43.26959
   -44.13490
   -45.14956
   -45.41712
   -45.07488
   -44.94879
   -44.56625
   -44.68342
   -44.24462
   -42.16110
   -41.15730
   -41.04298
   -41.04948
   -39.80749
   -38.24052
   -36.54652
   -34.53267
   -33.09284
   -32.37595
   -31.59953
   -31.05254
   -31.66513
   -31.94467
   -29.53554
   -29.06841
   -28.82794
   -28.48352
   -27.75421
   -28.10061
   -27.46114
   -28.14753
   -29.14494
   -29.33850
   -27.47382
   -27.96084
   -26.09012
   -26.77122
   -27.33488
   -28.77429
   -28.99245
   -29.63723
   -27.82324
   -26.47212
   -26.04640
   -25.00525
   -23.68140
   -24.57285
   -24.42655
   -23.84241
   -23.35115
   -21.79337
   -20.62278
   -20.68269
   -20.88185
   -19.05113
   -17.94667
   -17.43554
   -17.66830
   -17.83625
   -16.24994
   -16.11720
   -18.13000
   -16.96844
   -16.41771
   -17.06820
   -16.26203
   -17.35298
   -18.17755
   -17.59820
   -18.94901
   -18.87971
   -18.38318
   -19.21977
   -18.29801
   -18.78013
   -18.90768
   -17.42770
   -16.85466
   -16.92209
   -16.97481
   -16.48430
   -16.95766
   -14.39797
   -14.11424
   -13.77799
   -13.74377
   -12.96390
   -14.38856
   -15.99770
   -14.64923
   -13.26818
   -11.54093
   -10.79624
   -10.20109
    -9.01999
    -8.90966
    -9.82931
    -9.22423
    -9.03089
    -9.16234
   -10.25825
   -10.70832
   -10.59912
   -11.45515
   -10.50216
   -11.68905
   -11.60948
   -11.96003
   -10.94150
   -10.13149
   -12.08938
   -11.84730
   -12.56173
   -12.86735
   -12.93968
   -12.71226
   -12.18436
   -12.91167
   -12.48043
   -12.20510
   -13.49168
   -13.40375
   -12.09399
   -11.36051
   -11.02426
   -10.54501
   -11.35819
   -12.04825
   -12.80963
   -13.17568
   -13.12432
   -11.39923
   -11.34665
   -12.87744
   -13.47085
   -11.70333
   -12.76366
   -12.57960
   -15.04007
   -14.71278
   -15.71931
   -16.33706
   -17.78097
   -18.19866
   -17.00507
   -15.62167
   -15.77793
   -15.85238
   -15.56645
   -14.60360
   -11.90815
   -10.73558
   -11.52176
   -10.75361
   -12.37253
   -11.14328
   -11.54748
   -11.99126
   -12.85340
   -12.80326
   -14.52632
   -15.31165
   -15.76783
   -14.57341
   -14.55889
   -15.53315
   -14.97175
   -13.53922
   -14.74516
   -13.44469
   -15.69333
   -17.16163
   -17.91321
   -18.44098
   -17.96131
   -18.68436
   -18.95568
   -18.71775
   -17.27797
   -17.68839
   -19.05869
   -19.54834
   -19.39025
   -19.32134
   -16.91975
   -16.71594
   -16.12417
   -15.34489
   -17.27807
   -17.09062
   -18.79912
   -18.59289
   -19.04120
   -19.12533
   -19.76745
   -21.18103
   -20.29854
   -20.97586
   -22.68496
   -22.09044
   -20.21864
   -17.69065
   -16.37798
   -17.94046
   -17.76166
   -16.83239
   -16.28483
   -17.12201
   -17.40865
   -19.60255
   -18.99010
   -19.90329
   -21.46544
   -22.29853
   -22.41174
   -21.91347
   -20.77670
   -20.68797
   -21.06093
   -21.26548
   -22.42215
   -23.57467
   -23.40162
   -23.34094
   -21.68452
   -21.55944
   -21.80752
   -21.12973
   -19.95921
   -20.38782
   -21.68131
   -21.69428
   -21.78588
   -21.27262
   -20.66840
   -22.19457
   -22.39184
   -23.23669
   -24.26888
   -24.69490
   -23.92714
   -23.92970
   -24.61219
   -26.73217
   -26.09150
   -24.98493
   -24.70886
   -24.05964
   -25.91419
   -25.33556
   -25.17535
   -24.09185
   -24.66512
   -24.69612
   -25.07318
   -24.69620
   -23.17952
   -24.48714
   -25.76883
   -25.20463
   -25.17580
   -25.47678
   -25.77126
   -25.60454
   -26.83923
   -25.65185
   -26.35940
   -26.32738
   -26.18051
   -26.56914
   -24.51660
   -25.30708
   -26.86768
   -28.73749
   -30.79897
   -30.20318
   -30.80091
   -29.47813
   -29.04442
   -29.88424
   -30.75236
   -30.52960
   -32.71044
   -33.17377
   -32.05452
   -33.87167
   -35.26835
   -35.12806
   -35.26854
   -34.64268
   -35.37189
   -34.80168
   -35.69747
   -34.50408
   -33.53221
   -33.60856
   -33.97008
   -33.26856
   -33.00696
   -33.17656
   -34.20070
   -32.97614
   -33.77516
   -34.20477
   -34.12808
   -34.35097
   -35.25886
   -33.62027
   -31.91359
   -32.64004
   -31.81731
   -32.39534
   -31.04761
   -31.29935
   -28.87179
   -28.86091
   -27.14843
   -27.39544
   -27.10181
   -27.54809
   -29.68111
   -30.15949
   -29.78512
   -30.95256
   -30.56019
   -30.63428
   -28.14195
   -30.25065
   -32.66043
   -32.40682
   -31.88291
   -31.77320
   -32.25687
   -32.86884
   -32.44030
   -31.26025
   -30.16514
   -28.13820
   -28.33563
   -29.28259
   -29.46281
   -30.71469
   -32.15036
   -30.74998
   -31.80843
   -33.50316
   -33.82261
   -32.75339
   -32.66918
   -32.92654
   -33.69090
   -31.63622
   -33.52165
   -35.92784
   -37.49425
   -37.39448
   -38.93061
   -37.78023
   -39.02756
   -38.18178
   -37.51628
   -37.16639
   -37.16839
   -37.90891
   -37.40114
   -35.99313
   -36.18401
   -36.65876
   -36.47081
   -37.13750
   -35.70497
   -34.76926
   -32.99823
   -31.06761
   -29.54756
   -28.43800
   -28.40102
   -28.15122
   -27.65689
   -27.61154
   -27.57010
   -27.77391
   -27.10351
   -26.26547
   -28.52161
   -30.04297
   -28.59335
   -27.20548
   -27.20697
   -28.26225
   -27.50796
   -27.63008
   -27.73922
   -27.24256
   -25.77169
   -22.85031
   -23.25820
   -22.42927
   -23.60438
   -23.55963
   -23.09088
   -22.97218
   -23.29613
   -21.33303
   -21.10642
   -23.38548
   -21.92432
   -23.30661
   -24.72955
   -24.94852
   -24.12534
   -24.01577
   -24.15555
   -23.48623
   -22.52715
   -22.86032
   -21.93330
   -21.73826
   -20.12027
   -20.25081
   -21.49399
   -22.20232
   -22.39737
   -21.91084
   -20.95798
   -20.36074
   -20.80576
   -21.40590
   -21.44393
   -21.37796
   -21.96822
   -20.34801
   -19.49252
   -18.30430
   -16.18060
   -16.09838
   -15.22874
   -14.81214
   -16.01665
   -16.22323
   -17.09093
   -16.85133
   -15.77249
   -14.60600
   -15.00938
   -14.16849
   -14.30012
   -12.98548
   -13.57161
   -14.97156
   -16.13743
   -16.51151
   -18.04431
   -19.23602
   -20.57149
   -20.90882
   -20.84054
   -20.40415
   -20.77733
   -21.09317
   -20.08274
   -20.32168
   -18.67380
   -20.13918
   -22.25242
   -22.52624
   -23.97354
   -24.26676
   -24.14520
   -24.29080
   -25.15187
   -23.92644
   -23.25768
   -22.41912
   -22.79489
   -23.45703
   -24.51389
   -24.01346
   -25.17957
   -24.83606
   -25.42519
   -25.52509
   -24.05619
   -24.09794
   -24.48918
   -25.65330
   -27.20327
   -27.28012
   -25.48995
   -25.93110
   -26.77784
   -26.30680
   -27.09756
   -25.73678
   -26.72135
   -26.70361
   -25.79432
   -27.11843
   -27.52893
   -27.43724
   -27.51664
   -27.50372
   -26.25722
   -24.61504
   -25.91956
   -27.13024
   -26.48273
   -24.71142
   -24.52304
   -24.54190
   -23.73998
   -23.43681
   -23.35101
   -23.13339
   -23.47783
   -21.28719
   -21.73665
   -20.09101
   -20.82684
   -21.37412
   -20.08822
   -19.18255
   -19.14967
   -19.29297
   -19.43520
   -17.50354
   -16.38182
   -18.11647
   -18.05715
   -17.72066
   -18.89374
   -19.06968
   -20.16745
   -21.39760
   -21.58387
   -22.25388
   -20.62322
   -21.09874
   -20.94323
   -20.90576
   -18.34803
   -18.00306
   -19.35574
   -19.39081
   -20.38391
   -19.95696
   -19.46140
   -19.58413
   -18.07999
   -19.46297
   -19.91470
   -18.07015
   -18.69669
   -18.92789
   -18.25020
   -17.63975
   -19.37847
   -21.36312
   -21.90343
   -22.19634
   -21.47254
   -21.17526
   -21.55295
   -24.24340
   -24.49781
   -24.77413
   -23.96991
   -22.93521
   -23.47557
   -22.98348
   -21.87999
   -23.12212
   -22.10091
   -21.65952
   -23.58909
   -24.54996
   -25.59018
   -25.39918
   -27.78559
   -27.79484
   -26.69544
   -26.37139
   -26.72082
   -26.57448
   -25.41057
   -25.14430
   -23.49639
   -23.64791
   -23.99142
   -24.15387
   -25.01792
   -24.74804
   -26.27332
   -27.86349
   -27.80904
   -28.30229
   -30.47541
   -30.05637
   -32.04255
   -32.07459
   -31.10774
   -30.04748
   -30.12933
   -29.43352
   -29.67346
   -29.83613
   -31.30123
   -32.21030
   -31.35197
   -30.98894
   -29.20870
   -28.80526
   -29.53024
   -31.24882
   -31.83172
   -31.00063
   -30.54487
   -31.44382
   -31.11580
   -31.28430
   -31.27991
   -32.12644
   -33.13089
   -32.78538
   -32.35310
   -32.01990
   -31.91105
   -33.13719
   -32.06707
   -32.57458
   -33.26918
   -33.35200
   -32.75231
   -31.72346
   -32.83266
   -32.94790
   -33.92484
   -33.71265
   -33.70647
   -34.11236
   -33.97002
   -34.02113
   -33.34460
   -35.21083
   -34.60173
   -35.60179
   -35.58929
   -35.79999
   -36.23303
   -37.72976
   -37.29867
   -38.66553
   -39.99057
   -41.04690
   -41.36238
   -39.05733
   -40.35294
   -39.74161
   -40.40660
   -40.65400
   -40.98505
   -41.32194
   -40.29815
   -41.61883
   -40.24371
   -41.01547
   -39.94082
   -40.05286
   -40.87890
   -39.39933
   -38.81055
   -38.13712
   -39.55859
   -37.81851
   -37.01575
   -39.32793
   -39.12946
   -39.15783
   -39.56484
   -39.34768
   -41.32429
   -42.54965
   -43.06370
   -43.97486
   -45.44218
   -45.42397
   -46.65121
   -45.62721
   -44.71135
   -46.17384
   -46.87619
   -48.38525
   -48.01200
   -47.49623
   -46.79992
   -47.59665
   -48.16726
   -49.73329
   -48.02641
   -48.89241
   -50.58192
   -49.35884
   -49.14942
   -49.92071
   -49.92599
   -50.26377
   -50.01821
   -49.51591
   -49.84390
   -47.93082
   -47.16137
   -48.20706
   -49.42253
   -48.04340
   -48.47336
   -47.03896
   -46.94382
   -45.91918
   -43.77853
   -43.84318
   -44.05505
   -43.32901
   -42.48201
   -42.47307
   -42.52105
   -42.40885
   -42.35098
   -41.73663
   -43.64596
   -44.50467
   -45.32470
   -46.42177
   -46.41309
   -45.99706
   -45.78357
   -45.85169
   -44.93473
   -44.20072
   -45.08601
   -44.37612
   -42.35174
   -42.42573
   -42.00850
   -42.27287
   -42.74336
   -42.76919
   -42.14966
   -42.26142
   -40.89197
   -39.67647
   -38.98085
   -39.30737
   -38.84439
   -39.40531
   -39.10157
   -38.99865
   -38.19747
   -38.42817
   -39.45748
   -39.32709
   -38.44552
   -38.22080
   -38.13988
   -37.15741
   -38.55753
   -37.42926
   -35.81939
   -35.56854
   -35.40136
   -36.03525
   -36.17683
   -36.25377
   -36.16688
   -35.23823
   -36.16285
   -34.05465
   -35.47425
   -33.97442
   -33.61878
   -33.76721
   -33.25915
   -34.38962
   -32.12848
   -33.12785
   -32.93813
   -31.98767
   -30.82861
   -30.67896
   -30.16422
   -30.57274
   -31.19480
   -30.49472
   -29.27862
   -29.28328
   -28.89709
   -26.93316
   -26.65914
   -27.17573
   -26.64479
   -24.92303
   -24.27539
   -24.20005
   -25.11846
   -25.00541
   -26.43053
   -29.17253
   -29.10887
   -30.14925
   -30.41850
   -32.64298
   -32.73479
   -32.15596
   -33.08600
   -33.09107
   -32.86802
   -30.48051
   -30.04955
   -29.50218
   -29.45685
   -28.27140
   -29.08649
   -28.68808
   -29.60662
   -30.21793
   -30.72100
   -31.52707
   -31.23258
   -31.24196
   -30.60809
   -30.68101
   -29.78029
   -28.08396
   -28.20773
   -27.15767
   -28.12102
   -27.27089
   -28.79389
   -27.71003
   -27.94003
   -26.65055
   -25.52902
   -26.16716
   -26.81667
   -23.58671
   -24.17976
   -25.13322
   -26.45785
   -26.48832
   -26.24174
   -25.83104
   -25.97167
   -27.83612
   -27.23386
   -26.46410
   -26.71839
   -25.70376
   -26.87834
   -27.68609
   -27.75800
   -27.14318
   -27.58515
   -28.06130
   -29.16388
   -28.26086
   -28.63265
   -30.01489
   -31.51626
   -32.56685
   -31.98261
   -31.94033
   -32.23385
   -33.34052
   -31.89886
   -32.73611
   -30.44144
   -32.50195
   -32.85320
   -32.02740
   -30.57228
   -31.24220
   -31.01955
   -31.55171
   -32.66388
   -31.98640
   -30.58145
   -32.08059
   -32.53048
   -33.29288
   -33.27425
   -32.48925
   -32.55390
   -32.31756
   -32.65433
   -33.54646
   -33.67860
   -32.10435
   -33.30687
   -29.58744
   -29.49604
   -28.89067
   -29.37761
   -28.94895
   -26.86171
   -28.31484
   -29.99025
   -29.01205
   -29.69993
   -28.41063
   -27.17366
   -27.92055
   -29.35833
   -29.15323
   -26.98066
   -28.74460
   -28.92515
   -28.85298
   -27.02022
   -25.65562
   -26.88884
   -25.23190
   -26.51760
   -26.35187
   -26.56811
   -27.07234
   -26.73181
   -27.96250
   -28.50891
   -26.97932
   -27.20407
   -27.09665
   -26.35956
   -26.00216
   -26.53940
   -26.51028
   -26.65798
   -27.60959
   -27.14373
   -29.52269
   -29.88746
   -30.18417
   -28.83459
   -27.18888
   -27.83664
   -27.76642
   -27.77104
   -28.29769
   -27.62701
   -27.82521
   -27.85814
   -27.42985
   -26.18013
   -25.50988
   -24.04636
   -24.56203
   -24.75763
   -25.25090
   -25.40112
   -25.95108
   -27.02508
   -28.13249
   -27.59752
   -28.24752
   -28.26219
   -26.16767
   -26.04324
   -25.08587
   -26.87391
   -26.01697
   -25.27226
   -23.21924
   -25.13250
   -24.75756
   -24.46373
   -23.69218
   -23.29149
   -23.38962
   -24.24133
   -23.48889
   -22.57207
   -22.75969
   -21.37381
   -19.32749
   -19.57511
   -19.53876
   -18.18551
   -19.37818
   -19.53667
   -17.25970
   -17.35569
   -18.11931
   -19.24946
   -20.51111
   -20.57887
   -20.01651
   -20.42228
   -20.86667
   -19.45410
   -17.37812
   -17.56925
   -16.63219
   -16.77619
   -16.48435
   -15.49729
   -14.49393
   -15.82840
   -16.60945
   -15.75126
   -16.05437
   -16.03283
   -16.30864
   -16.95657
   -17.81686
   -18.05150
   -18.81837
   -18.44208
   -17.54339
   -17.66598
   -16.99767
   -20.08873
   -20.29101
   -22.10106
   -22.49919
   -24.18410
   -24.08759
   -25.09352
   -26.36631
   -26.44439
   -26.09870
   -28.64379
   -27.60021
   -26.45128
   -26.38950
   -26.04325
   -25.46745
   -26.49486
   -25.86948
   -26.46664
   -27.13679
   -27.11515
   -26.46212
   -25.63371
   -25.94578
   -25.53232
   -24.59020
   -26.14341
   -28.68395
   -29.02032
   -29.39368
   -29.06318
   -30.64002
   -29.81391
   -28.82897
   -29.20120
   -29.56776
   -30.04681
   -30.07232
   -29.10144
   -27.98625
   -28.46861
   -29.37249
   -29.73444
   -28.94950
   -27.17554
   -28.69604
   -29.10788
   -27.81769
   -26.91813
   -27.31540
   -25.60369
   -25.67691
   -26.21468
   -26.07749
   -26.43570
   -25.23498
   -26.67382
   -26.82556
   -26.75546
   -27.43699
   -28.53898
   -28.02340
   -27.13381
   -26.35308
   -26.25649
   -24.73917
   -24.45583
   -25.35512
   -24.29413
   -24.66221
   -23.36894
   -22.64960
   -23.50624
   -23.17641
   -23.92885
   -25.17813
   -26.20625
   -27.08254
   -27.91398
   -25.84711
   -27.50380
   -28.84712
   -27.86723
   -28.70900
   -29.25827
   -29.48214
   -28.51376
   -27.43093
   -26.68275
   -25.46829
   -25.21171
   -25.18028
   -25.32102
   -22.51270
   -22.79020
   -23.81715
   -23.26392
   -24.26811
   -23.66100
   -23.84750
   -24.11988
   -25.17558
   -26.25207
   -26.44692
   -25.87270
   -25.04701
   -27.31762
   -27.97566
   -29.68760
   -29.86711
   -29.62261
   -30.77857
   -31.04598
   -31.24421
   -31.64550
   -30.13742
   -31.32955
   -32.55416
   -31.04632
   -33.34333
   -35.34045
   -34.43994
   -33.60596
   -33.18137
   -33.18075
   -32.77332
   -33.17142
   -33.03933
   -31.91166
   -31.65014
   -30.50420
   -29.72761
   -29.41946
   -28.74327
   -29.22394
   -29.16323
