    +0.97737
    +7.67786
    +3.61511
    +0.39093
    +0.75034
    +1.50111
    +0.61103
    +0.38325
    +4.01486
    +0.14751
    +3.27024
    +0.06326
    +1.90695
    +0.31099
    +1.31813
    +0.47253
   +27.67282
    +5.50568
    +0.61556
    +2.27361
    +1.09670
   +53.09653
    +0.10501
    +0.57795
  +150.44762
    +0.59909
    +3.99156
    +1.63069
   +17.81561
    +0.65840
    +0.48555
    +0.74301
    +6.57220
    +0.15326
    +1.05037
    +0.97948
    +0.72676
    +0.57758
    +1.33678
   +15.77660
    +0.80424
    +0.39857
    +0.28902
    +4.67827
    +0.68446
    +0.62172
    +0.65480
    +1.43337
    +2.24286
    +0.29397
   +98.44841
    +2.92075
    +5.83480
    +0.07774
    +1.04886
    +0.08684
    +0.02574
    +3.34861
    +0.23329
    +1.80272
    +0.77643
    +0.35516
    +1.04045
    +0.19459
    +1.93108
    +0.94094
    +0.58597
   +23.57322
    +3.20743
    +0.11673
    +6.50896
    +0.69072
    +0.96259
    +0.35946
    +1.50290
    +0.18942
    +1.52184
    +0.06751
    +0.47661
    +1.13943
    +4.20458
    +0.22847
    +0.80859
    +7.64316
    +0.71167
    +2.03690
    +1.24248
    +1.54902
    +1.77946
    +0.11905
    +7.91287
    +0.31424
    +1.95790
    +1.37757
    +0.58348
   +14.12675
    +0.98121
   +48.83464
    +0.81880
    +2.76097
    +0.01119
    +0.56864
    +0.31018
    +0.25315
   +47.34949
    +0.52575
    +0.77132
    +7.34434
    +1.55618
   +10.21987
    +0.67409
    +0.52217
    +5.39700
    +1.05563
    +0.35779
    +0.25737
    +0.05654
    +0.11781
   +50.59109
    +0.32852
    +1.37626
    +2.17187
    +0.22819
    +0.03394
    +0.15355
    +0.61341
    +1.87967
    +6.36178
    +4.82735
    +1.09763
    +9.85257
    +5.43891
   +10.87168
    +2.01436
    +3.13371
    +1.44642
    +0.13436
    +0.46401
   +65.35666
    +7.45362
    +0.84513
    +0.40031
    +1.05810
    +0.64333
    +0.06794
   +67.90037
    +6.53941
    +0.30564
    +0.63553
    +0.25156
    +0.47969
    +0.62555
    +2.37565
    +9.69610
    +0.15124
    +2.49445
    +1.37614
    +4.96062
    +0.16459
    +1.12103
    +1.47833
    +0.84983
    +0.16930
    +0.43756
    +2.68643
    +1.53485
    +0.08261
    +0.06196
    +0.46373
    +0.22602
   +14.16220
    +1.29684
    +0.66400
    +0.16088
    +2.17976
    +0.61646
    +1.16843
    +0.58201
    +2.72431
    +2.09748
    +0.01951
    +2.62610
    +2.22209
    +1.80832
    +3.29998
    +0.07844
    +0.77080
    +1.21599
   +20.79174
    +0.44646
    +0.84683
    +0.31238
    +2.02725
    +0.14027
    +4.78363
    +0.21639
    +1.62295
    +1.73155
    +0.47270
    +0.75364
    +0.48351
    +0.60381
    +6.17928
    +1.27584
    +1.32395
    +2.67035
    +0.44709
    +8.35082
    +0.47165
    +5.56253
    +1.09825
    +0.13928
    +0.51873
    +0.37069
    +0.74678
   +57.65055
    +6.49961
    +1.89137
    +0.20962
    +0.63997
    +0.31493
    +1.25192
    +1.74420
    +1.47781
    +0.09605
    +0.52796
    +0.34779
    +0.14907
    +0.01490
    +0.75379
    +1.09344
    +0.64265
    +5.10328
   +11.81210
    +0.46859
    +0.83744
   +18.21575
    +5.17928
   +42.70351
    +0.31993
  +177.32376
   +70.21542
    +0.18004
    +0.15446
    +1.34521
    +1.39438
    +0.20376
  +204.42092
    +0.47596
    +0.68926
    +0.52798
    +0.12160
    +6.57835
    +0.70619
    +1.66386
    +1.98657
   +12.76137
    +0.51313
    +0.28016
    +0.08779
    +0.06936
    +0.50063
    +1.06569
    +0.15193
    +1.46245
    +0.93603
    +1.22309
    +2.06054
    +0.49530
    +6.28413
    +0.56872
    +0.60924
    +1.59280
    +0.77001
    +0.57705
    +0.39837
    +0.45261
    +0.84249
    +6.04224
    +0.22765
    +0.56400
    +0.48393
    +0.17036
    +1.09269
    +7.32126
    +0.92181
   +67.69134
    +1.11768
    +1.65202
    +0.31198
    +0.59362
    +5.74469
    +3.95948
    +2.53375
    +2.32933
    +3.60321
    +0.79401
    +1.76910
    +5.30923
    +1.19659
    +0.78915
    +0.18852
    +1.14487
    +0.99609
    +0.40914
   +26.79050
    +1.14543
    +0.01242
   +42.59117
    +0.18302
    +0.78373
    +0.50866
    +0.06427
    +0.76415
    +0.53744
    +0.09808
    +1.50400
  +254.09859
    +0.05797
    +7.95779
    +0.69589
    +0.11544
   +13.25084
    +0.39580
    +0.48835
    +2.32379
    +0.45561
    +2.97986
    +0.77049
    +0.08128
    +2.50639
    +1.40188
    +0.36754
    +0.07298
   +18.19872
    +0.37142
    +3.65941
    +1.15298
    +1.88953
    +0.91960
    +1.03358
    +0.15866
    +0.08404
    +5.41401
    +1.07626
    +0.64510
    +0.83056
    +2.75745
    +0.58719
   +16.92188
    +1.45122
    +0.54807
    +0.01705
    +0.28867
    +4.68526
    +0.31847
    +0.10495
    +3.30013
    +5.73690
    +3.88898
    +0.25425
    +3.82027
    +1.61116
    +1.00935
   +63.41045
    +1.75649
    +1.45540
   +19.73251
    +0.36341
    +5.19971
    +0.74432
    +0.18691
    +2.80284
    +0.55266
    +3.31827
    +5.08295
    +4.73811
    +0.29885
    +0.55242
    +0.52229
    +5.73457
    +3.74439
    +0.07593
    +0.20277
    +0.45742
    +1.71300
    +1.19103
    +0.31462
    +0.50540
    +0.93355
    +0.48371
    +0.38772
   +21.26047
    +2.04948
    +1.81107
    +1.68450
    +0.11574
    +0.08284
    +0.43903
    +0.28986
    +1.08451
    +0.12480
    +2.67720
    +6.27250
    +1.75193
    +3.65676
    +0.75700
   +12.03684
    +0.34150
    +4.97057
    +0.71342
    +0.38984
    +2.29057
    +0.13913
    +6.46613
    +0.62549
    +0.05397
    +0.97282
    +0.02566
    +0.85396
    +3.71928
    +1.56898
    +0.76846
    +0.12172
    +0.56749
    +0.26972
    +0.85150
    +6.39783
    +0.38404
    +0.95063
    +0.60209
    +0.42600
    +0.94610
    +0.49088
    +1.18064
    +0.56533
    +0.06982
    +3.06978
    +0.57625
    +5.60636
    +2.44244
    +1.65634
    +0.01319
    +0.47838
    +0.24271
    +5.09934
    +0.09193
    +5.47934
    +0.42257
    +0.06248
    +0.81059
    +0.65499
    +0.42973
    +7.88167
    +0.88629
    +1.41465
    +1.54535
    +1.16473
    +0.45904
    +0.53748
    +2.87698
    +0.40099
    +1.69152
   +13.10777
    +2.41013
    +0.07196
    +0.78050
    +0.62447
    +0.33207
    +1.40525
    +1.29236
    +0.43099
    +0.24729
    +1.33270
    +1.87098
    +0.67977
    +6.24580
    +4.82553
    +2.11332
    +0.02488
    +1.61994
    +0.31591
    +0.51769
    +0.62193
    +0.35084
    +6.70312
    +3.37229
    +6.54650
    +7.14485
    +0.88827
    +0.10419
    +0.47089
   +31.35602
    +0.40740
    +4.11939
    +0.59262
   +16.10724
    +7.22199
    +0.63250
   +11.16892
    +1.67161
    +0.52463
    +4.12122
    +3.14438
    +0.32232
    +0.55277
    +1.22660
   +18.08240
    +1.18835
    +8.47652
    +5.19618
   +18.28592
    +0.29327
    +0.47113
    +1.84461
    +0.21377
    +9.40755
    +0.36177
    +1.66821
    +0.03033
    +0.77050
    +0.33122
    +0.20764
    +1.26574
    +0.47355
    +2.19795
    +0.94835
  +992.70517
    +0.77333
    +0.61373
    +0.41706
    +0.25543
    +3.97890
   +78.07748
    +1.80091
   +32.55337
    +0.79906
    +2.42965
   +18.86073
    +0.06790
    +1.90002
  +175.55537
    +1.56291
    +2.35892
    +2.69649
    +1.77982
    +1.72661
   +34.92558
    +6.23220
   +40.36641
    +0.42968
    +0.29149
    +9.15955
    +0.62002
    +0.68696
    +1.82332
    +0.18786
    +0.49916
    +1.03660
    +0.57298
   +18.25881
    +0.07544
    +0.43724
    +1.49108
    +0.87631
    +2.23262
    +2.19524
    +0.05053
    +0.17412
    +0.96981
    +0.24714
    +0.92934
    +0.48080
    +6.33787
    +0.67811
   +27.71373
    +0.98963
    +1.71611
    +6.32571
    +5.22982
    +0.00476
    +1.43336
    +0.18939
    +0.18230
   +71.76972
    +2.56276
    +0.32592
    +1.83146
   +65.66963
    +0.14707
    +2.28871
    +1.55733
    +2.01835
    +1.58309
    +4.26333
    +3.48400
   +30.61708
   +12.68643
    +1.34988
    +1.34169
    +1.15961
   +12.37207
    +1.05548
    +0.72158
    +0.11509
    +3.21685
    +0.13896
    +0.96227
    +1.97616
    +7.22151
    +2.82884
    +1.07349
    +0.68537
    +0.34070
    +1.59895
    +1.69405
    +0.25262
    +6.87256
    +0.21419
    +0.09061
    +0.71867
    +0.75026
    +0.34691
    +0.40268
    +2.77936
    +1.70507
    +6.02781
    +1.05965
    +0.05197
    +1.41779
    +1.32801
    +2.80909
    +2.23678
    +0.79110
    +0.41523
    +5.39705
    +0.02852
    +0.38273
    +0.35428
    +0.40588
    +0.29144
    +0.36183
    +0.77418
    +0.18863
    +0.27622
    +0.33245
    +4.30157
    +4.48258
    +0.00548
    +8.54899
    +5.02997
    +0.05228
    +0.33065
    +3.64791
    +1.02097
    +3.73002
    +3.11868
    +1.23526
    +0.22665
   +15.62126
    +1.30682
    +0.33644
    +0.17742
    +4.09818
    +9.45983
    +0.43669
    +0.60033
    +9.62469
    +0.30428
    +0.10660
    +3.43508
    +2.35501
    +7.02904
   +10.74124
    +0.03542
    +4.73293
    +1.18060
    +0.80166
    +4.09288
    +1.39053
    +0.95721
    +4.90246
    +2.33211
    +3.17817
    +3.72632
    +0.07471
    +0.37928
    +1.04271
    +5.71470
    +2.45467
    +6.17637
    +3.33455
    +0.06316
    +0.92219
    +1.18569
    +7.60030
    +0.74815
   +10.11233
   +28.62216
    +2.12975
    +0.11307
    +0.79045
    +0.51578
    +0.25766
    +0.25877
    +0.70411
    +0.01325
    +1.06151
    +0.87422
    +0.24306
    +9.82647
   +17.81903
    +0.54058
    +0.28765
    +0.23378
    +1.16247
   +12.05369
    +1.15988
    +0.38739
    +1.16356
    +0.89445
    +0.39818
    +3.53037
    +5.63649
    +0.70957
    +0.22213
    +3.63647
    +0.14262
    +0.31430
    +0.43688
    +0.07284
    +0.56377
    +0.19332
    +1.45118
    +0.78227
   +13.38789
    +0.52846
   +18.31109
    +0.31689
    +0.30137
    +0.20879
    +0.17592
    +9.80795
    +8.31893
    +1.02679
    +2.35374
    +0.14491
  +240.26739
    +4.56603
    +2.54475
    +0.31887
    +2.51097
    +1.78755
    +0.05925
    +0.06601
    +1.08177
    +0.09937
    +0.45088
    +0.03201
    +0.06090
   +43.42067
    +1.76435
    +1.07113
    +2.64300
    +0.26300
    +0.41248
    +0.10769
    +0.28929
    +1.98729
   +52.00177
    +3.55799
    +0.06073
    +0.06470
    +3.98491
   +31.28540
    +0.43948
    +0.51954
    +0.21608
    +0.56376
    +1.43439
    +1.85752
    +5.42922
    +3.24895
    +0.20718
    +0.45473
    +6.27906
    +1.07557
    +0.82531
   +22.21504
    +1.58230
    +1.64573
    +1.32426
    +0.21527
    +2.37895
    +4.17228
    +0.74309
    +0.97580
   +13.23305
    +4.85358
    +0.06568
    +0.60992
    +0.61982
    +6.55470
    +0.40253
    +3.18258
    +0.20031
    +0.44481
    +0.39969
    +0.31170
    +0.60255
    +0.42180
    +0.86013
    +2.39273
    +3.90175
    +0.48634
    +0.41610
    +1.68526
    +1.19879
    +1.94535
    +1.43724
    +0.19601
    +0.20878
    +1.91576
    +0.63380
    +0.36916
    +2.51831
    +2.04732
    +0.35120
    +6.45637
    +0.31894
    +0.75242
    +0.06007
    +8.02213
    +1.91683
    +0.26217
    +0.12564
    +0.38626
   +35.97117
    +2.53328
    +1.23484
   +26.69009
    +3.45960
    +0.14455
    +1.05833
    +1.56307
    +0.24408
  +983.18871
    +3.78968
    +0.10123
    +0.02211
    +4.02594
    +0.82164
    +1.13792
    +2.27582
    +0.39801
    +3.26332
    +0.85287
    +0.54770
    +0.14098
    +0.20361
    +0.47828
    +2.05562
    +0.51259
    +0.60098
    +0.48187
   +11.03212
    +2.34673
    +0.82211
    +0.28443
    +0.00502
    +1.13016
    +1.37438
    +0.36430
    +7.80829
    +0.69043
    +0.55605
    +0.55935
    +0.25101
    +0.33881
    +0.67970
    +1.52237
    +0.59614
    +1.97448
    +1.04945
   +20.92903
    +0.50289
    +2.60374
    +0.32447
    +3.66389
    +1.60408
    +8.98233
    +1.18134
    +1.44331
    +0.99988
    +1.05387
    +0.19116
    +1.55629
    +1.00570
    +0.00064
    +3.57874
    +0.44331
    +0.73290
    +0.19807
    +0.96250
    +9.04920
    +0.16875
   +30.85642
    +0.21135
    +0.63956
    +0.82480
    +1.51738
    +0.43858
    +0.46409
    +1.13531
    +2.72080
    +0.04144
    +1.17458
    +1.61212
    +0.76214
    +4.86650
   +11.13212
    +0.00247
   +50.43055
    +0.50149
    +0.20324
    +5.24287
    +0.53271
    +0.42100
    +1.32063
    +1.16610
    +2.79684
    +1.35950
    +0.83831
    +0.33561
    +0.63982
    +8.16717
    +0.23911
    +1.37436
    +0.39698
    +1.16628
    +1.80072
    +0.10789
    +0.22810
    +0.59933
    +6.06550
    +0.59589
    +0.55135
    +0.70955
    +2.40685
    +0.23402
    +6.99239
    +1.75360
    +0.56892
    +0.20900
    +0.55571
    +0.38806
    +1.08136
    +4.34576
   +20.69906
    +2.74177
    +3.89848
    +4.89221
    +0.75857
    +0.09708
    +0.10874
    +1.17414
    +0.22074
    +1.55215
    +2.70453
    +1.88586
    +0.10988
   +21.87566
    +0.65467
    +8.67633
    +2.16775
    +0.57863
   +12.19858
   +24.89943
    +0.34986
    +0.52454
    +7.31524
    +1.52933
    +0.87217
    +0.64914
    +0.42261
    +7.11468
    +1.42225
    +0.26349
    +0.63888
    +0.32720
    +0.49897
    +0.83885
    +0.84728
    +0.09585
   +11.40304
    +0.66190
    +0.51856
    +0.12305
    +0.51333
    +3.87777
   +25.21060
    +0.90218
    +0.30447
   +11.39508
    +7.00264
    +1.66112
    +0.31068
    +6.28914
    +2.53040
    +0.00208
    +3.35995
    +1.03053
    +0.30551
    +1.98296
  +309.57581
    +1.07995
    +0.15827
    +0.78360
    +1.66771
    +0.59009
    +1.96794
  +247.44592
    +0.06556
   +28.07563
    +3.79639
    +0.12407
    +1.01007
    +0.58245
    +0.75674
    +1.38550
    +1.45562
    +7.46274
    +0.92415
    +0.04594
    +1.45068
    +0.15362
    +0.77752
    +3.80091
    +2.65619
    +7.32848
    +4.78282
    +1.85260
   +14.42999
    +1.54698
    +0.74028
    +5.55418
    +0.08500
    +0.45263
    +0.20446
    +2.15266
    +0.68507
    +0.77496
    +1.03846
    +4.36599
    +2.99345
    +5.74745
   +23.77722
    +4.09271
  +178.34461
    +0.24170
    +2.34834
    +8.16549
    +1.61326
    +0.48319
    +2.03840
    +0.27647
    +0.43386
    +3.85543
   +45.44834
    +1.34930
    +0.38061
    +0.23243
    +1.74721
    +0.48930
    +0.05484
    +2.49949
    +2.95619
    +0.66468
    +0.29176
    +0.70309
    +2.58589
    +0.01253
  +231.96554
    +0.23417
    +3.98514
    +3.79061
   +17.16705
    +6.02441
   +11.50468
    +2.82785
    +2.47071
    +0.54965
    +0.03914
    +7.02214
    +4.87943
    +3.59938
    +1.82371
    +0.81342
    +5.25673
    +0.03836
    +9.39290
   +16.41908
    +0.28372
    +1.47517
    +0.31433
    +1.08059
    +0.09805
    +1.16225
    +1.43941
   +10.57552
    +0.00403
    +0.15260
    +2.32010
   +13.43331
    +0.61928
    +0.40931
    +0.84709
    +3.80230
    +0.75562
    +4.11493
   +13.63738
    +1.15962
    +0.04317
    +1.22321
    +0.36139
    +0.65561
    +0.86404
   +40.21400
    +0.12847
    +0.30257
    +0.55966
    +0.44096
   +20.05922
    +0.15264
    +0.43488
    +5.58804
   +11.23569
    +0.98155
    +0.21839
    +0.68050
    +0.50727
    +0.13692
    +0.51421
    +0.43502
    +0.27556
    +0.63411
    +1.09772
    +0.00964
    +1.94730
    +1.08830
    +0.05698
    +2.28707
    +0.26316
    +0.64529
    +1.18505
    +0.45732
    +1.40410
    +0.03794
    +1.43274
    +0.79288
   +10.13178
   +15.02072
   +14.04867
    +0.90419
    +0.08442
    +0.55575
    +1.48083
    +0.61564
    +0.77586
    +0.02253
    +3.28689
    +2.13735
    +2.15725
    +1.16799
    +0.02820
    +2.58480
   +17.04405
    +1.56086
    +1.96716
    +3.32964
    +2.88360
    +0.62253
    +0.43998
    +0.18908
    +0.23306
    +0.84621
    +4.10164
    +0.46658
    +1.23437
    +1.08715
    +0.49441
    +3.98070
    +0.66096
    +0.25486
    +1.09252
    +0.22310
    +0.16119
    +1.44768
   +40.51045
    +1.62010
    +1.18820
    +0.00518
    +2.75491
    +4.65735
    +0.70693
    +1.78944
    +1.30585
    +9.49324
    +4.04946
    +2.63378
    +0.03100
   +14.68736
    +0.25599
    +0.33469
    +0.47932
    +1.77492
    +1.40142
    +1.26081
    +1.19307
    +5.05176
    +0.77631
    +0.55080
    +1.20384
    +0.83862
    +1.52320
   +74.22027
    +0.01614
    +6.08448
    +1.99798
    +7.33144
    +1.29700
    +0.09024
    +0.53992
    +1.37671
   +11.07146
    +2.16604
    +2.06653
    +6.99198
    +0.10063
    +0.17007
    +0.52261
    +4.02407
    +0.27261
    +0.01981
    +7.04680
    +0.71748
    +0.20738
    +3.07121
    +0.63507
    +8.63973
    +2.78817
    +2.11834
    +0.29712
    +1.34808
    +0.44222
    +2.10004
    +0.47542
    +4.96372
    +6.28339
    +1.97005
    +1.12839
    +5.54374
    +1.96413
    +1.17085
    +0.95686
    +2.27777
    +0.83965
    +0.08014
    +0.23757
    +0.41422
    +4.33165
    +0.94879
    +0.62105
    +0.96603
    +0.68057
    +0.24167
    +5.76983
  +220.24137
    +0.36117
    +1.62460
   +25.43248
    +3.43156
  +730.78640
    +0.15647
    +3.30861
    +1.51933
    +1.11537
  +140.18260
    +7.40287
    +1.06728
    +0.88520
   +13.08435
    +0.72694
    +9.35517
    +1.97237
   +17.43954
    +0.77657
    +0.71065
    +4.65606
    +6.23043
    +0.93073
    +0.09868
    +1.44643
    +1.32556
   +23.57660
    +0.02187
    +0.90235
    +0.55394
    +2.31803
    +2.31950
    +0.94452
    +0.15050
    +0.65625
    +8.16078
    +0.80320
    +2.22038
    +0.03986
    +1.61535
    +0.31033
    +2.39348
    +0.44398
    +0.11808
    +0.21984
    +1.15829
    +2.40548
   +24.23458
    +7.37416
    +0.58047
    +0.53081
   +13.56131
    +0.61902
    +1.57006
    +0.79157
    +0.29528
    +0.29880
    +3.69065
    +0.32800
   +10.72852
    +1.18447
    +0.15759
    +1.76082
    +0.47860
    +5.73268
    +1.37630
    +1.32352
    +1.31117
    +1.46775
    +2.75265
   +12.67393
    +1.08522
    +0.49160
    +0.38774
    +0.33854
   +12.13568
    +5.97646
    +1.20141
    +2.90000
    +0.43789
    +0.09459
    +9.07514
    +0.00704
    +4.04032
    +1.01832
   +41.47378
    +8.30140
    +7.25313
    +2.76707
    +1.79553
   +30.49066
    +3.77366
    +1.07889
    +0.88908
   +29.10067
    +0.66755
    +0.13974
    +0.85637
    +0.75890
    +0.67569
  +100.40032
    +1.82240
    +0.11603
    +1.82802
    +3.13590
    +1.28817
    +0.30193
    +0.13576
    +0.52610
    +1.78548
    +0.22646
    +0.43832
    +3.45338
    +0.59827
    +0.16382
  +693.10306
    +0.44836
    +1.24326
    +0.06221
    +0.34121
    +0.62115
   +29.29245
    +0.17462
    +1.26906
    +0.37451
    +7.49696
    +0.35346
    +1.08231
    +1.25718
    +8.55139
    +1.94432
    +2.25318
   +11.07363
    +3.04473
    +0.44620
    +0.39689
    +0.91660
    +1.18621
    +0.53426
    +4.46370
    +8.81276
    +0.54825
    +0.65412
    +1.25532
    +2.98334
    +0.75330
    +3.88627
    +0.20880
    +0.20827
    +1.35843
    +2.71109
    +3.21974
   +19.21164
    +3.30788
    +0.19948
    +0.35494
    +0.69451
    +0.00832
    +0.16187
    +0.83155
    +0.34421
  +228.35323
    +0.78854
    +1.47775
   +21.68855
    +3.30528
    +0.18464
    +5.08004
    +0.29088
    +3.63789
  +123.96764
    +1.04975
    +0.18993
    +0.11277
    +1.78230
    +0.67720
    +1.64659
    +0.43538
    +4.77879
    +0.51516
    +4.33449
   +25.03142
    +6.91568
    +3.86883
    +1.32051
    +1.31567
    +1.20485
    +0.25712
   +16.77778
    +5.75736
    +0.30883
   +33.41712
    +0.14509
    +4.03288
    +8.21889
    +0.33334
    +0.14759
    +1.52048
    +5.42317
    +0.27244
    +2.00679
    +0.03405
    +0.73803
    +3.31857
    +2.09051
  +645.77443
  +189.39472
    +1.35185
    +0.67719
    +2.68570
    +0.79149
    +1.96815
    +0.14197
    +0.22723
    +0.18408
    +0.55827
    +0.09855
    +0.53779
    +1.46124
    +5.79553
    +0.23886
    +0.87790
    +2.01853
    +0.62060
   +15.14692
    +0.03075
    +2.53061
    +0.92620
    +2.24959
    +5.42005
    +0.01277
    +0.12818
    +7.34741
    +0.86803
    +0.61455
    +1.37800
    +0.08909
    +4.37006
    +0.98888
    +0.11661
    +0.13023
    +0.18978
   +12.16691
    +3.29014
    +0.18839
    +1.61233
    +0.26000
    +0.13328
    +0.52737
    +0.66268
    +1.58504
    +2.46000
    +5.99566
   +14.80817
    +0.07029
    +1.29715
    +3.17099
    +0.02470
    +0.95409
   +43.43113
    +1.87763
    +0.27338
    +1.57289
    +7.72968
    +0.15155
    +2.06887
    +1.64830
    +0.42061
    +1.52684
    +0.20084
    +1.43540
    +2.53753
    +0.24157
    +0.18514
   +23.02344
    +1.06417
    +2.03733
    +4.18271
    +2.51310
    +0.55850
  +990.33076
    +0.81945
    +0.22244
    +1.40685
    +1.81394
    +1.09156
    +7.67807
    +1.38332
   +26.57572
   +65.87765
    +1.57927
   +32.20468
    +1.55845
   +19.09766
    +2.32065
    +2.21856
    +1.63818
    +0.95209
    +1.89804
    +0.31522
    +0.28292
    +0.04978
    +0.44416
    +0.58861
   +59.61584
    +4.16177
    +1.14206
   +26.38489
    +0.71898
    +0.47683
    +1.11534
    +0.83726
    +1.19193
    +7.04579
    +1.14523
    +0.26733
    +8.42895
    +1.42829
    +0.51664
    +1.36698
    +0.61892
    +2.89732
   +12.49112
    +0.38586
    +0.31605
    +1.17739
    +0.44672
    +0.69268
    +0.81162
    +0.36720
    +2.03353
   +24.53913
    +9.36905
    +1.03589
    +0.56746
    +2.14105
    +0.71670
    +4.37513
    +2.41803
    +0.79545
    +2.35379
    +1.36508
    +1.36493
    +2.00445
    +4.91001
    +9.38217
  +179.42904
    +0.06781
    +2.66109
    +1.66953
   +20.24534
    +1.53115
    +0.19991
   +26.37302
    +0.19958
    +0.96742
    +0.13138
    +0.41773
   +16.23747
    +0.65847
    +9.86030
    +0.18829
    +1.59753
    +2.27100
    +8.27852
    +0.44026
    +0.70800
    +4.01477
    +2.07861
    +0.43337
    +0.50707
    +0.70828
    +1.27735
    +0.55795
    +2.15423
    +0.21363
    +1.20655
    +0.05310
   +42.22361
    +0.33382
    +0.92487
   +37.36886
    +1.24650
    +0.52947
  +255.47144
    +2.16012
    +0.64632
    +0.15187
    +0.21552
    +0.41860
    +1.32879
    +1.01264
   +25.09141
    +0.09903
    +0.88221
    +0.91860
    +0.86468
    +0.15902
    +0.53935
    +3.35763
    +0.73759
    +0.08001
   +20.99381
    +0.33045
    +0.27248
    +1.94433
   +16.62210
    +0.50228
    +0.39757
    +3.06883
    +0.28126
    +0.42849
    +0.65757
    +1.56329
    +0.07035
    +1.77426
    +3.87321
    +1.30387
    +0.44206
    +1.57894
    +0.35301
    +4.82674
    +8.07263
    +0.77338
    +2.50874
    +1.71313
    +0.37810
    +3.78171
    +1.58477
    +3.06380
    +2.48961
   +16.91927
    +1.70597
    +1.55812
    +1.90429
    +0.37587
    +0.97877
    +0.03022
    +0.32195
    +0.18754
    +2.17131
    +4.43667
    +0.27800
    +0.01321
    +3.08391
    +2.94344
    +0.23303
    +2.76560
    +9.75479
    +2.52095
   +13.73658
    +1.67055
    +0.32182
    +0.22835
    +0.55803
    +0.61485
    +0.02492
    +1.90082
    +2.05490
    +0.45648
    +1.76220
    +0.60243
    +0.03861
    +1.16694
    +2.33974
    +1.02357
    +2.17920
    +0.11261
    +0.08568
    +1.41030
    +1.20560
    +0.33048
    +0.09236
    +0.13398
    +0.29185
    +1.79459
    +6.08610
    +0.65825
    +0.61103
    +4.25262
    +0.09924
   +20.93682
    +7.46143
    +0.21102
  +992.84243
    +0.61237
    +0.84154
   +14.71314
    +2.39257
    +0.36086
    +0.67831
    +8.59366
    +0.35745
    +0.57972
    +0.81819
    +0.49588
    +0.73652
    +4.15679
    +1.75551
    +2.61006
    +1.66050
    +4.43953
    +0.35047
    +6.68633
    +0.14845
    +1.00772
    +7.70699
   +29.67136
    +1.64646
    +7.21458
    +0.49744
    +0.52634
    +0.78064
    +2.86752
    +0.21290
    +0.98695
    +4.80980
  +263.97889
    +0.69209
   +14.97497
    +4.62011
    +0.80314
    +1.36271
    +0.76875
    +3.25210
    +0.92713
    +0.95344
    +2.79531
    +0.77064
    +0.01861
    +2.20215
    +1.83283
    +2.37669
    +7.41087
    +0.07278
    +0.46798
   +10.71529
    +0.26543
    +0.45235
    +0.62340
    +0.05579
    +0.55736
    +2.46111
    +0.36297
    +0.53460
    +0.84385
    +2.22436
    +1.23646
    +3.27835
    +4.09727
    +0.37485
    +0.08483
    +1.86428
    +0.51019
    +0.58317
    +1.08679
    +4.60912
    +1.16681
   +10.23389
    +0.88662
    +1.87695
    +1.57929
    +3.01131
    +0.18409
    +0.92221
    +2.22291
    +0.36360
   +51.02017
    +0.07320
    +1.17507
    +1.12941
    +0.00693
    +0.62494
    +5.04941
    +0.39206
    +1.74832
    +0.18354
    +2.43543
    +0.57643
    +1.22764
   +11.17481
    +0.60431
    +0.81598
   +24.37057
    +0.83182
    +0.83437
    +0.83805
    +0.37432
    +1.07718
    +0.08543
    +0.86185
    +1.19399
    +2.46145
    +1.66875
    +0.32790
    +1.38578
   +34.90645
    +1.29784
    +0.96684
   +10.28171
   +11.89981
   +19.75707
    +0.46423
    +0.50983
    +2.00677
    +1.84759
    +0.08030
    +1.12589
    +0.18622
    +0.03360
   +13.59706
    +0.83413
   +13.81021
    +0.98409
   +23.82085
    +1.37011
    +0.86554
    +0.29680
    +4.34361
    +2.64120
   +28.20573
    +0.16125
    +0.39967
    +1.76661
    +3.97085
    +3.54543
    +0.80844
    +0.11985
    +0.47139
    +0.41718
    +0.33117
    +0.81156
    +0.20792
    +0.81420
    +0.46760
    +1.16385
    +2.22033
    +0.13045
    +0.60110
   +13.96726
    +1.55464
    +2.19639
    +1.40114
    +0.19235
    +1.53265
    +0.11051
    +1.36495
    +0.22034
    +1.72599
   +13.99965
    +2.45936
    +0.10359
    +0.00463
    +5.93755
    +5.48247
    +4.84874
    +1.06697
    +0.50347
    +1.65283
    +0.73686
    +1.21761
    +1.57993
    +0.16364
    +2.09113
   +16.38767
    +0.25317
    +1.59273
    +1.21284
    +0.78002
    +2.01195
    +2.79636
    +0.88642
    +0.23888
   +48.84176
    +0.87087
    +1.67305
    +2.95438
    +1.61638
    +0.88787
    +0.11580
    +2.29880
    +0.76363
    +0.73533
    +2.73417
    +3.14597
    +3.30464
    +5.66039
    +0.18709
    +0.45643
    +1.33444
   +33.23761
    +5.17277
    +0.31893
  +293.95037
    +0.90750
    +5.45327
    +6.49699
    +1.44056
    +0.46931
    +0.89308
    +0.74985
    +1.21221
    +0.70372
    +0.27610
    +1.82806
    +0.45854
    +0.59387
    +5.75136
    +1.33141
    +0.94475
    +0.26857
    +0.20984
    +1.53185
    +0.95597
    +0.38110
    +0.52114
    +9.69250
   +15.97835
    +0.28777
    +0.16378
    +0.92238
    +0.97665
    +5.18973
    +3.77489
    +0.87483
    +0.11609
   +36.53093
    +3.09495
    +0.73914
   +24.68979
    +6.27241
    +1.71970
    +0.78888
    +1.03188
    +1.63417
    +0.22699
    +0.50380
    +3.74731
    +0.11799
    +7.67760
    +0.55781
    +0.78139
    +3.50994
    +0.28175
    +7.94768
   +10.37989
    +0.13781
    +0.28871
    +0.43193
    +1.44018
    +3.64301
    +0.22542
    +0.41807
    +0.54677
    +0.03887
    +0.52121
    +1.46074
    +0.60926
    +2.18997
    +0.47762
    +0.89738
    +0.12652
    +0.50182
   +44.18068
    +0.82197
    +0.26742
    +0.52013
    +0.18665
    +3.10857
    +0.28066
    +0.05322
    +0.49664
    +0.84135
    +1.81784
    +1.47666
  +208.34579
    +1.83111
    +0.23267
   +11.88905
    +0.91940
    +0.51894
    +0.70973
    +0.97127
    +0.54705
    +3.27087
    +1.10009
    +0.16824
    +1.64816
    +0.15593
   +11.79741
    +2.97702
    +1.10790
    +3.82050
    +0.56472
    +1.43360
    +2.28450
    +0.14593
    +0.40113
    +5.64039
    +0.12894
    +4.95482
    +1.19338
    +0.56596
    +3.08237
    +0.01908
    +0.74720
   +12.96068
    +1.06972
    +3.15192
    +2.22323
    +7.46777
    +1.19623
    +1.45177
    +0.24749
    +0.11916
    +0.29397
    +1.42234
    +0.49456
    +0.86501
   +29.01369
    +1.90985
    +4.37641
    +0.18816
    +0.07007
    +2.63143
    +0.33094
    +0.41402
    +1.39566
  +118.49287
    +0.13236
    +3.02896
    +0.45208
   +11.68383
    +0.60672
    +1.66882
    +8.28256
    +2.18075
    +0.24004
    +3.62373
    +1.72610
   +18.36002
    +0.96008
    +7.29959
   +14.21539
    +0.33510
    +2.56536
    +3.94237
   +14.62755
    +0.45572
    +3.31543
    +0.46139
    +0.52016
    +1.07403
    +0.99234
    +0.07364
    +8.00363
    +6.24063
    +0.11377
    +2.18922
    +2.36753
    +0.50871
    +0.97526
    +0.20850
    +0.32901
    +0.81955
    +0.54745
    +0.09488
    +0.69364
    +2.10761
    +1.86577
    +1.21499
    +0.02782
    +0.17074
    +0.98527
    +1.15148
    +1.99922
  +115.26802
    +0.38353
    +0.79532
    +0.34804
    +0.47853
    +0.00302
    +0.81979
    +1.20874
   +13.45426
    +1.57068
    +0.33785
    +0.68131
    +1.97430
    +0.30300
    +0.95437
    +1.57546
    +0.49240
    +0.02294
    +0.23002
    +0.24999
   +12.34388
    +3.28086
    +1.97812
    +0.61606
    +0.02268
    +0.39129
    +1.72362
   +20.01785
    +4.29245
    +1.16047
    +1.56971
    +0.03139
    +0.12152
    +2.71551
   +16.70582
    +0.59461
    +3.97166
   +68.92863
    +1.13086
    +2.97042
    +4.98763
    +1.09600
    +0.16568
   +84.42501
    +3.22640
    +0.47872
    +3.29879
    +2.59617
    +1.59334
    +1.84506
    +0.55262
    +0.11010
    +0.13866
    +0.70434
    +0.39203
    +2.84898
    +8.59885
    +0.98930
    +2.88966
    +0.13776
   +67.77383
    +1.99330
    +0.09803
    +0.78359
    +0.55544
    +1.94076
    +0.46227
    +0.18577
    +0.19020
    +0.32400
    +0.29393
   +15.17792
    +2.29780
    +1.38862
    +0.67512
    +1.26037
    +0.69173
    +0.82755
   +29.41862
    +0.02402
   +10.42232
    +0.77695
    +0.77691
    +0.81995
    +0.81695
    +0.93743
    +8.54364
    +2.79678
   +17.05245
    +0.06693
    +1.83251
   +19.09066
    +1.96259
    +0.78659
    +1.27127
    +0.73711
    +3.86165
    +0.70161
    +0.28843
    +4.61479
    +1.29366
    +2.91598
    +0.85823
    +3.89546
    +0.07571
    +1.25363
    +1.28643
    +0.75275
    +1.48074
    +4.45004
    +0.13018
    +1.89737
    +0.03431
    +0.37781
    +0.94498
   +14.61402
    +1.41153
   +20.55975
    +1.96720
    +0.44821
    +1.82878
    +0.94215
    +1.69408
    +0.90493
    +1.05909
    +1.66025
    +0.00118
    +5.41574
    +1.46770
    +1.25774
    +0.14811
   +66.75597
    +0.41773
    +0.47865
    +1.78424
    +4.43805
    +1.07752
    +7.97277
    +5.98935
    +0.46710
    +0.15892
    +0.21333
    +0.21558
  +507.11744
    +0.09149
    +0.19248
    +0.68422
    +5.51320
   +11.26111
    +1.20301
    +1.28299
    +2.31725
    +0.00243
    +1.71535
   +14.61351
    +0.22039
    +0.58867
   +10.90903
    +0.56921
    +1.28595
    +0.23043
    +0.55217
    +1.31953
    +0.42871
    +0.38475
    +4.37966
    +1.85597
   +10.89932
    +0.72052
    +4.03265
  +124.49051
    +0.88537
    +2.45549
    +0.19785
    +0.87373
    +0.22496
    +0.11252
    +0.70832
    +1.18465
    +1.42409
    +0.91771
    +0.23665
    +2.96115
    +0.05071
    +1.56817
    +0.52729
    +0.49672
    +2.54286
    +1.96102
    +0.26125
    +0.85101
    +1.00586
    +0.98701
    +0.03622
    +0.42206
    +1.14226
    +0.76421
    +3.15371
  +118.78727
    +0.20306
    +9.59852
    +5.24275
    +0.54267
    +0.95246
    +0.53884
    +0.18735
    +0.55081
    +0.88344
    +0.69256
    +4.36536
    +0.14684
    +3.43663
    +0.36068
  +198.70667
    +4.38823
    +0.19019
   +24.71304
    +5.16638
    +0.61822
    +0.53840
    +0.05577
    +1.47981
    +0.51503
    +0.48780
   +24.48291
    +0.23009
    +0.68141
    +0.98137
    +2.04633
    +0.48846
    +2.71480
    +0.43556
    +1.48688
    +0.28947
    +0.73153
    +0.68897
    +0.65622
    +0.56872
    +0.17171
    +1.56665
    +2.00565
    +0.34843
    +1.69230
    +0.89455
    +1.45178
    +6.83627
   +39.69538
    +0.29991
    +0.30431
    +1.80453
    +4.26774
    +0.13281
   +14.63586
    +0.51293
    +4.83079
    +0.23411
    +0.47805
    +8.51274
   +10.58253
    +0.01001
    +1.83949
    +7.21749
    +2.22390
    +0.06262
    +0.07842
    +0.38375
    +0.56738
    +4.00284
   +24.32070
    +0.88335
    +1.16525
    +4.27087
    +1.71895
    +0.02626
    +1.23931
    +1.09597
    +0.05797
    +0.23864
    +0.65025
    +2.20878
    +1.55207
    +4.74375
   +12.94974
    +0.66450
   +22.63435
    +0.52488
    +0.09108
    +0.90315
    +0.63189
    +1.18401
    +1.33321
    +0.92273
    +0.09561
    +0.42151
    +0.44135
    +1.50578
   +13.44803
    +1.42560
    +0.18867
    +0.94072
    +1.74152
    +2.62932
    +0.11712
    +0.09597
    +3.11927
    +0.46823
    +1.02889
    +0.04211
    +1.35001
    +4.26051
    +2.26878
    +0.14849
  +238.82846
    +0.65459
    +0.34759
    +7.38716
   +22.47281
    +0.20035
   +97.15370
    +9.48244
    +1.58265
    +1.24106
    +0.41878
    +0.67820
    +0.64895
    +0.51641
    +0.54012
    +3.13877
    +0.14757
    +0.84523
    +1.63229
    +5.79852
    +0.31766
    +1.48028
    +0.37750
    +1.83409
    +1.23745
    +0.29847
   +15.22295
   +19.71955
    +3.86010
    +0.09213
    +1.56843
    +0.01669
    +8.47812
    +0.26027
    +0.59460
    +0.79324
    +1.24104
    +0.27013
    +8.05369
    +0.25135
    +0.61517
    +0.12893
    +1.47025
    +2.28621
   +31.37072
    +2.62006
    +0.29826
    +9.54956
   +22.41978
    +0.46214
    +4.92642
    +0.25051
    +1.82166
    +0.65922
    +0.04845
    +1.33084
    +7.63856
    +1.67313
    +3.23371
    +0.60551
    +3.40149
    +0.66850
    +0.94118
    +5.59602
   +10.45044
    +1.45336
    +0.27083
   +18.27872
    +0.73619
    +1.46864
    +0.28009
    +0.11957
    +0.00671
    +1.12158
    +0.61220
    +0.14661
    +0.70975
    +0.17439
    +0.29976
   +28.60450
    +4.92268
    +0.49610
    +0.46825
    +0.21197
    +0.84420
    +1.22160
    +2.13868
    +0.10911
    +1.27815
    +0.24719
    +0.03234
    +0.45996
    +0.72690
    +0.11054
   +10.48631
    +0.84270
    +0.44440
    +0.28576
    +0.01441
    +1.31549
    +0.77531
    +1.59021
    +1.13074
    +0.96510
    +3.68125
   +11.52708
    +1.63570
    +2.58082
    +0.46500
    +0.83984
   +10.21562
    +0.50688
    +0.95667
    +5.50295
    +2.68473
    +7.34577
    +2.77989
    +1.73679
    +0.59532
    +0.26346
    +0.29973
   +15.44607
    +2.37414
    +3.86090
    +8.08648
    +6.11815
    +2.47306
    +9.97718
    +0.50015
    +0.38863
    +1.36641
    +2.25454
    +4.13589
    +1.13359
    +8.20896
    +1.46127
   +28.50494
    +0.01321
   +11.32327
    +1.14530
    +3.34660
    +0.96241
    +1.37488
    +3.70388
    +7.21522
    +0.56883
    +1.41972
   +18.41826
    +0.72732
    +2.89611
    +2.10382
    +5.37218
    +2.16199
    +1.68846
    +1.06924
    +4.33493
    +0.01323
    +0.66097
    +0.50570
    +0.33678
    +0.79990
  +117.85818
    +7.62356
    +1.67279
   +18.24903
   +71.28070
    +0.30068
    +1.88435
    +0.07946
    +1.52338
    +2.82495
    +0.39747
    +0.14270
    +1.50216
    +2.09240
    +0.66652
   +14.45964
    +0.45080
    +0.03811
    +0.88911
    +3.05866
    +0.40260
   +84.67282
   +13.24142
    +0.00381
   +17.16391
    +0.28745
    +0.06978
    +5.97536
    +1.13739
    +0.51422
    +1.64754
   +13.73634
    +0.02973
    +0.24671
    +5.81633
    +0.63363
    +0.02234
    +0.53010
    +0.67459
    +5.10793
   +15.96463
    +0.66959
    +0.92590
    +0.30958
    +7.41614
    +0.59448
    +0.08479
    +6.99661
    +1.56814
    +0.44816
    +0.09272
    +9.47398
    +1.68190
    +0.15117
    +2.59782
    +2.98461
    +1.54081
    +1.58657
    +0.41024
    +0.13050
    +1.03710
    +0.53056
    +0.05381
    +0.13296
    +1.14374
   +14.29688
    +5.59815
    +0.94033
    +1.18390
    +0.90584
    +0.22687
    +2.29886
   +12.34183
    +1.38990
    +0.91424
    +0.21364
    +0.72251
    +2.32860
    +0.08040
    +0.55075
    +0.32859
    +0.64905
    +0.23655
    +3.92036
    +0.00408
    +1.62859
  +992.21851
    +2.57548
   +15.45642
    +1.41568
    +2.49719
   +17.88140
    +1.13905
    +1.49469
    +0.12839
   +87.94543
    +1.85323
    +0.05921
  +134.13398
    +0.24680
   +22.80234
    +0.08976
   +15.44906
    +0.81901
    +0.00296
    +9.84057
    +4.56638
  +164.20321
    +0.49713
    +0.50545
    +0.59263
    +0.56941
    +0.65588
    +0.39997
   +23.93281
  +212.10104
    +2.95759
    +0.97799
    +0.02680
    +0.49078
    +0.10111
    +1.17229
    +3.43222
    +1.07335
    +2.12014
    +0.86569
    +1.02444
    +5.46564
    +0.97518
    +0.63069
    +1.39995
    +0.55733
    +1.04474
    +8.56335
    +2.55293
    +0.42882
    +0.50051
    +1.27765
    +0.03881
    +0.37343
    +0.15032
    +0.04667
    +1.92948
    +1.38719
    +0.56970
    +0.43098
    +0.86029
    +0.59956
    +7.37973
    +0.04508
    +0.49979
    +0.32905
    +0.78721
   +61.65445
    +7.20242
   +13.74043
    +1.03745
    +2.30094
    +0.55891
    +0.74964
    +0.18004
    +0.53571
    +9.55569
    +1.85505
   +29.75022
    +1.47888
  +245.99609
    +1.63520
    +0.43024
    +1.32996
    +1.04273
    +0.18897
    +0.47505
    +0.91982
    +0.38277
    +1.10327
    +7.81013
    +0.30132
    +2.02606
    +0.02041
    +0.63206
    +2.41796
    +4.38465
    +1.12569
    +0.29557
    +0.15307
    +1.14374
    +3.75000
    +2.70579
    +0.23759
    +2.81624
    +0.27091
    +0.25767
    +2.80311
    +4.42031
   +14.32235
    +0.42238
    +1.41794
    +1.19216
    +3.28889
    +1.89612
    +3.04231
    +0.17936
    +2.48257
   +12.89159
    +0.13307
    +0.04071
   +12.02792
   +22.34324
   +14.36803
    +5.85373
    +0.95322
    +0.44728
    +1.19937
    +0.58561
    +9.31066
    +0.96583
    +0.86107
    +3.51333
    +0.11212
    +0.48158
    +2.48451
    +0.26039
    +0.44080
    +0.36768
    +2.94004
    +2.02156
    +0.62703
    +2.51424
    +0.28496
    +4.48329
   +28.97177
    +2.76423
    +0.43940
    +0.05356
    +0.12142
    +0.60371
    +0.37664
    +0.65518
    +0.05498
    +0.20684
    +7.92112
    +0.39299
    +0.75715
    +0.41223
    +0.12301
    +3.23989
    +0.22465
    +0.91857
    +0.30608
    +1.40764
    +2.14237
    +1.48250
    +0.01302
    +1.09539
    +0.09734
    +1.30632
    +7.30714
    +2.08555
    +1.56452
    +2.33377
    +2.43838
    +0.48507
    +0.29642
    +0.57549
    +1.03353
    +0.13940
   +95.54221
    +5.21540
    +1.07829
    +0.86099
   +27.79822
   +13.77573
    +0.30676
    +0.03319
    +6.35579
    +0.75914
    +0.29064
    +1.12425
    +0.19233
    +0.83079
    +2.52028
    +0.78649
    +0.03221
    +0.73352
    +1.97157
    +0.33444
    +0.96619
   +15.85783
    +0.15384
    +0.65598
    +0.09410
    +2.10045
    +0.39705
    +1.20078
    +2.10825
    +0.82111
    +0.40501
    +0.77658
    +0.18281
    +0.27881
    +0.40270
    +2.29519
    +0.10372
    +0.56989
    +0.68376
    +0.35600
    +0.27894
    +1.30823
    +1.56804
    +0.14350
    +2.64444
    +1.88694
    +3.80841
    +0.20760
    +0.87479
    +1.95011
    +0.06486
    +0.11735
    +2.80642
    +0.56120
    +2.68356
    +0.17951
    +0.28224
    +5.37795
    +7.71562
    +0.27734
    +1.12001
    +0.84616
    +0.04558
    +0.99683
    +3.70101
    +0.22637
    +1.06173
    +0.38330
    +2.09637
    +6.83265
    +0.70991
    +1.47876
   +75.16324
    +4.90498
    +0.69852
    +6.90623
    +0.62653
    +0.99107
    +2.41587
    +0.01894
    +0.51196
    +1.08124
    +0.44915
    +0.33231
    +0.13672
    +2.33077
    +4.53369
    +2.58895
    +0.79847
    +8.28703
    +1.11193
    +1.02161
    +1.44839
    +0.04250
    +0.37012
    +0.06510
    +1.03076
    +0.74416
    +1.04776
    +0.16138
    +0.28266
    +0.56083
    +0.56202
    +0.96113
    +4.33670
    +0.44946
    +0.06111
    +1.57102
    +3.71014
    +3.07980
    +0.98991
    +0.35244
   +57.29370
    +0.70965
    +1.25820
    +0.76499
    +1.22704
    +0.97159
    +2.97439
  +539.82493
    +0.66056
   +70.96172
   +10.99597
    +3.73446
    +6.24743
    +0.55162
    +4.00972
    +0.20988
    +3.69514
    +2.35433
    +1.75754
    +2.45180
    +0.24778
    +0.01222
    +0.21730
   +21.89489
    +0.82521
   +48.34106
    +0.78169
    +1.49216
    +3.80374
    +0.17196
    +0.56846
    +4.63648
    +3.63788
    +0.22358
    +3.34491
   +31.31765
    +5.85899
    +0.87117
    +0.89774
    +0.83714
    +0.29969
    +7.50508
    +0.24488
    +0.14509
    +0.28625
    +6.16606
    +0.94238
    +1.55132
    +0.87326
    +1.57877
    +1.01642
    +0.72664
    +3.01581
    +0.10892
    +0.00117
    +4.67183
   +19.51208
    +1.13546
    +3.55999
    +0.50387
   +12.92197
    +0.65139
    +0.55728
    +1.98590
    +0.14859
    +0.02626
