+7.00304518E-01
+2.34444607E+00
+1.02718787E+00
+1.16478096E+00
+1.80363474E+00
+1.63462232E+00
+1.71428738E+00
+2.13101945E+00
+1.67651874E+00
+8.98527215E-01
+2.79732562E+00
+9.19260954E-01
+4.79984635E+00
+9.69714782E-01
+7.56456180E-01
+1.72978828E+00
+1.40695353E+00
+3.62378238E+00
+1.95287023E+00
+3.80202653E+00
+1.74171806E+00
+9.57832039E-01
+2.16677271E+00
+1.19270736E+00
+1.81152751E+00
+2.94720141E+00
+1.78574088E+00
+3.87872826E+00
+6.77520528E-01
+1.44892223E+00
+2.70349715E-01
+1.82538984E+00
+6.94364750E-01
+1.88925290E+00
+7.05874472E-01
+9.79031769E-01
+2.26000515E+00
+7.52940724E-01
+4.48407099E-01
+3.86155900E+00
+6.41190140E-01
+1.52861063E+00
+3.31974795E+00
+5.69118728E-01
+2.05807541E+00
+5.71129262E+00
+1.51346815E+00
+7.42092569E-01
+8.08883984E-01
+4.66638160E+00
+1.19498796E+00
+4.28461341E+00
+1.49700684E+00
+1.60208454E+00
+5.52034094E-01
+2.41601026E+00
+9.85487632E-01
+1.23067560E+00
+7.65252960E-01
+1.89742859E+00
+4.51288959E-01
+4.74243615E-01
+1.49421850E+00
+2.70704933E+00
+4.49298920E-01
+2.61026103E+00
+3.15356744E+00
+3.08229815E+00
+2.66832151E+00
+3.28993689E+00
+3.36123860E+00
+3.86608797E+00
+7.11407369E-01
+3.15864532E+00
+1.24980633E+00
+6.67819565E-01
+2.48975530E+00
+2.95250163E-01
+2.72336363E+00
+1.14074384E+00
+1.27504220E+00
+2.59797124E+00
+1.24141822E+00
+1.05539037E+00
+2.60788693E-01
+3.25904395E+00
+8.35770923E-01
+1.62322303E+00
+3.67607816E+00
+4.59639742E+00
+3.55484258E+00
+3.17010853E+00
+2.48332171E+00
+4.06463859E+00
+2.75223503E+00
+2.01016384E+00
+3.04366547E+00
+3.32630174E+00
+1.44260088E+00
+3.54435757E+00
+9.57087572E-01
+3.93037005E+00
+1.75376074E+00
+9.21915051E-01
+2.57080067E+00
+2.63353915E+00
+1.31181031E+00
+4.17146558E-01
+1.75398661E+00
+6.93307413E-01
+1.47677181E+00
+3.56754890E+00
+2.04483658E+00
+2.91799301E+00
+2.24897135E+00
+7.59058475E-01
+1.94908965E+00
+4.12218518E+00
+1.17277564E+00
+3.89858957E-01
+4.85091148E+00
+7.60521306E-01
+1.54959801E+00
+1.11350730E+00
+7.79041877E-01
+1.05341472E+00
+2.80400640E+00
+2.70652412E+00
+2.47224061E-01
+1.95512589E+00
+1.62014202E+00
+1.23126393E+00
+3.61724713E+00
+2.65120734E+00
+2.14725450E+00
+8.47652462E-01
+2.05292712E+00
+5.11161576E+00
+4.62770328E-01
+1.38263425E+00
+4.11296953E+00
+1.81348543E+00
+2.27354344E+00
+4.34433590E-01
+3.58960062E+00
+1.81525619E+00
+2.90645422E+00
+1.36496314E+00
+1.84880640E+00
+4.02491677E+00
+1.28358021E+00
+2.05281362E+00
+8.33178884E-01
+2.00523926E+00
+7.54374466E-01
+8.65975331E-01
+1.43017627E+00
+8.22361806E-01
+5.71598625E+00
+9.07448599E-01
+4.05484480E-01
+2.51624084E+00
+4.49840336E+00
+6.05093208E-01
+6.69797996E-01
+2.50701324E+00
+1.30144417E+00
+2.22159870E+00
+1.04040861E+00
+5.54569085E-01
+3.30955737E-01
+9.10575950E-01
+5.86771788E+00
+8.19370944E-01
+2.75480638E+00
+8.84285472E-01
+2.79109264E+00
+1.11816088E+00
+2.08750315E+00
+1.99616537E-01
+2.15707516E+00
+4.86062405E-01
+2.05079043E+00
+1.76298267E+00
+4.82553759E+00
+1.04879029E+00
+1.67637079E+00
+2.43651194E+00
+1.50598107E+00
+1.66462313E+00
+7.85171455E-01
+2.67327771E+00
+1.71930588E+00
+3.40391294E+00
+3.26148058E+00
+1.38481216E+00
+2.50037837E+00
+2.40028398E+00
+3.15149132E+00
+1.89360621E+00
+1.46834502E+00
+9.03905881E-01
+1.49567240E+00
+2.71098529E+00
+3.39682220E+00
+5.65522771E+00
+2.42684658E+00
+1.43818548E+00
+9.13101527E-01
+1.70303344E+00
+2.37973990E+00
+4.95249632E-01
+1.34627847E-01
+4.08146121E+00
+2.81025230E+00
+2.89179529E+00
+5.12511518E-01
+3.56135495E+00
+1.15647988E+00
+3.23753064E+00
+1.45056634E+00
+2.40792406E-01
+6.19402632E-01
+1.66703117E+00
+1.42202942E+00
+6.63569256E+00
+6.33605196E+00
+3.68148875E+00
+2.74141124E+00
+2.89367368E+00
+1.22370312E+00
+3.82805998E+00
+3.62774634E+00
+2.07883296E+00
+1.49467901E+00
+5.98949246E-01
+2.38869045E+00
+2.63087955E+00
+2.40176697E+00
+1.29289935E+00
+1.58367822E+00
+5.63281865E-01
+2.03742760E+00
+3.16708664E+00
+2.92769069E+00
+1.58043181E+00
+1.70108909E+00
+2.27774607E+00
+7.51706285E-01
+3.26189362E+00
+2.13891132E+00
+2.51724204E+00
+1.83524512E+00
+2.65080821E+00
+2.11102891E+00
+4.92406322E-01
+4.27277970E+00
+5.52324294E-01
+1.01770104E+00
+1.22111574E+00
+1.93839078E+00
+3.91075694E-01
+2.82292655E+00
+4.38228499E+00
+4.78256056E-01
+3.64085001E-01
+2.60017429E+00
+2.48059910E+00
+1.59853163E+00
+1.44122378E+00
+4.33779058E-01
+3.62315926E-01
+3.65075077E+00
+4.53185729E+00
+7.79820518E-01
+1.61517850E+00
+1.68535078E+00
+6.72087404E-01
+1.01631075E+00
+7.88490472E-01
+9.92753328E-01
+2.69170292E-01
+3.81347638E+00
+3.43885629E+00
+2.31602478E+00
+5.97354361E+00
+2.73764424E+00
+5.89788797E+00
+3.00191654E+00
+1.57639552E+00
+1.19107287E+00
+2.51545714E-01
+9.58667498E-01
+2.17244938E+00
+6.78838276E-01
+8.07935900E+00
+5.54259950E+00
+9.23762684E-01
+9.10622808E-01
+3.47804995E+00
+8.02996570E-01
+2.06369062E-01
+4.94515533E-01
+1.58173940E+00
+8.19928262E-01
+2.31078040E+00
+1.64313666E+00
+1.78855263E+00
+2.50873604E+00
+1.35881179E+00
+1.23173398E+00
+2.25891609E+00
+6.70157511E-01
+5.54146043E+00
+6.55403325E-01
+2.39472129E-01
+1.49413749E+00
+4.48975363E+00
+1.07204457E+00
+1.90992805E+00
+6.00542521E-01
+3.58191824E+00
+1.22483610E-01
+3.10561555E+00
+2.15247723E+00
+9.65005671E-01
+1.97414726E+00
+2.40815693E+00
+3.18359270E+00
+2.05470212E+00
+2.33517068E+00
+2.30928970E-01
+8.48206995E-01
+1.08823316E+00
+1.55861047E-01
+1.81955863E+00
+3.16121471E+00
+2.92051435E+00
+1.33076873E+00
+5.87519940E+00
+4.94626922E+00
+1.22395390E+00
+1.31871956E+00
+1.11967329E+00
+1.71698218E+00
+2.56696472E+00
+1.09260645E+00
+2.91228983E+00
+8.28789570E-01
+7.57357555E-01
+1.28113318E+00
+4.12828510E-01
+2.29505813E+00
+9.12953490E-01
+1.32096053E+00
+1.83301812E+00
+9.72173382E-01
+1.38083053E+00
+3.04152831E+00
+1.84087255E+00
+6.45153938E-01
+8.58753645E-01
+4.82875686E-01
+1.52571881E+00
+1.83762644E+00
+2.98939569E+00
+3.22128474E+00
+2.85879125E-01
+3.49576108E+00
+5.29176202E-01
+1.69329910E+00
+3.60183686E+00
+2.60633557E+00
+1.58867673E+00
+4.37556249E+00
+3.54822198E+00
+7.80026908E-01
+3.38334602E+00
+2.01065495E+00
+1.45198511E+00
+9.46024379E-01
+2.18226189E+00
+3.85069833E+00
+3.14806997E+00
+1.56768909E+00
+1.07853096E+00
+4.32956377E+00
+9.04536165E-01
+3.64802244E+00
+5.11570823E+00
+2.14648303E+00
+1.23016370E+00
+8.40851968E-01
+6.45853346E-01
+2.40330192E+00
+1.06289134E+00
+5.66908751E+00
+3.32396416E+00
+1.48725832E+00
+1.59825853E+00
+1.29136765E+00
+9.31638352E-01
+1.04515839E+00
+1.66606138E+00
+3.11225612E+00
+9.46813651E-01
+7.32285097E-01
+2.49996067E+00
+4.18857825E+00
+4.62622135E-01
+5.96341112E-01
+1.48856689E+00
+7.80386809E-01
+1.59697700E+00
+1.45910704E+00
+1.83582092E+00
+3.30478488E+00
+4.96551347E-01
+1.15279309E+00
+1.27366580E+00
+2.30145020E+00
+1.25323861E+00
+2.10125902E+00
+3.42454730E+00
+1.03646750E+00
+1.09604114E+00
+1.53080894E-01
+1.50061073E+00
+3.08933817E-01
+7.27723821E-01
+1.15039167E+00
+1.09563487E+00
+1.15736277E+00
+3.44234800E-01
+1.13599420E+00
+1.40013197E+00
+5.29682620E-01
+3.31777581E-01
+1.83218744E+00
+2.87770049E+00
+7.22009537E-01
+1.36778817E+00
+3.72270212E+00
+1.50042253E+00
+3.39873272E+00
+4.35365939E+00
+2.05897720E+00
+7.58447372E-01
+2.47717186E+00
+1.27587628E+00
+1.10252862E+00
+8.50520002E-01
+6.50006610E-01
+1.78563542E+00
+2.87969262E+00
+2.31634519E+00
+1.88019887E+00
+8.28373534E-01
+2.65509441E+00
+1.06632860E+00
+2.56720619E+00
+5.88664708E+00
+1.27631150E+00
+1.41229784E+00
+2.53112892E+00
+2.76310643E+00
+9.91693782E-01
+3.42709993E+00
+1.36510574E+00
+1.68857741E+00
+6.09075698E-01
+5.57429956E-01
+3.90282918E+00
+2.41115056E-01
+7.37498237E-01
+2.37693227E+00
+1.10644546E+00
+3.26587920E-01
+2.57238018E+00
+2.71499347E+00
+1.60434078E+00
+1.62979365E-01
+1.78490530E+00
+4.17081786E+00
+2.07884176E+00
+3.80970184E+00
+2.59443490E-01
+8.16469206E-01
+1.50378754E-01
+7.78852866E+00
+2.30418740E+00
+2.35966520E+00
+6.19709623E-01
+1.55013000E+00
+1.50312716E+00
+2.10021858E+00
+9.49515095E-01
+7.69681610E+00
+2.92412322E+00
+9.36511228E-01
+2.28359776E+00
+1.33259946E+00
+3.63152328E+00
+1.39780451E+00
+1.05988316E+00
+2.40045382E+00
+2.71665170E+00
+2.21429384E+00
+1.45851616E+00
+1.86700320E+00
+2.61731175E+00
+1.61545395E+00
+8.94029990E-01
+1.04066764E+00
+2.05973742E+00
+3.18264786E+00
+2.43735269E+00
+2.10580033E+00
+1.08509558E+00
+3.35871696E-01
+1.94361755E+00
+7.44525459E-01
+3.17172143E+00
+8.94428959E-01
+6.47829956E-01
+1.35409041E+00
+4.90433039E+00
+7.07760835E-01
+2.57145379E+00
+3.49445901E-01
+1.11921659E+00
+1.64346530E+00
+3.11984234E+00
+8.85447887E-01
+8.36538163E+00
+1.10372084E+00
+9.64711189E-01
+5.70981316E-01
+1.32306612E+00
+1.37817985E+00
+3.32985396E+00
+3.42317941E+00
+1.08460839E+00
+1.51324092E+00
+2.45332331E+00
+3.77770373E-01
+1.96712882E+00
+2.72132912E+00
+1.51054309E-01
+6.78820348E-01
+1.60503027E+00
+2.45011691E+00
+5.81391938E+00
+2.53564224E+00
+8.17031112E-01
+1.62515088E+00
+4.60283093E-02
+2.95919406E+00
+3.15542906E+00
+1.20603190E+00
+4.08390981E+00
+2.19906128E+00
+1.33119497E+00
+3.11638741E+00
+6.90277619E-01
+2.66800329E+00
+1.31138660E+00
+8.18440298E-01
+1.98595713E+00
+2.09611049E+00
+2.45392270E+00
+1.45797189E+00
+5.89043480E-01
+2.22667573E+00
+1.51526360E+00
+2.92174055E+00
+1.56724537E+00
+2.76824418E+00
+9.24130577E-01
+5.09881999E-01
+1.73438524E+00
+3.14425575E+00
+2.03253685E+00
+3.33779703E+00
+3.79171613E+00
+1.81415530E+00
+1.30436589E+00
+1.92227696E+00
+2.53295386E-01
+1.16340068E+00
+1.08356151E+00
+2.12578920E+00
+1.10800074E+00
+1.29054332E+00
+1.82577208E+00
+1.21348631E+00
+6.51421409E-01
+2.34528691E+00
+9.58700642E-01
+7.61934793E-01
+2.35876714E+00
+1.53460647E+00
+3.10241119E+00
+2.03954179E+00
+2.44669900E+00
+2.27212912E+00
+1.22488479E+00
+1.83509710E+00
+3.29785108E+00
+7.34746162E-01
+4.89599028E+00
+2.18951511E+00
+3.81694383E+00
+1.56321052E+00
+1.42266917E+00
+2.30941561E+00
+1.18761044E+00
+6.43308024E-01
+1.72830333E+00
+1.58553605E+00
+2.65047115E+00
+4.92370397E-01
+1.77711851E+00
+8.92213377E-01
+7.48260358E-01
+2.72407048E+00
+2.46290226E+00
+1.12851478E+00
+4.06345834E+00
+2.44085508E+00
+7.97007524E+00
+1.97555838E+00
+2.03627245E+00
+1.06216646E+00
+1.21754839E+00
+5.70615337E-01
+2.73934158E+00
+2.15343042E+00
+7.08804682E-01
+3.51117934E-01
+1.28588440E+00
+1.98888040E+00
+4.23169628E+00
+3.89331712E+00
+1.40111091E+00
+1.77569611E+00
+8.82998548E-01
+5.87025011E-01
+1.29368910E+00
+3.35401008E+00
+2.63023394E+00
+6.45927528E-01
+1.55565232E+00
+9.07781618E-01
+1.89605522E+00
+5.90395711E-01
+2.07971830E+00
+2.28781889E+00
+5.16404168E-01
+2.21205168E+00
+1.74114525E+00
+2.51893896E+00
+2.03708967E+00
+2.01747772E+00
+4.56137044E+00
+1.74318037E+00
+1.61535807E+00
+1.82464254E+00
+1.79741395E+00
+1.46340410E-01
+1.61638143E+00
+1.65641436E+00
+3.81472964E-01
+8.62410154E-01
+2.44477349E+00
+1.14891373E+00
+9.99137922E-01
+6.12715969E-01
+2.22565997E-01
+3.19535845E+00
+5.08802148E-01
+1.17308307E+00
+1.84138026E+00
+1.32258840E+00
+2.33970089E+00
+8.29727695E-01
+2.30509524E+00
+6.61947297E-01
+6.56775888E-01
+1.00628259E+00
+1.51632735E+00
+1.21522843E+00
+6.75774499E-01
+3.34071924E+00
+1.55341690E+00
+4.24188058E+00
+1.92815367E+00
+1.62973718E+00
+1.61074084E+00
+1.32710386E+00
+2.09402276E+00
+9.30339317E-01
+2.59835752E+00
+3.48796923E+00
+1.02298306E+00
+1.81125629E+00
+7.27124021E-01
+8.59332764E-01
+1.20362469E+00
+6.74804859E+00
+6.55673668E-01
+7.78862635E+00
+7.46890548E-01
+5.81006222E+00
+1.67202955E+00
+5.78822520E+00
+7.19989086E-01
+2.17099012E+00
+3.62596330E+00
+1.61745759E+00
+3.45071295E+00
+4.53446746E-01
+1.93384363E+00
+1.82511788E+00
+5.22242947E-01
+3.82222967E+00
+1.06516865E+00
+1.92191125E+00
+3.29983432E+00
+5.45428637E+00
+6.19615140E-01
+5.43789756E+00
+9.05317179E-01
+1.91727387E-01
+6.23382054E-01
+2.77687310E+00
+3.66787648E-01
+9.44950298E-01
+1.05358649E+00
+1.75199875E+00
+2.50294008E+00
+3.35490813E+00
+4.91179038E+00
+1.62931787E+00
+7.89175656E-01
+2.48866132E+00
+4.95341052E-01
+7.53826380E-01
+4.92646128E-01
+4.31892887E+00
+1.18093880E+00
+1.90144136E+00
+2.17386464E+00
+7.05702782E+00
+2.21731520E+00
+3.34244462E+00
+2.73165427E+00
+4.25355517E-01
+2.00852077E+00
+2.47990616E+00
+1.64884511E+00
+1.11122849E+00
+3.74260843E+00
+2.55196569E+00
+7.71509446E-01
+3.70662929E+00
+5.11992003E+00
+1.39529743E+00
+1.57367654E+00
+1.46925202E+00
+2.87917648E+00
+2.15584445E+00
+8.95175651E-01
+3.56793043E-01
+1.29347508E+00
+1.27750414E+00
+2.16855982E-01
+6.52877924E-01
+3.98274478E-01
+4.92992752E-01
+1.53743950E+00
+7.30694412E-01
+6.86382890E-01
+1.97389964E+00
+1.28118564E+00
+1.70799464E+00
+1.94732790E+00
+1.75176872E+00
+7.95486315E-01
+1.25229890E+00
+2.74556181E+00
+3.66948550E+00
+2.73831893E+00
+1.86088676E+00
+4.30849723E-01
+1.41599897E+00
+2.49281916E+00
+1.93183332E+00
+1.02877343E+01
+2.77163303E+00
+1.24933635E+00
+1.13898517E+00
+1.89632937E-01
+1.35067234E+00
+2.55557167E+00
+3.11882413E+00
+7.98415078E-01
+1.59688723E+00
+2.44375540E+00
+3.31282683E+00
+9.48861930E-01
+3.11166956E+00
+1.00249422E+00
+4.99394778E-01
+2.58623935E+00
+1.24375514E+00
+3.04703526E+00
+1.34741838E+00
+1.97668951E+00
+3.16572891E+00
+2.22840002E+00
+2.23037993E+00
+2.13348333E+00
+2.19184876E+00
+7.96943873E-01
+9.68204163E-01
+2.56738205E+00
+3.78249944E+00
+3.57303828E-01
+1.66277144E+00
+1.24781039E+00
+2.57752683E+00
+1.20751487E+00
+2.91400110E+00
+5.14303258E+00
+1.66472261E+00
+7.29571003E-01
+1.75349464E+00
+4.86650638E-01
+4.03113416E-01
+5.29583276E-01
+1.53689072E-01
+3.09708415E+00
+1.48959519E+00
+3.01766794E+00
+3.68093619E-01
+9.63571229E-01
+1.26322572E+00
+1.90160271E-01
+2.77145345E-01
+2.66520737E+00
+3.84099669E+00
+1.34181399E+00
+1.18541779E+00
+8.21621638E-01
+3.13774264E-01
+2.41569100E+00
+1.16469420E+00
+3.43456568E+00
+3.83086747E+00
+1.74965017E+00
+1.74045197E+00
+5.49633442E-01
+3.18704842E+00
+1.75330130E+00
+1.67839934E+00
+1.48829272E+00
+1.73538558E+00
+8.80379461E-01
+2.17142921E+00
+6.41261355E-01
+9.67218376E-01
+2.95981051E+00
+1.82466759E+00
+1.61949882E+00
+1.22160930E+00
+9.71713901E+00
+2.40101328E-01
+3.28826369E+00
+1.55677015E+00
+2.99781079E-01
+2.10956185E+00
+4.01668470E-01
+1.65937376E+00
+1.57846020E+00
+1.77002269E+00
+3.55636974E+00
+5.64354141E-01
+1.12944468E+00
+3.52848998E-01
+2.59186057E+00
+2.87224401E+00
+1.35141430E+00
+2.06808429E+00
+4.58141096E+00
+4.52567983E-01
+8.32043605E-01
+2.48575978E+00
+1.75874083E+00
+9.87596339E-01
+1.09028218E+00
+1.08201661E+00
+6.26576878E-01
+2.00788778E+00
+2.74728963E+00
+6.62734752E-01
+3.04229010E+00
+2.06515625E+00
+2.44310321E+00
+2.42234551E+00
+4.14357417E+00
+6.62466748E+00
+1.07214710E+00
+5.32468006E+00
+2.29282715E+00
+2.29525127E+00
+6.22250678E-01
+1.43043254E+00
+2.58444318E+00
+2.72072930E+00
+1.17487886E+00
+2.98510471E+00
+1.82801157E+00
+4.76984541E+00
+4.26228500E+00
+8.74415806E-01
+1.46688005E+00
+3.31838145E+00
+2.59839758E-01
+8.01902976E-01
+1.26938581E+00
+3.57638742E-01
+1.29476325E+00
+1.23489872E+00
+3.54078182E+00
+2.94367251E+00
+2.05851315E+00
+8.47179298E-01
+9.76309162E-01
+1.12776110E+00
+3.76874252E+00
+5.28147229E+00
+5.45992281E-01
+9.39057247E-01
+2.67379204E-01
+6.42565746E+00
+6.91637666E-01
+5.51679031E-01
+2.26859608E+00
+2.60188090E+00
+3.50652059E+00
+1.31203236E+00
+5.16816313E-01
+1.02144078E+00
+2.22147043E+00
+1.18025405E+00
+1.28672106E+00
+1.53136444E+00
+1.31384989E+00
+4.37571247E-01
+2.46864369E+00
+2.22835297E+00
+5.25378246E+00
+1.01395967E+00
+1.91530116E+00
+2.11236081E+00
+2.15630558E+00
+1.29577378E+00
+2.26203004E+00
+4.97420614E+00
+1.84629630E+00
+3.61766737E+00
+2.81387247E+00
+9.88400304E-01
+1.51905257E+00
+1.62294915E+00
+1.38273290E+00
+1.77814645E+00
+1.64784073E-01
+1.25042451E+00
+3.67291658E+00
+2.14961827E+00
+1.83271762E+00
+3.24785071E+00
+1.29931425E+00
+1.41674798E+00
+5.18796738E+00
+1.40840863E+00
+1.30782644E+00
+3.45315697E+00
+1.12596622E+00
+4.95484700E-01
+2.51892701E+00
+2.86704276E+00
+4.28069951E+00
+2.62628942E-01
+1.36908687E+00
+4.61179471E-01
+5.49143254E-01
+1.51234401E+00
+1.36546716E+00
+7.79101090E-01
+2.70692868E+00
+3.61543911E-01
+1.49023224E+00
+3.35361964E+00
+2.82388890E+00
+2.43331360E+00
+1.31576482E+00
+2.06280586E+00
+1.44852988E+00
+2.07300638E+00
+2.79269863E-01
+3.09204823E+00
+1.42742495E+00
+1.20932775E+00
+9.34010813E-01
+1.15029722E+00
+2.26596680E+00
+6.52737101E+00
+2.28788431E+00
+3.80393718E+00
+1.78881051E+00
+1.51069738E+00
+3.14414652E+00
+1.37633294E+00
+1.58262692E+00
+1.39207754E+00
+2.27928648E+00
+8.50753801E-01
+8.18653174E-01
+3.36815366E+00
+4.61610535E+00
+9.88586046E-01
+1.60995359E+00
+2.18527931E+00
+2.14368270E+00
+9.18356466E-01
+2.70418443E+00
+2.03908700E+00
+4.13542184E+00
+1.64858635E+00
+6.86631460E-01
+3.95870994E-01
+1.42666350E+00
+3.93409506E+00
+2.55761565E+00
+2.55130256E+00
+2.89935646E+00
+3.64949433E-01
+3.16937993E+00
+1.94673859E+00
+2.77484448E+00
+6.27748940E-01
+4.25577154E-01
+2.03549456E+00
+3.55794146E-01
+2.78345617E+00
+1.04718694E+00
+1.40712942E+00
+6.18570577E-01
+8.04526128E-01
+1.13689318E+00
+5.48622250E-01
+7.14545218E+00
+8.28019307E-01
+9.67053512E-01
+9.60791183E-01
+7.52334228E+00
+2.83883985E+00
+1.85310637E+00
+1.27736506E+00
+7.88468995E-01
+4.12030571E+00
+3.36420378E+00
+4.18752340E+00
+2.98404011E+00
+1.38378913E+00
+4.48470902E+00
+2.60474572E+00
+7.85414096E-01
+1.04848972E+00
+1.26292209E-01
+1.67449656E+00
+8.28934851E-01
+1.11882233E+00
+4.94031858E-01
+2.00988601E+00
+8.95440913E-02
+1.57173486E+00
+4.66019080E-01
+2.36117602E-01
+2.66036817E-01
+8.93613465E-01
+3.84032664E+00
+1.90016190E+00
+2.79192813E+00
+1.73746284E+00
+1.50829080E+00
+5.76185985E-01
+1.87517895E+00
+6.90242704E-01
+1.85755564E+00
+1.44831734E+00
+7.55080938E-01
+2.01789436E+00
+1.06141841E+00
+1.71501195E+00
+1.01118705E+00
+3.70419159E+00
+6.17102094E+00
+8.23695583E-01
+3.03175205E+00
+1.11377167E+00
+9.46986278E-01
+5.95656787E-01
+8.87148148E-01
+2.34249757E+00
+4.20938212E-01
+8.77974388E-01
+2.09808686E-01
+9.80752640E+00
+1.83329892E+00
+1.57994077E+00
+7.05380972E-01
+8.43108359E-01
+1.01833094E+00
+1.67498737E+00
+2.57474147E+00
+7.16031018E-01
+2.77653164E-01
+1.03008457E+00
+2.09047957E+00
+6.09903110E-01
+2.39502560E+00
+2.94764680E+00
+3.34237997E-01
+1.80295721E+00
+3.06223842E+00
+1.12718654E+00
+6.51657839E-01
+1.61391974E+00
+1.86434610E+00
+1.63161448E+00
+2.08764361E+00
+2.63071947E-01
+1.93266801E+00
+2.97215739E+00
+5.56308620E-01
+2.01496216E+00
+4.04598742E+00
+3.97822407E-01
+3.70642284E+00
+3.37661336E-01
+3.30468992E-01
+3.71333585E-01
+9.96490927E-01
+1.91916324E+00
+1.56531196E+00
+2.58918960E+00
+3.40212672E+00
+5.09859117E-02
+2.40315332E+00
+2.17193250E+00
+3.00573717E+00
+1.47726680E+00
+1.99831507E+00
+5.79625785E+00
+1.57584973E+00
+1.06059889E+00
+2.26255819E+00
+1.84594773E+00
+2.97841096E+00
+1.60080345E+00
+3.13218734E+00
+2.15932015E-01
+8.89332061E-01
+2.80078588E+00
+3.16239280E-01
+2.57003290E+00
+4.71298496E-01
+1.32368695E+00
+9.36982252E-01
+1.57966663E+00
+2.39090017E+00
+8.14076647E+00
+3.26451973E+00
+1.34511442E+00
+2.86696789E+00
+3.84484287E-01
+1.90154617E+00
+1.71267974E-01
+5.75380477E+00
+2.52298085E+00
+2.75973640E+00
+1.10534788E+00
+1.62851543E+00
+3.73848493E-02
+5.17522806E+00
+1.78627788E+00
+2.59564697E+00
+4.46507653E+00
+2.90983867E+00
+4.81637783E+00
+1.14282672E+00
+2.46227337E-01
+2.52327211E+00
+2.25680088E+00
+3.24986970E+00
+3.55209921E+00
+1.30642452E+00
+3.91596497E+00
+4.11060814E-01
+4.04001620E-01
+2.93649160E-01
+2.53989639E+00
+5.28786047E+00
+1.09382606E+00
+2.41752675E+00
+1.12141960E+00
+4.25644328E+00
+1.02436465E+00
+2.55545457E+00
+1.91684147E+00
+1.67014782E+00
+1.91126890E+00
+1.55208893E+00
+2.57487699E+00
+1.98568791E+00
+8.52428333E-01
+7.88670458E-01
+1.27462499E+00
+4.47704180E-01
+6.58380763E-01
+2.09140013E+00
+2.23278554E+00
+2.16866963E+00
+3.04709644E+00
+3.24964335E+00
+3.69480293E+00
+3.68371581E-01
+3.37522736E+00
+4.29252989E+00
+3.15101562E+00
+5.50410160E+00
+9.60413610E-01
+1.21803794E+00
+1.13922905E+00
+1.77616341E+00
+2.92645489E-01
+2.58425193E+00
+1.70853929E+00
+3.06805202E+00
+1.95893189E+00
+1.05659138E+00
+5.58048851E-01
+3.38466521E+00
+1.54923094E+00
+1.45604427E+00
+1.44209704E+00
+8.34635080E-01
+1.93332467E+00
+4.10573844E-01
+1.59310352E+00
+3.76355886E+00
+1.57527669E+00
+7.76573371E-01
+1.79375338E+00
+6.45906376E-01
+4.50537380E+00
+1.08381643E+00
+4.43658994E+00
+3.58057440E+00
+1.37605920E+00
+1.20164695E+00
+1.66615084E-01
+1.58424081E+00
+1.13812388E+00
+1.02802837E+00
+2.19189458E+00
+2.12781799E+00
+3.60908571E-01
+1.21472074E+00
+4.17454988E+00
+3.25296901E+00
+2.24979937E+00
+9.79086680E-01
+5.31907291E+00
+8.18745569E-01
+1.03294508E+00
+1.24467106E-01
+5.15534753E-01
+5.18266134E-01
+3.52015675E+00
+8.56799253E-01
+3.02375305E+00
+6.57520495E-01
+1.16559060E+00
+1.00548904E-01
+3.71871337E+00
+8.54488368E-01
+1.72222438E+00
+3.40214885E+00
+1.85109508E+00
+2.74822193E+00
+2.30799259E-01
+1.26957421E+00
+1.59209447E+00
+1.06214902E+00
+3.25611781E+00
+6.20194651E-01
+2.17323755E+00
+2.00740021E+00
+3.40774710E+00
+3.62988259E+00
+4.76858803E-01
+6.20425306E-01
+9.63527127E-01
+4.19194193E+00
+3.79432156E-01
+2.60338782E+00
+1.74171793E+00
+1.04480772E+00
+1.57307364E+00
+1.98284293E-01
+1.54898034E+00
+4.56814015E-01
+1.81539123E+00
+1.37800527E+00
+1.53677163E+00
+7.26058932E-01
+5.08716227E+00
+3.31692294E-01
+1.72632846E+00
+2.51799308E+00
+1.16870152E+00
+2.17803814E+00
+2.74213077E+00
+8.95172529E-01
+1.13121231E+00
+3.11778144E+00
+1.89575258E+00
+5.81064884E-01
+6.72659279E-01
+1.92458475E+00
+1.29790670E+00
+1.53611096E+00
+1.29346891E+00
+8.64342856E-01
+3.53116020E+00
+1.94740476E+00
+1.02384356E+00
+1.42805482E+00
+1.31319951E+00
+1.82652874E+00
+9.97580307E-01
+1.64453323E+00
+1.34237376E+00
+4.51410739E-01
+6.10360709E+00
+1.30839928E+00
+1.55216427E+00
+5.37061209E-01
+2.21295819E+00
+4.45896826E-01
+2.38901818E+00
+2.62191839E+00
+3.01895783E+00
+1.57493429E+00
+1.68432406E+00
+7.87856208E-01
+4.90401042E+00
+1.76583339E+00
+5.55317182E-01
+1.58984968E+00
+2.47225302E+00
+3.54509203E+00
+9.57395636E-01
+4.16820530E+00
+2.68379824E+00
+1.17473197E+00
+1.49102518E+00
+1.95970761E+00
+1.04356503E+00
+5.04773747E-01
+6.02392812E+00
+4.20964674E-01
+2.69844382E+00
+1.04541456E+00
+4.50242271E-01
+5.07858145E-01
+1.80453544E-01
+5.61789588E+00
+6.70980188E-01
+3.86723918E+00
+5.88661048E+00
+3.36893744E+00
+4.24329812E-01
+1.43566252E-01
+1.94980725E+00
+8.35372696E-01
+1.04145470E+00
+8.58564584E-01
+8.67122663E-01
+3.84474500E+00
+5.06812545E-01
+2.36799795E+00
+3.04517569E+00
+1.00025740E+00
+1.01821300E+00
+2.53650602E+00
+9.63182537E-01
+1.96548060E+00
+6.88443909E-01
+1.82229809E+00
+4.18868959E-01
+2.34287991E+00
+1.41518979E+00
+1.60111128E+00
+1.13474708E+00
+1.16304590E+00
+1.99102379E+00
+1.18093920E+00
+9.81899877E-01
+7.75633266E-01
+2.52910857E+00
+1.04120271E+00
+2.08567682E+00
+1.83372441E+00
+5.63526661E+00
+1.62968786E+00
+8.86089313E-01
+1.62905237E+00
+2.38276126E+00
+1.33146924E+00
+3.04855774E+00
+6.06565566E-01
+3.84801233E+00
+3.25115797E+00
+2.93130776E+00
+3.30201111E+00
+9.31698784E-01
+4.38210162E+00
+1.80686191E+00
+3.51106082E-01
+2.43724457E-01
+1.08268489E+00
+4.90389511E-01
+1.00695605E+00
+3.23286642E+00
+3.71299730E+00
+4.10726819E-01
+7.28271085E-01
+1.18334282E+00
+1.49914891E+00
+1.59708408E+00
+3.15100773E+00
+3.74329360E+00
+1.71933117E+00
+1.75524308E+00
+7.36962500E-01
+1.69642016E+00
+2.22343705E+00
+7.05020546E-01
+4.20538493E+00
+3.51040790E+00
+6.79217458E-01
+2.09086252E+00
+1.75115761E+00
+2.11358144E+00
+3.54404310E+00
+1.88465273E+00
+4.32181979E+00
+2.83825863E+00
+2.52905451E+00
+1.12267260E+00
+3.78864367E+00
+2.70359387E+00
+1.74636085E+00
+2.28372848E+00
+6.08474423E-01
+1.75022331E+00
+1.54583502E+00
+3.25849776E+00
+1.14785510E+00
+4.10560571E+00
+1.03960756E+00
+8.00219777E-01
+2.18891416E+00
+1.41505699E+00
+1.46605148E+00
+1.63283125E+00
+5.46306286E-01
+3.75552337E+00
+4.04676492E+00
+1.54133228E+00
+4.53783322E+00
+3.65051952E+00
+4.44240122E+00
+1.26667408E+00
+5.75781991E-01
+3.03793030E+00
+5.49934666E-01
+1.30747766E-01
+1.62968869E+00
+1.89614208E+00
+6.30365734E-01
+1.04167521E+00
+7.49936069E-01
+1.81625318E+00
+1.44018593E+00
+7.23144920E+00
+3.37350063E+00
+9.11560865E-01
+7.77662467E-02
+8.29684553E-01
+4.31674231E+00
+1.07517603E+00
+1.76736067E+00
+1.86748563E+00
+1.22051898E+00
+1.78618025E+00
+9.39005729E-01
+4.61056086E+00
+3.34339441E+00
+1.22194827E+00
+7.46392080E-01
+8.91076078E-01
+2.05675138E+00
+1.43352592E+00
+2.17760922E+00
+9.74310156E-01
+1.19035488E+00
+1.66332571E+00
+3.81210133E+00
+1.46376727E+00
+3.73299101E+00
+1.78270357E+00
+1.34264296E+00
+4.72092964E-01
+1.33302053E+00
+1.50930788E+00
+6.87532640E+00
+1.84385497E+00
+3.31176621E+00
+4.96080510E+00
+5.63021706E+00
+4.18734656E+00
+3.09791322E+00
+1.50337137E-01
+1.43988576E+00
+2.93654809E-01
+1.38204415E+00
+1.45806200E+00
+1.40740772E+00
+2.41266571E+00
+8.83830903E-01
+3.35165114E+00
+1.70130133E+00
+2.81545948E+00
+1.13101299E+00
+1.25672504E+00
+2.74588847E+00
+5.09318107E+00
+2.72977235E+00
+6.58187468E-01
+4.42338340E-01
+1.60454380E+00
+2.61662689E+00
+1.59685622E+00
+2.60097420E+00
+1.36974429E+00
+5.08414031E-01
+2.07764663E+00
+7.37535757E-01
+2.19012276E+00
+4.12869230E+00
+2.85527637E+00
+3.37495010E+00
+2.01011266E+00
+2.11263233E+00
+8.60785413E-01
+1.31370701E+00
+5.39107364E-01
+1.05061895E+00
+2.60802194E-01
+4.85336579E+00
+1.56809043E+00
+5.46645905E-01
+1.29559322E+00
+2.01476933E+00
+1.61867265E+00
+1.43464826E+00
+3.74171865E+00
+3.37159535E+00
+1.48535665E-01
+4.35971363E-01
+2.62966570E+00
+5.62944002E-01
+1.63207174E+00
+1.53040760E+00
+3.15620000E+00
+8.98019056E-01
+1.67328648E+00
+1.84539340E+00
+1.97249128E+00
+5.00153946E+00
+7.91537560E-01
+3.36438532E+00
+8.11780176E-01
+5.03106180E-01
+5.32499227E+00
+1.03806334E+00
+4.76001917E+00
+4.59154743E-01
+2.48336663E+00
+4.81306842E+00
+1.07915689E+00
+1.04149635E+00
+1.87709577E+00
+3.93672475E+00
+4.86818620E-01
+3.90067828E+00
+1.99761558E+00
+1.49489551E+00
+1.51124964E+00
+4.42218391E+00
+1.70263312E+00
+8.13912428E-01
+1.39333296E+00
+2.38401324E+00
+9.64661742E-01
+2.03661846E+00
+2.93893139E-01
+3.15285091E-01
+1.32175800E+00
+4.85598765E+00
+2.14879973E-01
+2.26780232E+00
+1.11033088E+00
+1.31130081E+00
+6.39602240E-01
+4.46351338E-01
+1.30092193E+00
+1.35297794E+00
+2.15128180E+00
+1.23731936E+00
+1.77364019E+00
+9.11477875E-01
+2.80917005E+00
+1.98200304E+00
+2.78133549E+00
+7.59037959E-01
+1.92304766E+00
+1.27242405E+00
+1.65422856E+00
+2.78032195E+00
+6.20595509E-01
+2.43241931E-01
+1.27445588E+00
+8.12384146E-01
+1.31452756E+00
+2.87945224E+00
+1.22559789E+00
+1.24530726E+00
+1.42584320E+00
+9.58881816E-01
+6.62528665E+00
+7.13529600E-01
+1.79827103E+00
+4.59752365E+00
+1.75267553E+00
+6.62181331E-01
+6.49274308E+00
+1.39150044E+00
+9.26874182E-01
+1.74408838E+00
+1.01764969E+01
+8.08330137E-01
+7.59516180E+00
+1.59111793E+00
+1.40029233E+00
+2.99001816E+00
+1.87695899E+00
+3.77433635E+00
+1.12094419E+00
+6.33665337E-01
+1.71916958E+00
+2.08962623E+00
+2.19589074E+00
+9.78248937E-01
+2.57355042E+00
+2.41825200E+00
+4.40314819E+00
+4.30018917E-01
+1.62152830E+00
+1.44643230E+00
+1.81320662E+00
+6.99390224E-01
+6.14817834E+00
+1.66501256E+00
+1.84842409E+00
+5.13813393E-01
+4.53246672E-01
+1.37878002E+00
+2.56803751E+00
+3.48070635E+00
+4.06527942E+00
+1.84831893E+00
+4.18694479E+00
+2.71407926E+00
+1.94875540E+00
+3.44822367E-01
+4.19890207E+00
+1.20105629E+00
+8.39277009E-01
+1.74821692E+00
+3.19674577E-01
+1.49444530E+00
+1.08785523E+00
+1.67861810E+00
+5.99525296E-01
+7.69379532E-01
+1.25401599E+00
+1.95835423E+00
+7.26329912E-01
+1.58377326E+00
+1.83957912E+00
+7.18595969E-01
+9.20980991E-01
+1.50227351E-01
+2.11147012E+00
+7.10883178E-01
+2.24928030E+00
+7.17787964E-01
+4.34667365E+00
+8.84923865E-01
+1.47527531E+00
+2.94785273E-01
+2.00267974E+00
+2.51484704E+00
+1.38799959E+00
+3.22747614E+00
+3.51098363E+00
+4.90806884E+00
+2.13044410E+00
+1.07769109E+00
+1.32140333E+00
+2.80471080E+00
+1.89723949E+00
+1.62310750E+00
+8.58899200E-01
+1.26244846E+00
+3.85644969E+00
+1.44387055E+00
+4.05678434E+00
+8.34315972E-01
+1.05465484E+00
+3.60215713E+00
+9.93269235E-01
+2.76503769E+00
+3.67730758E+00
+1.50774706E+00
+1.82478254E+00
+6.88043657E-01
+3.74811616E+00
+3.77902828E+00
+1.16469586E+00
+1.92318125E+00
+2.84461043E+00
+3.59138077E+00
+1.26241031E+00
+2.99155452E+00
+1.96959212E+00
+2.70417582E+00
+5.59199708E-01
+8.83365759E-01
+2.65013793E+00
+2.39095403E+00
+3.77768973E-01
+2.86761740E+00
+3.93346562E+00
+2.43283032E+00
+2.21717788E+00
+3.40576964E+00
+1.70720689E+00
+2.24520077E-01
+9.57532519E-01
+2.35923292E+00
+3.33630295E+00
+8.82621258E-01
+3.07762100E+00
+9.37512162E-01
+2.01031252E+00
+1.97736443E+00
+3.89179499E+00
+4.69856765E+00
+1.88779052E+00
+6.16307763E-01
+2.24615398E+00
+1.55985479E+00
+2.50291051E+00
+2.89505498E+00
+6.94536769E-01
+3.05319339E+00
+4.23955884E+00
+9.14047376E-01
+2.00675939E+00
+3.27728044E+00
+7.55430123E-01
+1.78415790E+00
+2.39379290E+00
+9.52562847E-01
+2.28459880E+00
+3.79311928E+00
+1.00936324E+00
+1.11393479E+00
+3.32826809E+00
+2.60877491E+00
+3.10633310E+00
+4.22072376E+00
+3.30246193E+00
+3.08981530E+00
+1.98877130E+00
+7.72426617E-01
+3.48208200E+00
+3.22239788E+00
+3.27414337E-01
+4.42132795E+00
+2.62566555E+00
+1.20531246E+00
+1.55572173E+00
+1.17529484E+00
+1.16991181E+00
+1.50023053E+00
+2.73056088E+00
+5.02777110E-01
+3.31066889E+00
+4.92378545E+00
+1.35440350E+00
+2.57861220E+00
+1.57558502E+00
+2.60023016E+00
+2.94268793E+00
+7.02687141E-01
+3.28524878E+00
+6.15139896E-01
+5.08379238E+00
+1.66422950E+00
+2.65248424E+00
+9.89909104E-01
+2.60418187E+00
+3.15332678E+00
+3.05532099E+00
+2.30617075E+00
+1.19020641E+00
+1.41557468E+00
+1.96966108E+00
+2.90697698E-01
+4.26529418E-01
+5.17469977E+00
+3.15209699E+00
+2.92020261E+00
+2.70584944E+00
+8.50114180E-01
+6.20816119E-01
+1.08024338E+00
+1.41666487E+00
+4.81854890E-01
+2.26483536E+00
+7.20047572E-01
+9.99932484E-01
+3.36699992E+00
+1.55615865E+00
+7.39072823E+00
+3.00826095E+00
+7.68560225E-01
+2.24191967E+00
+8.41869462E-02
+8.31241414E-01
+6.35467519E-01
+1.41490882E+00
+1.48301951E+00
+8.38036559E-01
+3.00090369E+00
+1.36179046E+00
+1.73480894E+00
+1.50909514E+00
+4.21751062E+00
+8.03006064E-01
+1.80072456E+00
+2.40652791E+00
+1.98233809E-01
+1.29731016E+00
+9.81888125E-01
+6.25656723E-01
+3.17323951E+00
+3.68681444E+00
+3.87886955E+00
+4.22593044E+00
+5.91300082E+00
+2.21278756E+00
+2.59919080E+00
+7.34295654E-01
+1.78450090E+00
+3.04118819E+00
+1.87489063E+00
+1.84516596E+00
+4.11933247E-01
+4.49547799E+00
+1.93606963E+00
+6.62171008E-01
+9.33206321E-01
+2.53889283E+00
+1.15485916E+00
+6.61034954E-01
+2.38213703E+00
+2.91360741E+00
+4.25400597E+00
+1.08874147E+00
+1.39829294E+00
+3.71296270E+00
+7.56356142E+00
+1.34475451E+00
+8.35102781E-01
+3.28280709E+00
+1.01654938E+00
+2.85835503E+00
+1.33338017E+00
+3.15643767E+00
+1.52260591E+00
+2.48081872E+00
+3.12970917E+00
+5.21465963E-01
+1.36287738E+00
+1.78181020E+00
+1.04887390E+00
+2.40147953E+00
+3.73008880E+00
+3.65770652E+00
+1.23354452E+00
+3.01988988E+00
+1.30878547E+00
+3.10764960E+00
+2.31661988E+00
+7.05869689E-01
+7.01435426E-01
+7.39159141E+00
+3.55674707E+00
+2.18709855E+00
+2.67536748E+00
+3.27828395E-01
+2.29102239E+00
+1.95942151E+00
+1.54268409E+00
+1.12277803E+00
+9.00089841E-01
+2.67656268E+00
+1.49060083E+00
+4.62356257E+00
+7.87739349E-01
+1.88040717E+00
+1.19090150E+00
+3.13565413E+00
+1.85407892E+00
+2.93333363E+00
+1.09721833E+00
+9.70653215E-01
+1.78854142E+00
+2.25794909E+00
+3.86672949E+00
+1.39851669E+00
+6.19905016E+00
+1.36020233E-01
+1.93522262E+00
+1.68881524E+00
+7.90386073E-01
+1.65901526E+00
+2.49298827E+00
+1.44036030E+00
+9.67649247E-01
+2.13698494E+00
+1.87226330E-01
+4.06350124E+00
+3.15759727E+00
+1.52118576E+00
+3.59131332E+00
+1.03815998E-01
+2.01206037E+00
+2.09789384E+00
+3.62033549E-01
+2.28948646E-01
+2.33318577E+00
+3.23365749E-01
+1.50745131E+00
+1.33103101E+00
+4.50898319E+00
+2.36568377E+00
+1.16692855E+00
+2.25820469E+00
+9.37998356E-01
+8.92916866E-01
+6.42630155E-01
+2.83077356E+00
+4.36624114E+00
+1.61930417E+00
+1.41012160E+00
+2.02163534E+00
+1.40293855E+00
+2.60604536E-01
+2.52655598E+00
+7.91402175E-01
+7.02719445E-01
+3.76629960E+00
+1.54147951E+00
+8.79824889E-01
+9.64551209E-01
+1.89954373E+00
+2.48559352E+00
+2.07846893E+00
+9.97152984E-01
+8.36229771E-01
+1.87792764E+00
+5.83390341E-01
+3.09413675E+00
+1.79148781E-01
+1.24492098E+00
+9.04358331E-01
+1.52724819E+00
+4.99450477E+00
+1.55041087E+00
+2.09263085E+00
+1.55729101E+00
+1.62322947E+00
+1.77532096E+00
+1.61984167E+00
+5.79020007E-01
+6.83190853E+00
+2.26821988E+00
+8.27293218E-01
+8.13371570E-01
+1.08863336E+00
+3.49432682E-01
+3.53201126E+00
+1.75750891E+00
+2.64265804E+00
+3.59356297E-01
+6.82781397E-01
+3.79997297E+00
+1.46628594E+00
+9.39194397E-01
+6.59403051E-01
+8.72656683E-01
+1.23618053E+00
+1.75280627E+00
+7.41807697E-01
+1.18454384E+00
+2.23798320E+00
+1.62833068E+00
+7.14113724E-01
+6.18170836E-01
+1.24472502E+00
+7.25461469E-01
+3.13908116E+00
+4.54200817E+00
+2.91916884E+00
+1.89161757E+00
+2.94589980E+00
+3.81693780E-01
+1.81026623E+00
+2.36492526E+00
+6.51633426E-01
+2.24051092E+00
+9.28280843E-01
+1.06234789E+00
+1.41740787E+00
+1.68578002E+00
+2.51331242E+00
+3.57841788E+00
+7.63201150E-01
+6.20412904E+00
+2.62261921E+00
+2.44299756E+00
+2.44836232E+00
+1.47422694E+00
+1.37330461E+00
+3.88777581E+00
+2.20264816E+00
+1.30146724E+00
+1.13062842E-01
+2.40421184E+00
+2.29697394E+00
+2.36486751E+00
+2.79373324E-01
+3.75145283E+00
+3.78967075E-01
+6.67019257E-01
+3.16066035E+00
+4.95927683E-01
+2.70008377E+00
+1.07199857E+01
+1.08314314E+00
+1.83105381E+00
+3.13604993E+00
+9.21445454E-01
+2.25618199E+00
+5.75819091E-01
+2.86420337E+00
+1.25972728E+00
+4.04355268E+00
+5.52143668E+00
+1.54390005E+00
+1.74733394E+00
+5.33626905E-01
+2.24345847E+00
+2.57831621E+00
+3.82801763E+00
+1.81150868E+00
+4.60863778E-01
+2.17032206E+00
+1.63020639E+00
+1.80639827E+00
+6.18623392E-01
+2.46151541E-01
+3.99490741E-01
+3.66365524E+00
+3.28514123E+00
+3.70681966E+00
+4.64472584E-01
+1.97645786E+00
+6.71229023E-01
+1.95050633E+00
+9.43109569E-01
+6.89942044E-01
+7.83801434E-01
+2.05638964E+00
+1.27303178E+00
+9.18222686E-01
+1.34591148E+00
+1.78196669E+00
+3.69475288E+00
+1.68035072E+00
+1.88711829E+00
+1.51206139E+00
+2.17932169E+00
+2.88023505E+00
+5.15805498E-01
+1.21744830E+00
+2.34378106E+00
+2.55533702E+00
+1.46570101E+00
+2.24180080E+00
+1.34659053E+00
+1.37027308E+00
+1.97996849E+00
+3.22340224E+00
+2.56669039E+00
+1.46961377E+00
+3.75279359E+00
+3.31472934E-01
+3.86536099E+00
+2.39734818E+00
+2.12233817E+00
+6.33264009E+00
+3.17550662E+00
+1.58438119E+00
+1.06161225E+00
+3.10699852E+00
+1.32960876E+00
+8.79486805E-01
+1.23262672E+00
+1.83932966E+00
+4.76341012E-01
+2.54169230E+00
+9.89278337E-01
+8.99660879E-01
+3.35390690E+00
+3.40047215E+00
+2.55723642E+00
+2.12873224E+00
+8.05074772E-01
+1.89939971E+00
+6.70322117E-01
+4.45365999E-01
+2.09834529E+00
+2.02802857E+00
+1.10245695E+00
+2.43041742E+00
+1.46329438E+00
+6.48992096E-01
+1.09910578E+00
+2.28019778E+00
+3.57350770E+00
+4.72077312E-01
+5.53040171E-01
+5.10269909E+00
+7.39734655E-01
+1.73097468E-01
+6.53552382E+00
+6.57256009E-01
+2.02217268E+00
+6.17347752E+00
+5.13815850E-01
+1.43150166E+00
+1.32299745E+00
+3.03457852E+00
+3.22850801E+00
+3.82687699E+00
+6.40850690E-01
+1.94631987E+00
+1.59501362E+00
+3.66085442E+00
+2.45824695E+00
+1.46413860E+00
+7.55650876E-01
+7.26298073E-01
+4.53119595E-01
+2.56155477E+00
+9.74579069E-01
+4.87148297E+00
+3.38376238E+00
+2.60207036E+00
+2.74711539E+00
+3.07567470E+00
+1.40547437E+00
+4.37200921E-01
+8.39044936E-01
+1.70976621E+00
+1.35041074E+00
+3.22606785E-01
+1.08080979E+00
+2.40855468E+00
+5.56305420E-01
+8.79471641E-01
+2.56339839E+00
+8.40728813E-01
+1.39089810E+00
+1.03652416E+00
+4.05375132E+00
+1.44233562E+00
+3.51480727E+00
+3.99703608E+00
+6.06060012E-01
+1.30349638E+00
+1.89637028E+00
+1.74280686E-01
+1.64715143E+00
+4.26229022E+00
+5.22145303E-01
+2.11394525E+00
+8.26919483E-01
+4.03480471E+00
+2.36154827E-01
+5.12463384E+00
+3.97188322E+00
+2.22539873E-01
+6.91465796E-01
+3.34963488E+00
+3.05468804E+00
+6.41528016E-01
+1.08973431E+00
+1.30720044E+00
+4.57092744E+00
+1.99702411E+00
+1.55767876E+00
+2.87859167E+00
+1.44959870E+00
+4.66016606E+00
+1.54092133E+00
+1.31705825E+00
+4.02537902E+00
+4.42040983E-01
+3.84917905E+00
+6.96566670E-01
+8.33413550E-01
+4.01350444E+00
+1.75353332E+00
+4.01975613E+00
+4.36418404E+00
+4.05359242E+00
+3.65953271E-01
+8.53637673E-01
+2.29194902E+00
+2.04008302E+00
+5.35470348E-01
+1.49372405E+00
+2.19633285E+00
+1.26775323E+00
+4.68255777E+00
+2.61701400E+00
+2.59755522E+00
+2.09704018E+00
+1.33455661E+00
+3.78250544E+00
+1.64650827E+00
+7.58013706E-01
+4.95916923E+00
+1.66070064E+00
+3.81900159E+00
+7.02822453E-01
+2.97113403E+00
+2.60654849E+00
+2.90394911E+00
+1.05776335E+00
+3.34916529E+00
+2.57243708E-01
+3.18724502E+00
+1.49130441E+00
+4.73266408E+00
+4.65048317E+00
+3.25458462E+00
+6.56095654E-01
+2.76044628E+00
+3.89582757E+00
+1.05412703E+00
+2.75300516E+00
+1.42818833E+00
+1.54167220E+00
+1.13238259E+00
+3.88590760E+00
+1.22838619E+00
+1.23492885E+00
+1.74724073E+00
+8.37764962E-01
+3.57285704E+00
+2.82414941E+00
+1.80053535E+00
+1.52878919E+00
+1.30413016E+00
+2.78840919E+00
+4.12488190E+00
+1.21223514E+00
+2.32993026E+00
+3.22324447E+00
+1.74702680E+00
+6.02766046E-01
+3.22050891E+00
+2.06848451E+00
+5.24336642E+00
+2.40713997E-01
+2.65599381E+00
+8.96217384E-01
+1.12856803E+00
+2.01383210E+00
+3.76314131E+00
+1.37784739E+00
+2.03712237E+00
+2.57574874E-01
+4.34360340E+00
+3.46922416E+00
+2.59327517E+00
+4.46256273E+00
+2.56641187E-01
+6.45065169E-01
+2.39284627E+00
+4.04127369E+00
+9.84352183E-01
+4.17782480E+00
+1.71031535E+00
+2.45077272E+00
+1.86044768E+00
+1.74052642E-01
+6.24393223E+00
+2.98545070E+00
+1.01939508E+00
+2.86767628E-01
+2.49773269E+00
+4.22313499E+00
+2.95291933E+00
+3.36051385E+00
+9.62253845E-01
+2.33672585E+00
+1.04519325E+00
+2.55197609E+00
+4.59035884E-01
+9.32798913E-01
+1.16304844E+00
+8.03145866E-01
+2.00835539E+00
+2.19714451E+00
+4.19166741E+00
+5.25830503E-01
+1.49189400E+00
+8.09494845E-01
+5.90712547E+00
+1.25523899E+00
+4.16885252E+00
+1.56920405E+00
+3.00344378E-01
+5.56078335E-01
+7.82742526E-01
+1.50001177E+00
+2.51339598E+00
+2.47560954E+00
+1.17392923E+00
+2.81717540E-01
+1.56632003E+00
+1.55584192E+00
+3.18417766E+00
+1.03878748E+00
+2.22390213E+00
+3.82694813E-01
+2.95007697E+00
+4.68271041E+00
+3.89501748E+00
+1.01449361E+00
+2.86424389E+00
+1.39620345E+00
+2.59708174E+00
+1.52234296E+00
+7.58897614E-01
+2.50665457E+00
+3.12108626E-01
+2.94832509E+00
+4.01132913E+00
+4.23280594E-01
+4.31237632E+00
+4.03120643E+00
+1.45105100E+00
+1.85900775E+00
+2.98971946E+00
+4.02194860E+00
+1.16183218E+00
+3.24972233E+00
+1.39657888E+00
+4.35744573E-01
+2.02425204E+00
+1.31031314E+00
+1.35245875E+00
+1.33161922E+00
+9.74061937E-01
+1.27148108E+00
+7.08945875E-01
+1.49956243E+00
+1.72955190E+00
+1.25588882E+00
+1.01416759E+00
+1.27011263E+00
+3.25247464E+00
+1.50851672E+00
+1.37136131E+00
+1.41033673E+00
+8.16470276E-01
+9.89005403E-01
+6.49650926E-01
+4.48306827E-01
+3.53583952E+00
+4.61896296E-02
+2.33927310E+00
+2.74484283E+00
+1.52983603E+00
+1.11547991E+00
+6.18027589E-01
+4.35668864E+00
+6.87669834E-01
+3.26983578E-01
+1.53660209E+00
+3.43052429E-01
+2.97139571E-01
+1.97945143E+00
+1.06060856E+00
+1.37106384E+00
+2.70862337E+00
+7.23070386E-01
+2.25261907E+00
+1.77555999E+00
+6.86827478E+00
+3.14505652E-01
+2.79734032E+00
+1.72151259E+00
+3.76274431E+00
+7.24124879E-01
+4.91753611E+00
+3.27294942E+00
+1.33776216E+00
+1.32889501E+00
+2.62507438E+00
+2.06476953E+00
+1.50336592E+00
+2.79260718E+00
+1.20829530E+00
+3.94851775E+00
+1.64891027E+00
+2.77122792E+00
+2.45525738E+00
+2.84961394E+00
+3.81419965E+00
+2.92203550E+00
+2.69074034E-01
+1.47983892E+00
+2.74213166E+00
+3.47229265E+00
+7.87838025E+00
+1.12481448E+00
+1.26365507E+00
+5.68853918E-01
+2.89822404E+00
+7.91242152E-01
+2.04197325E+00
+4.99142361E+00
+1.42107075E+00
+8.66249024E-01
+8.12675222E-01
+3.67264568E-01
+8.81526804E-01
+2.61169240E+00
+1.56741396E+00
+1.82014312E+00
+2.34537396E+00
+2.16878092E+00
+2.21625795E+00
+3.28692818E+00
+1.01129483E+00
+1.14637488E+00
+1.62267307E+00
+3.79767141E+00
+1.18512233E+00
+2.13424266E+00
+3.65019039E+00
+5.91676649E+00
+1.49659994E+00
+1.58464721E+00
+7.40333812E-01
+2.78347254E+00
+1.75901976E+00
+1.71795604E+00
+9.93809891E-02
+6.55470391E-01
+2.03345927E-01
+2.48676475E+00
+5.03988126E-01
+2.53066481E+00
+1.79840116E+00
+1.88725436E+00
+8.30256644E-01
+3.86309087E+00
+1.78871416E+00
+2.65470042E+00
+7.47981217E-01
+1.03787615E+00
+9.64073055E-01
+1.06243971E+00
+9.28074375E-01
+2.21003477E+00
+2.53295547E+00
+1.68114138E+00
+1.81294319E+00
+4.09427116E+00
+2.72855712E+00
+2.19697181E+00
+1.55719575E+00
+3.81396280E-01
+3.38744076E+00
+1.25453806E+00
+4.74713551E-01
+8.30432855E-01
+1.95759919E+00
+8.40080792E-01
+8.53827670E-01
+5.49486086E+00
+3.64157681E+00
+8.24235046E-01
+1.42258997E-01
+2.48971116E+00
+1.47155446E+00
+1.83690740E+00
+5.75094058E+00
+2.11824364E+00
+3.15710118E+00
+8.85214870E-01
+2.08071660E+00
+2.77720200E+00
+2.85154888E+00
+3.28792821E+00
+2.16732374E+00
+1.98650972E+00
+4.08238195E-01
+8.13121922E-01
+1.11228344E+00
+2.65646518E+00
+3.27059582E+00
+6.34321000E-01
+7.89385630E-01
+1.71255808E+00
+1.10332492E+00
+1.97092000E+00
+6.24793118E-01
+1.23822447E+00
+1.41297800E-01
+4.70114230E+00
+6.94070256E-01
+3.37562675E+00
+7.40923633E-01
+2.85839398E+00
+2.74711322E+00
+3.33952513E+00
+2.76642661E+00
+1.79555278E+00
+1.55207384E+00
+1.15199311E+00
+4.09891839E-01
+3.61477721E+00
+1.24309610E-01
+3.57606702E+00
+1.54659082E+00
+2.86517452E+00
+1.37356301E+00
+1.28504911E+00
+4.13322810E+00
+2.66504276E+00
+1.95152038E+00
+6.58475227E+00
+3.19446392E+00
+3.07094850E+00
+8.67043907E-01
+1.80620898E+00
+3.39605109E+00
+1.09124345E+00
+5.59503846E-01
+1.70798912E+00
+1.74699696E+00
+2.69025960E-01
+8.28453491E-01
+4.22541265E+00
+1.30407465E+00
+4.10433317E-01
+2.93026604E+00
+6.44510243E+00
+5.08119178E+00
+1.99874793E+00
+1.19208060E+00
+3.26928532E-01
+4.46122078E+00
+2.58427489E+00
+2.71120565E+00
+3.60953745E+00
+9.21479078E-01
+1.18422051E+00
+1.57527475E+00
+5.48748233E-01
+2.05870826E+00
+9.37231195E-01
+1.75922052E+00
+2.62891493E+00
+7.46041110E+00
+3.03242626E+00
+1.22374814E+00
+1.03867386E+00
+1.34744535E+00
+1.29426489E+00
+3.61209082E+00
+5.67327224E-01
+1.54346963E+00
+1.65476561E+00
+3.04500489E+00
+1.92404993E+00
+1.11918855E+00
+3.59354573E-01
+3.08079100E-01
+5.76465066E-02
+4.56691998E-01
+2.72573214E+00
+1.83285966E+00
+5.17449669E-01
+1.04348821E+00
+1.41358618E+00
+1.15482534E+00
+1.68716720E+00
+3.69565969E+00
+2.30814446E+00
+2.51718589E+00
+3.40973438E+00
+2.53792209E+00
+1.20187906E+00
+7.50506352E-01
+1.56266033E+00
+6.36559465E-01
+1.93443394E+00
+2.37827934E+00
+3.21654701E+00
+5.00901743E+00
+1.67823162E-01
+1.99718049E+00
+9.39274048E-01
+9.15148019E-01
+7.87966051E-01
+1.28610637E+00
+1.00324641E+00
+2.28697055E+00
+1.55259936E+00
+5.45402565E+00
+2.75623903E+00
+2.89118088E+00
+8.96653897E-01
+2.77961620E-01
+1.28315792E+00
+6.83058297E+00
+1.49298740E+00
+7.10448219E-01
+2.26206415E+00
+7.00513878E-01
+2.10891430E+00
+6.03462609E+00
+5.42733370E+00
+3.50131486E-01
+2.37249171E+00
+4.00293234E+00
+5.38221626E-01
+2.23022361E+00
+1.03411770E+00
+7.55176821E-01
+2.40099571E+00
+3.09739731E+00
+7.13931460E-01
+7.57440837E-01
+2.37613246E+00
+1.52426269E+00
+2.03261593E-01
+1.16503867E+00
+1.31021536E+00
+5.54522142E-01
+1.20593584E+00
+7.87010457E-01
+3.49453459E+00
+1.97697374E+00
+1.82604534E+00
+6.30728643E-01
+1.23193152E+00
+9.50129711E-01
+2.09805711E+00
+9.38984274E-01
+1.10530137E+00
+2.22034899E+00
+5.62822211E+00
+2.35195400E+00
+1.31768654E+00
+1.24625449E+00
+3.86340552E-02
+6.35490687E-01
+1.28601296E+00
+3.85773446E+00
+8.17322394E-01
+8.23934509E-01
+3.33323876E+00
+5.45698745E-01
+2.59870504E+00
+1.86346089E+00
+5.69183479E+00
+1.56644772E+00
+1.16814728E+00
+7.04523173E+00
+3.49598787E+00
+5.61624822E-01
+2.26825166E+00
+2.32522999E+00
+2.75410975E+00
+9.00636752E-01
+6.07082491E-01
+2.45008139E-01
+1.99973279E+00
+2.52315364E+00
+9.59012327E-01
+6.54685734E-01
+4.24616791E+00
+3.00242842E+00
+1.56534766E+00
+2.74788306E+00
+1.62487987E+00
+2.28807415E+00
+2.45029716E+00
+1.04280124E+00
+3.49212145E-01
+1.07520728E+00
+2.16678904E+00
+1.48423135E+00
+1.28376747E+00
+4.18823692E+00
+1.20634058E+00
+2.06418890E+00
+2.94217496E+00
+7.18751704E-01
+7.92907419E+00
+1.75958282E+00
+1.09590364E+00
+1.27615744E+00
+5.24717625E-01
+8.89989219E+00
+2.31877214E+00
+2.95051870E+00
+8.30660086E-01
+2.09121912E+00
+3.22470996E+00
+1.31299709E+00
+1.51546503E-01
+2.62810279E+00
+2.98441171E+00
+1.19156755E+00
+3.12911226E-01
+1.38204457E+00
+1.48763589E+00
+1.62410059E+00
+2.12401364E+00
+3.44241143E+00
+5.68050359E-01
+5.02804749E+00
+4.09441106E+00
+6.26967808E-01
+3.20886219E+00
+3.27220806E-01
+3.42073465E+00
+2.07835869E+00
+1.36875174E+00
+2.00377641E+00
+1.43842143E+00
+3.78923677E+00
+1.31427270E+00
+1.31669281E+00
+1.21429960E+00
+2.51242798E+00
+4.62643255E+00
+4.45095418E+00
+1.40753032E+00
+2.31098676E+00
+3.31429232E+00
+7.25463777E-01
+5.69219944E-01
+8.36698988E-01
+1.73258305E+00
+1.88760236E+00
+2.27645503E+00
+2.41432581E+00
+8.16179382E+00
+1.36217472E+00
+9.71059318E-01
+2.52346951E+00
+1.27427669E+00
+1.48171248E+00
+1.32720314E+00
+1.83878091E+00
+2.37585508E+00
+3.69568676E-01
+1.09253723E+00
+8.33965715E-01
+1.86776090E+00
+8.04308499E-01
+3.08283984E-01
+1.57308080E+00
+3.10859645E+00
+2.60400945E+00
+1.62646774E+00
+8.28201387E-01
+1.72358897E+00
+1.00402446E+00
+1.51605224E+00
+2.79496001E-01
+8.25146317E-01
+4.91112433E-01
+3.26215247E+00
+1.27542946E+00
+1.61884981E-01
+3.26747965E+00
+2.04563330E+00
+2.36187916E+00
+1.14368372E+00
+3.60204904E-01
+2.71099551E+00
+1.82180785E+00
+2.79019371E+00
+1.84376182E+00
+1.37656889E+00
+1.67432440E+00
+1.88472809E+00
+9.67919289E-01
+4.39583497E-01
+1.31531617E+00
+2.96280703E+00
+2.64275628E+00
+8.25760910E-01
+4.48823969E+00
+2.88319013E+00
+5.39712881E+00
+4.86310047E+00
+1.13572687E+00
+8.51119608E-01
+2.76990951E+00
+3.41705305E+00
+2.23703898E-01
+7.46887215E-01
+9.38068128E-01
+7.67090092E-01
+2.20225726E+00
+1.50000544E+00
+1.82454154E+00
+3.59261279E-01
+9.66556933E-01
+1.53218473E+00
+1.37067280E+00
+3.20496557E+00
+6.15682490E+00
+2.11561221E-01
+1.09144935E+00
+1.07489918E+00
+4.04690544E+00
+1.89950887E+00
+6.11796345E-01
+1.11148440E+00
+6.32087065E+00
+4.68386534E-01
+3.85010253E+00
+2.04376971E+00
+4.47786787E+00
+1.93943157E+00
+5.79033450E-01
+3.11856004E+00
+3.30890816E+00
+4.11123784E+00
+3.45979230E+00
+2.47995455E-01
+1.89257869E+00
+1.06575651E+00
+6.66693276E-01
+2.48257482E+00
+4.17792008E-01
+3.81490242E+00
+2.86537537E+00
+5.27441672E-01
+4.37266294E+00
+6.72582593E+00
+7.17612048E+00
+3.75993406E+00
+4.06801221E-01
+7.89216943E-01
+7.11254352E+00
+1.93968726E+00
+1.57379199E+00
+2.51799036E+00
+2.11761183E+00
+2.02524078E+00
+1.89592532E+00
+2.03159680E+00
+8.89196875E-01
+2.02272882E+00
+1.84843786E+00
+1.03511787E+00
+9.79597027E-01
+2.54861146E+00
+1.89178263E+00
+2.15910563E+00
+2.02458319E+00
+2.81318499E-01
+4.30981157E+00
+2.89634445E-01
+7.84533863E+00
+1.10945483E+00
+8.45190564E-01
+2.04603657E+00
+1.25655275E+00
+9.90804120E-01
+4.32679292E+00
+1.30656602E+00
+4.17802973E+00
+5.30504566E-01
+2.99199747E+00
+2.48727945E+00
+4.10073676E-01
+1.70422791E-01
+4.79234550E-02
+2.05474831E+00
+3.43788675E+00
+6.63997689E-01
+3.38230708E+00
+3.01723432E+00
+1.41564432E+00
+1.74582256E+00
+7.51429308E-01
+1.72149085E+00
+2.02964851E+00
+1.13188251E+00
+6.11546925E-01
+1.25909520E+00
+8.91096758E-01
+3.68465936E+00
+1.20977247E+00
+9.53556404E-01
+7.02133354E-01
+8.20914525E-01
+1.30496730E+00
+1.70228801E+00
+2.84388676E+00
+1.50307864E+00
+2.63523079E+00
+1.49531479E+00
+8.97770841E-01
+9.20472352E-01
+1.40663082E+00
+1.69597930E+00
+1.72688653E+00
+4.86243489E-01
+3.38330200E-01
+1.39627830E+00
+2.26218256E-01
+3.99237115E+00
+3.07326628E+00
+1.72204435E+00
+2.10685183E+00
+4.79883475E-01
+4.33596594E+00
+7.94056702E-01
+1.27991660E+00
+8.13590686E-01
+1.07221532E+00
+3.38137974E+00
+3.86589910E-01
+1.07686627E+00
+6.24222773E-01
+5.51503248E-01
+6.63824324E-01
+2.23953649E+00
+1.13517516E+00
+1.43979681E+00
+3.00319706E+00
+2.25113430E+00
+2.72554785E-01
+2.10300918E+00
+1.93122906E+00
+4.97020883E-01
+6.46522828E-01
+1.05200766E+00
+1.56792729E+00
+6.46174265E-01
+2.02390849E+00
+2.58514205E+00
+6.37002692E-01
+8.88967475E-01
+1.29272432E+00
+5.34822716E+00
+1.33477730E+00
+2.05868996E+00
+1.04929892E+00
+1.81046139E+00
+1.89739306E+00
+1.63230748E+00
+3.75068933E+00
+1.21171367E+00
+3.64521908E+00
+1.38344494E+00
+2.20305721E+00
+1.13071218E+00
+1.00021768E+00
+7.38750464E-01
+7.55310305E-01
+8.26189072E-01
+3.37801688E+00
+1.65599026E-01
+3.30938194E+00
+2.80556126E+00
+2.54896603E+00
+5.90063320E-01
+3.90135152E-01
+7.19990075E-01
+2.25719148E+00
+5.80796172E-01
+2.81421278E-01
+1.02051196E+00
+6.89018708E-01
+3.46563125E+00
+2.10707756E+00
+9.84033695E-01
+1.12878974E+00
+1.87040562E+00
+1.29167960E+00
+1.49603574E+00
