     +1.090461E-01
     -7.760015E-01
     +1.060133E+00
     +6.759134E-01
     -1.018545E+00
     +1.750719E-01
     -4.607810E-01
     -3.684346E+00
     -8.466457E-01
     +7.217793E-01
     -3.175562E+00
     +2.882153E+00
     -1.726355E+00
     -3.290894E-01
     -1.232874E+00
     -3.805374E+00
     -2.284633E+00
     +1.489686E+00
     -7.738386E-01
     -1.693624E+00
     +1.432507E+00
     -4.392929E+00
     -9.643590E-01
     -5.024043E-01
     +8.625531E-01
     -3.341945E+00
     +1.512338E-01
     +5.800833E-01
     -1.839020E+00
     -6.964834E-01
     +2.634683E+00
     +1.253154E+00
     -1.014711E-02
     +3.226222E+00
     +1.083872E+00
     +4.631307E+00
     -1.359848E+00
     +2.067192E-01
     +2.348573E-01
     -4.465014E+00
     -5.966318E-01
     +1.767121E+00
     -1.259605E+00
     -7.692912E-01
     -8.152492E-02
     +3.194718E+00
     -6.648588E-01
     -1.689138E+00
     +5.999826E-02
     -2.188623E-01
     -1.593063E+00
     +3.267010E+00
     +3.922953E-01
     +8.226774E-01
     -1.001819E+00
     -1.598003E+00
     +2.676000E-01
     -3.250179E+00
     +5.852003E-01
     +5.869038E-01
     -8.613085E-01
     +6.742334E-01
     -1.837870E+00
     +2.023565E-01
     -1.744643E+00
     +4.367518E-01
     -1.036239E+00
     -2.429778E+00
     -1.994312E+00
     -4.895322E-01
     -2.068544E+00
     -1.565027E+00
     +5.232391E+00
     -6.343868E-01
     +5.980109E-02
     -8.583216E-01
     -6.704831E-01
     -1.969241E-01
     -7.915227E-01
     -2.907265E+00
     -1.307377E+00
     -1.483929E+00
     -2.532637E+00
     +1.491979E+00
     +3.117590E+00
     -1.611960E-02
     -5.091196E-01
     +1.156344E+00
     -2.049808E+00
     -1.113467E+00
     -1.167130E+00
     -2.469885E-01
     -2.766449E+00
     +7.650603E-01
     -1.585390E-01
     +7.212848E-01
     -1.598599E+00
     -3.007371E+00
     -1.670369E+00
     -1.745960E+00
     +4.625228E-01
     +9.581281E-01
     +2.845900E+00
     -1.230469E+00
     +3.036219E+00
     +5.545674E+00
     +1.374593E-01
     -1.674019E+00
     +5.612208E-01
     -1.627093E-01
     +6.056683E-01
     -6.052388E-03
     +6.526158E-01
     +1.930111E+00
     -1.750680E+00
     -9.162950E-01
     -2.558205E+00
     -8.409619E-01
     +3.209495E+00
     +1.316046E+00
     +8.322701E-01
     -1.328075E+00
     -1.351902E+00
     -7.069082E-01
     -3.059411E+00
     +6.793884E-01
     +1.682548E+00
     +2.945828E-01
     +1.520577E+00
     +1.666966E+00
     +2.047990E+00
     -3.744539E-01
     +2.927871E-01
     -1.736013E+00
     +3.475900E-01
     -1.823176E-01
     -4.875028E-01
     -5.007375E-01
     +8.751428E-01
     +1.185836E+00
     -5.855981E-01
     +1.769468E+00
     +1.044279E+00
     +1.027504E-01
     +2.052519E+00
     -1.276075E+00
     -1.857905E-01
     -4.455505E-01
     -1.673669E+00
     -1.865670E+00
     -1.553343E-01
     +2.187936E+00
     -3.564777E+00
     -1.929321E+00
     -1.857717E+00
     +5.316241E+00
     +1.948981E+00
     +1.628684E+00
     -6.221345E-01
     -6.897143E-01
     +2.661267E-01
     -7.016882E-01
     +3.809578E-01
     +1.003702E+00
     -1.083393E-01
     +9.533675E-01
     +9.278490E-01
     +2.885729E+00
     -1.129099E+00
     -1.344861E+00
     -6.275109E-01
     +3.112159E-01
     +1.997753E-01
     +7.322691E-01
     -1.033615E-01
     +3.391427E-03
     +3.712634E-01
     -3.676668E-01
     -1.852493E+00
     -1.838982E+00
     -6.705291E-01
     +1.031529E+00
     +5.918873E-01
     +1.813021E+00
     +1.531835E+00
     -1.770207E+00
     -1.036184E+00
     +1.682531E+00
     -1.182510E+00
     -7.141600E-01
     +4.023267E-01
     +2.403780E+00
     +4.748112E-01
     -1.604144E+00
     -1.537951E-02
     -9.143423E-01
     +1.620391E-01
     +1.068170E+00
     -2.863650E+00
     +4.898267E-01
     -1.984822E-01
     +5.971651E-01
     +2.334231E+00
     +3.540763E-01
     -2.327058E+00
     -1.416693E+00
     +9.889397E-01
     +1.434641E+00
     -1.574000E+00
     -2.674934E+00
     +1.222243E+00
     +1.800882E+00
     -6.590547E-01
     +1.161251E+00
     +2.811273E+00
     -1.511070E+00
     -6.493570E-02
     -2.346242E+00
     -8.237068E-01
     +1.629039E+00
     +1.477088E+00
     +1.940510E-01
     +2.196930E+00
     +4.116304E-02
     -2.926218E-01
     +2.784818E+00
     +2.181212E-01
     +1.312994E+00
     -6.839517E-01
     +1.047372E-01
     +2.404927E+00
     +1.430345E+00
     -2.538083E+00
     -6.431845E-01
     +4.124996E-01
     -6.691598E+00
     +2.300699E+00
     +3.804787E-01
     -1.324001E+00
     +9.110098E-01
     +3.229432E+00
     -1.740352E+00
     +3.692510E-01
     +1.322978E+00
     +5.400507E-01
     +9.416001E-01
     +2.076389E+00
     +2.373514E+00
     -2.189855E+00
     +1.353385E+00
     -1.030453E+00
     -2.892419E-01
     +2.550571E+00
     -4.604798E+00
     -6.460559E-01
     +2.274294E+00
     +1.403947E-01
     +5.342154E-01
     +4.899291E+00
     +1.697205E-01
     +1.348338E+00
     -1.921067E+00
     +2.309359E+00
     -1.452914E+00
     +8.468800E-01
     +2.104403E+00
     +1.492527E+00
     +6.209954E-01
     +4.625256E-01
     -3.693546E+00
     -1.432730E+00
     +1.758535E+00
     -5.874150E+00
     -1.133786E+00
     -1.061330E+00
     -4.231809E-01
     +7.162558E-01
     -2.933254E+00
     -1.114293E+00
     -3.043488E+00
     -1.798961E-03
     +1.577705E-01
     -1.124109E+00
     +4.174284E+00
     -7.576621E-01
     -2.649416E+00
     +4.210603E-01
     -6.191535E+00
     -1.263205E+00
     +1.045116E-01
     +1.103703E+00
     -2.972374E-01
     -8.944985E-01
     +1.293937E+00
     +1.383798E+00
     +1.214130E+00
     -1.017342E+00
     +6.040780E-03
     +5.299187E-01
     -3.610454E-02
     +1.048459E-01
     -9.798179E-01
     +1.783268E+00
     -1.805956E+00
     +2.209618E+00
     +1.573216E+00
     -1.225138E+00
     -5.428072E-01
     +1.671268E+00
     -3.957107E-01
     -3.423030E+00
     +1.148025E+00
     -4.941084E+00
     +2.298943E+00
     -6.203659E-01
     +2.664350E+00
     -2.847745E+00
     -8.085444E-01
     -1.040411E+00
     +1.696267E+00
     -8.867216E-01
     +1.614575E+00
     +1.270436E+00
     -4.003931E-01
     +6.441714E-01
     -8.549151E-01
     -6.397987E-01
     -1.627948E-02
     -3.453582E+00
     -6.303121E-01
     -1.409157E+00
     +6.026460E-01
     +1.209029E+00
     -7.509985E-01
     +2.314431E-01
     +1.574664E+00
     +2.115585E+00
     +2.539429E+00
     +4.026328E+00
     +2.386680E+00
     +3.768785E-01
     +3.500085E-01
     -2.641150E+00
     +6.579823E-01
     -9.463987E-01
     +4.758558E-02
     +2.846800E+00
     +8.236071E-01
     +1.704317E-03
     -2.619143E+00
     -2.751670E+00
     +2.131885E-01
     +1.649549E+00
     -1.911573E+00
     -7.269968E-01
     +8.572076E-02
     -4.357235E+00
     -3.273991E-01
     -6.489633E-01
     +5.283853E-01
     -1.455304E+00
     -2.946011E+00
     -5.345632E-01
     -6.287777E-01
     +3.005836E-01
     +1.086177E-01
     +6.468593E-01
     -2.037555E+00
     -2.398098E+00
     -6.828036E-02
     +1.197990E-01
     -6.287378E-02
     -3.500379E+00
     +6.530799E-01
     +2.009704E-01
     +7.284722E-01
     +7.815359E-01
     -3.264205E+00
     +1.535636E-01
     +1.015490E+00
     +4.726359E+00
     +1.380841E+00
     -2.526457E-01
     +2.920923E+00
     +3.101663E+00
     +2.891449E+00
     -1.086551E+00
     +2.117181E+00
     -1.503869E+00
     -1.020251E+00
     -3.176920E-01
     -3.200468E+00
     +2.345333E-01
     +1.456933E+00
     +1.567156E+00
     +4.983679E-01
     -1.232605E+00
     -1.373695E+00
     +5.115293E-01
     -2.633952E+00
     +3.522958E+00
     -2.976258E-01
     -3.813732E+00
     +8.143144E-01
     -2.506497E+00
     +9.129838E-01
     +1.908672E+00
     -2.166429E+00
     -1.188120E+00
     +2.330748E+00
     -8.355350E-01
     -1.518684E-01
     +2.650603E+00
     +6.281939E-01
     +8.762911E-01
     +1.052378E+00
     +7.800056E-01
     +5.300162E-01
     -1.285850E+00
     +7.776331E-01
     +4.410677E-01
     -2.940006E+00
     -1.273472E+00
     +9.838102E-01
     +1.762619E-01
     -8.731905E-02
     -2.195410E-02
     +3.460892E+00
     +3.842581E-01
     -1.630111E+00
     +3.125662E+00
     +2.787863E+00
     -9.478652E-01
     +2.107439E-01
     +1.538976E+00
     -2.078899E+00
     +4.516462E-01
     -1.958367E+00
     -1.050218E+00
     -2.684887E+00
     -9.312178E-02
     +4.785904E-01
     +9.454728E-01
     +1.024910E-01
     +2.213677E+00
     -3.025840E+00
     -5.562263E-01
     -1.855490E-01
     +4.488758E-01
     -2.066381E-01
     -1.038022E+00
     +1.842580E-01
     -1.351547E+00
     -2.666089E-01
     +2.958636E-01
     +3.515236E-01
     +8.734536E-01
     -1.918660E+00
     -1.563887E+00
     +1.330033E+00
     -2.832248E-01
     -1.516090E+00
     +7.548809E-01
     -1.070307E+00
     -2.577374E+00
     +1.715886E+00
     +4.104570E-01
     +1.100350E-01
     -6.042548E-01
     -9.710473E-02
     +1.387466E+00
     -1.183367E+00
     -4.132536E+00
     -1.063548E-01
     +3.410866E+00
     +1.454187E+00
     -9.675655E-01
     -1.736021E+00
     -1.444750E+00
     -9.272401E-01
     -5.907693E-01
     +6.923997E-01
     -1.333003E-01
     -2.132899E+00
     -1.721284E+00
     +3.018438E+00
     -6.746698E-01
     -6.433037E-01
     -4.973162E-01
     +6.165491E-01
     -1.120734E+00
     +2.141726E-01
     +9.174143E-01
     -2.249224E+00
     -2.361225E-01
     +1.119959E+00
     +2.390205E+00
     -3.104344E-01
     +4.060736E-01
     -3.085651E+00
     -1.247606E+00
     +1.696599E+00
     +1.965797E+00
     -1.974104E+00
     +5.378757E+00
     +5.163166E-01
     +4.753639E+00
     -5.222496E-01
     +5.625060E-02
     -8.719259E-01
     +4.288253E+00
     +5.953144E-01
     -2.890346E+00
     +1.723049E+00
     +2.373021E+00
     +3.966175E-01
     -1.594437E+00
     +3.042145E+00
     +1.950718E+00
     +1.151492E+00
     +1.397168E+00
     -4.840023E-01
     +8.692909E-01
     +2.642088E-03
     +1.558763E+00
     -1.865413E+00
     +2.278063E+00
     +2.105511E+00
     +1.255645E-02
     -1.089470E+00
     +1.107241E+00
     -1.052222E+00
     +1.179913E+00
     +1.403169E-01
     +1.313695E+00
     -1.511247E+00
     -2.527984E+00
     -3.623430E+00
     -2.300403E+00
     +7.005565E-01
     -2.570767E+00
     -1.118776E+00
     -1.315749E+00
     -9.721520E-02
     +7.778366E-01
     +1.546107E+00
     -2.092798E+00
     +5.660263E-01
     -2.578822E+00
     +1.138364E+00
     +1.385688E+00
     -9.397924E-01
     +2.605773E+00
     -5.210990E-01
     -2.130528E+00
     -2.466732E-01
     -5.440686E-01
     -1.634141E+00
     -1.384820E+00
     -1.186942E-01
     +4.174319E+00
     -2.318466E-01
     +3.732688E-02
     +6.336785E-01
     -6.752278E-01
     -1.363213E+00
     +5.034683E-02
     -1.163957E-01
     +2.834466E-01
     +4.521017E-01
     -2.751790E+00
     +2.431669E+00
     -2.244785E+00
     -2.315609E+00
     +1.113666E+00
     -9.983509E-02
     +3.232810E+00
     +2.285492E+00
     -1.259386E+00
     +1.200629E+00
     -1.638313E+00
     -2.650363E+00
     -3.686899E-01
     +3.861856E-01
     -7.636624E-02
     -1.012477E+00
     +4.106375E-01
     +1.727767E+00
     -1.778143E-01
     -2.424335E+00
     +7.821567E-01
     -2.544830E-01
     -1.145969E+00
     +1.460386E+00
     -1.031978E+00
     -9.816007E-01
     -2.822281E-02
     +6.201059E-01
     +3.214299E+00
     +1.790562E+00
     -1.761971E+00
     -8.804941E+00
     +3.039494E-01
     +2.065959E-01
     -3.266496E-01
     -4.575048E-01
     +6.254373E-03
     +1.730373E+00
     +1.341069E+00
     -1.190821E+00
     -8.741081E-02
     -6.898805E-01
     -1.552316E+00
     -6.479741E-01
     -2.417518E-01
     -1.944893E-02
     +1.343310E+00
     +5.576166E-01
     -2.873812E+00
     +2.310323E+00
     +4.348605E-01
     -1.309345E+00
     +2.793114E-01
     +1.030493E+00
     -2.195155E+00
     -2.379057E+00
     -2.610787E+00
     +4.005996E-01
     -2.084362E+00
     +1.106698E+00
     +1.358834E+00
     -2.706373E-01
     -1.461741E-02
     -1.224569E+00
     +3.383862E-01
     -1.457766E+00
     +1.795394E-01
     +2.741499E+00
     +1.299972E+00
     -3.897406E-01
     -2.897374E-02
     -1.336972E+00
     -3.063360E-02
     -7.552787E-01
     +4.386348E-01
     +1.728865E+00
     -1.390399E+00
     -6.309089E-01
     +2.000213E+00
     +1.876148E+00
     +8.572238E-01
     -1.713291E+00
     +5.188742E-01
     -6.644339E-01
     +2.317205E+00
     +1.041191E+00
     -1.741708E+00
     -1.451647E-01
     -6.172317E-01
     +1.770453E+00
     +5.401070E-01
     -2.191717E+00
     -8.898377E-01
     -1.557452E+00
     -9.042063E-01
     -2.001143E+00
     +6.621470E-01
     +2.130666E+00
     +9.027040E-01
     +1.347081E+00
     -4.510446E+00
     -5.666671E-01
     -1.300108E+00
     -6.179530E-01
     -1.102830E+00
     -2.186609E+00
     +1.080650E+00
     +1.368869E+00
     +1.263821E+00
     -6.886550E-02
     -4.581837E-01
     -3.122771E+00
     +2.746184E-01
     +1.381253E+00
     -1.887486E+00
     -1.098997E+00
     -3.677487E+00
     -2.487913E-01
     -1.309731E+00
     -6.120128E-01
     +1.392276E+00
     -1.494368E+00
     -7.040296E-01
     +7.691902E-01
     -1.362512E+00
     -1.661508E+00
     -2.577306E-01
     +2.998785E-01
     +2.618992E+00
     +4.673608E-01
     -1.748457E+00
     -1.194831E-01
     +4.019927E-01
     +1.564986E+00
     -1.641640E+00
     -1.350989E-01
     +1.699274E+00
     +2.751247E+00
     +1.348427E+00
     +7.374799E-01
     +3.514275E+00
     -1.183174E+00
     +2.267684E-01
     -1.128049E+00
     +1.494315E-01
     -1.022200E+00
     +1.579963E+00
     +1.111154E+00
     +5.234059E-02
     -2.732073E+00
     -2.649043E+00
     +2.006605E+00
     -1.278971E+00
     -9.929559E-01
     -1.505854E+00
     +6.632764E-01
     -6.633677E-01
     -2.742542E-01
     +1.775732E-01
     +9.591159E-01
     +2.013150E+00
     +1.358810E+00
     -8.820113E-01
     -4.130171E-01
     +2.907737E+00
     -3.815932E-01
     +1.184393E-01
     -3.040327E-01
     +3.915834E-01
     -6.962304E-01
     +8.758300E-01
     -1.618414E+00
     -2.151266E+00
     +1.743440E+00
     -2.122103E-01
     -1.583094E+00
     +8.594056E-01
     +6.078489E+00
     +6.492771E-01
     -3.224531E+00
     -8.497317E-01
     -4.787462E+00
     -7.101938E-01
     -4.703918E-01
     +1.998088E-01
     -1.021242E+00
     -5.423990E-01
     +1.098837E+00
     +8.370960E-01
     +4.482651E-01
     +2.613310E+00
     +1.105300E+00
     +6.848641E-01
     +1.361118E+00
     -1.462652E+00
     -4.863132E-01
     -5.661773E-01
     +1.689870E+00
     +6.362639E-01
     +3.894150E-01
     -5.733578E-01
     +6.765373E-01
     +7.912576E-01
     -1.334729E+00
     +2.276745E+00
     +2.103635E-01
     +1.395742E+00
     -9.725088E-01
     +8.445545E-01
     +5.108034E-02
     -8.742302E-01
     +2.142615E+00
     +7.091300E-01
     -1.834038E+00
     -1.448586E+00
     -5.983059E+00
     -1.590000E+00
     -1.353028E+00
     -2.478215E+00
     -2.489357E+00
     -2.856054E-01
     +8.180717E-01
     +6.380591E-01
     +1.650297E+00
     -3.330601E+00
     +1.054940E+00
     +2.365461E+00
     +1.860285E+00
     -2.550148E+00
     -1.424512E+00
     +1.103684E+00
     -1.712712E+00
     -4.933168E-01
     -3.045686E+00
     +3.649369E-01
     -5.036413E-02
     -2.685567E+00
     -4.173208E-01
     +2.740296E+00
     +1.191574E+00
     +1.702551E+00
     +1.230160E+00
     -2.845800E+00
     +9.629394E-01
     -2.304190E+00
     -1.412511E+00
     -1.259583E+00
     -6.544987E-01
     +2.652237E-01
     -6.773848E-01
     -3.002510E-01
     +1.555755E+00
     +7.660920E-01
     -7.137421E-01
     +1.365074E+00
     -6.495338E-01
     -7.636266E-02
     +3.382802E+00
     +3.488788E+00
     -1.394720E+00
     -6.108836E-01
     +7.135695E-01
     +4.829093E-01
     -1.054128E+00
     -2.053702E+00
     -1.079193E+00
     +7.283599E-01
     -7.024028E-01
     +1.317514E+00
     +8.764235E-01
     +1.978422E+00
     -2.425759E-01
     -8.706255E-02
     +4.807222E+00
     -2.307204E+00
     +5.082894E-01
     +2.102003E+00
     +9.017916E-02
     -6.697866E-01
     -3.166439E-01
     -9.215467E-01
     -8.782069E-01
     +1.458853E+00
     +7.483288E-01
     -2.590880E-01
     +2.332897E+00
     +1.274967E+00
     +2.420885E+00
     -9.556847E-02
     -3.457991E+00
     -2.025094E+00
     -4.504629E-02
     -1.110682E+00
     +4.719795E-01
     -2.839532E+00
     +1.557440E+00
     -2.022304E+00
     -7.381603E-01
     +9.333624E-01
     +1.978008E-01
     -1.172711E+00
     +8.609682E-01
     +8.916536E-01
     +7.372297E-01
     +7.124815E-01
     +2.656478E+00
     -4.429713E-01
     +1.922473E+00
     -1.171110E+00
     +2.886067E+00
     +1.039373E+00
     +3.823556E-02
     -2.217124E+00
     +2.391274E+00
     -1.220406E+00
     +8.576047E-01
     -1.136812E+00
     +5.280391E-01
     +1.020189E+00
     -7.102724E-01
     -3.212693E+00
     +7.984798E-01
     -1.864418E+00
     +9.361044E-01
     -1.166684E+00
     +2.557016E+00
     +7.816702E-02
     -6.244344E+00
     -1.721064E+00
     -1.113660E+00
     -1.978632E+00
     -5.604095E-01
     -8.364232E-02
     -1.029371E+00
     -1.434874E+00
     -7.424626E-01
     -7.501282E-01
     -7.888829E-01
     -1.225175E-01
     -4.378855E+00
     -1.159261E+00
     +1.098220E+00
     +4.762280E-02
     +1.518801E+00
     -2.415484E+00
     +2.787233E+00
     -1.950940E+00
     -2.398437E+00
     -4.307891E+00
     +8.136564E-01
     -1.558445E+00
     +4.510061E-01
     -1.393223E+00
     -5.357022E+00
     +3.221541E+00
     +3.267989E+00
     +3.333401E+00
     -1.344003E-01
     +2.539533E+00
     -3.166267E+00
     +2.691266E-01
     +4.089818E-01
     +4.884722E-01
     +2.195333E+00
     -1.359642E+00
     -1.896366E+00
     -2.841785E+00
     -6.169194E-01
     +1.390604E+00
     -8.181060E-01
     -1.092564E+00
     +1.399963E-01
     -7.906871E-01
     +1.459382E+00
     -6.499372E-01
     -7.891624E-01
     +2.313922E+00
     +8.553610E-01
     -4.337492E-01
     -6.179585E-01
     -1.226478E+00
     +1.584000E+00
     +3.977650E-01
     -1.096201E-01
     -8.299364E-01
     +6.702745E-01
     +2.362477E+00
     -4.844279E-01
     -5.697626E-01
     -9.954299E-02
     +1.142430E+00
     +1.488128E+00
     -1.764174E+00
     +1.349928E-01
     +1.354880E+00
     -1.191045E+00
     -2.101253E-01
     +1.641860E+00
     +3.497242E+00
     -2.667922E+00
     +1.314521E-02
     -7.886643E-02
     +6.978480E-01
     +1.534704E+00
     -1.527116E+00
     -2.423040E+00
     +5.481350E-01
     -8.129269E-02
     -2.396724E-01
     -1.769913E+00
     +7.958083E-02
     -7.890859E-01
     -1.782346E-01
     +3.986012E-01
     +6.328945E-01
     -2.249375E-02
     +4.354831E-01
     -1.650371E+00
     +3.502421E+00
     +2.916347E+00
     -1.530192E+00
     -4.379135E+00
     +1.711317E+00
     -7.178170E+00
     -2.451610E+00
     -5.499191E-01
     -5.616416E-01
     +7.747633E-03
     +5.127717E-01
     +8.459986E-01
     -2.154247E+00
     +4.163271E-01
     +8.813655E-01
     -1.226954E+00
     -4.456690E+00
     -5.872356E-01
     +4.170418E+00
     -2.136624E+00
     -3.398242E+00
     -4.361122E+00
     -1.066502E+00
     +1.261400E+00
     +5.066624E-01
     +1.495117E+00
     +4.385192E-01
     -1.613799E-01
     -1.950933E-01
     +1.717659E+00
     -3.357804E+00
     +3.229210E-01
     -6.963809E-01
     +1.859246E+00
     -4.964358E-01
     -4.447418E+00
     +1.104695E+00
     +6.020164E-02
     +1.130731E+00
     -9.735841E-01
     +9.931323E-01
     -8.586063E-01
     +2.453105E+00
     -2.698458E+00
     +1.091131E-01
     -3.349715E+00
     -1.410395E+00
     +2.737786E+00
     +6.121230E-01
     +3.086945E+00
     +5.596384E-01
     -9.977547E-01
     -9.482041E-01
     -6.481870E-01
     -1.102135E+00
     +2.703007E+00
     -1.618984E+00
     -1.457144E+00
     -5.249841E-02
     -1.580919E-01
     +7.934860E-01
     +1.796629E+00
     -1.003887E+00
     +2.244151E+00
     +5.766230E-01
     -7.264410E-01
     -2.374528E-01
     +1.885069E+00
     -5.086082E+00
     -2.634267E+00
     -1.341822E+00
     -1.379586E+00
     +1.242787E+00
     +3.651648E+00
     +1.188275E+00
     -1.467649E-01
     +4.101644E-01
     +7.533088E-01
     -4.290197E-01
     +6.092230E+00
     -1.074344E+00
     -1.552143E+00
     +3.686748E+00
     -2.128633E+00
     +5.141488E+00
     +1.535235E+00
     +2.952442E-01
     -1.709424E+00
     +1.041808E+00
     -2.454200E+00
     -3.854449E+00
     -7.846625E-01
     +5.084161E-01
     -4.144019E-01
     +6.063139E-01
     -1.536014E+00
     +1.585303E+00
     +1.184727E+00
     -1.005778E+00
     +5.458223E-01
     -6.401288E-01
     +1.122546E+00
     +3.596196E-02
     +1.134096E+00
     -8.767231E-01
     +1.917081E+00
     +1.146075E+00
     +2.016852E+00
     -2.458985E+00
     +2.889381E-01
     -1.914125E+00
     -6.003518E-01
     -1.615817E-02
     -2.518956E+00
     +2.499029E-01
     +4.429913E+00
     -1.435392E+00
     -1.406729E+00
     +9.329387E-01
     -4.093170E-01
     -3.608675E+00
     -4.578641E-01
     +4.939344E+00
     -1.492198E+00
     -1.585626E+00
     -1.976331E+00
     +7.735378E+00
     +6.935999E-01
     -3.778609E+00
     -1.713231E+00
     +6.350087E-01
     +1.443041E+00
     -3.765766E+00
     -1.824684E+00
     -2.582662E+00
     -7.447886E+00
     -1.114706E+00
     +1.137478E+00
     +3.745046E-01
     +1.779460E+00
     +4.485853E-01
     -8.262496E-01
     -1.421902E+00
     -1.197701E+00
     -2.070954E-01
     -1.429675E+00
     +1.018048E+00
     +1.937206E+00
     -9.037446E-01
     +4.799404E+00
     -2.470002E-02
     +9.098744E-01
     -6.398120E-01
     +5.917873E-01
     -1.563917E-02
     -5.088459E-01
     +4.099168E+00
     +1.040102E+00
     +4.777592E-01
     +2.245608E+00
     -3.902455E+00
     +2.003112E+00
     -1.628462E+00
     +2.407142E-01
     +5.954092E-01
     -2.413590E+00
     -1.784890E-01
     +1.657602E-01
     +1.250762E+00
     +2.086112E-01
     +1.611427E+00
     +1.261517E+00
     -1.250833E+00
     -2.123433E+00
     +1.460726E+00
     +2.464659E+00
     +1.125546E+00
     +1.996041E+00
     +2.019072E+00
     -4.448259E-01
     +1.950366E-02
     +1.397949E-02
     +1.062610E+00
     +3.976521E-01
     -2.270794E+00
     -7.900693E-01
     -3.276756E-01
     +1.168166E+00
     +1.119620E+00
     -1.388677E-01
     +5.768404E-01
     -1.151671E+00
     -7.567036E-01
     +1.322460E+00
     -2.182316E-01
     -1.657176E-01
     +1.439821E+00
     +5.171394E-01
     -2.400997E-01
     -2.768202E+00
     +2.643249E+00
     +4.497233E-01
     -2.319037E+00
     +8.129255E-02
     +1.422377E+00
     -4.176601E+00
     +2.129863E+00
     +1.138309E+00
     -1.851464E+00
     +5.143164E-02
     +1.392542E+00
     -8.571731E-01
