     -1.733720E-02
     -2.108609E-01
     +1.535719E-01
     -1.969632E-01
     +6.549787E-02
     -8.230924E-01
     -6.507980E-01
     -4.191141E+00
     -5.693719E-02
     -3.768914E-01
     -3.060245E+00
     +3.219580E+00
     +2.548323E-01
     -7.264232E-01
     -6.643336E-01
     -3.446973E+00
     -2.302415E-01
     +2.721666E+00
     -8.654673E-02
     -2.439146E+00
     +2.558780E-01
     -3.490771E+00
     +1.187918E+00
     -1.083933E-02
     +5.325406E-01
     -2.208685E+00
     +1.282619E-01
     -6.024779E-01
     -3.001681E-01
     -1.743641E+00
     +1.304343E+00
     +7.393887E-01
     +4.074917E-01
     +2.683300E+00
     +1.761925E+00
     +5.129987E+00
     +3.832529E-01
     -5.632418E-03
     +1.394207E+00
     -4.563324E+00
     -1.115822E+00
     +1.258052E+00
     +4.290284E-02
     -7.063163E-01
     +5.785862E-01
     +1.737495E+00
     +3.401522E-02
     +2.085109E-01
     +3.813594E-01
     -3.379916E-01
     -1.251362E+00
     +1.668611E+00
     -4.555812E-01
     +1.725344E+00
     -8.080901E-01
     -8.456334E-02
     +6.157936E-01
     -2.014113E+00
     -1.175131E+00
     +9.475432E-01
     -1.361302E-01
     +2.746957E+00
     -2.311089E+00
     +4.761984E-01
     -4.716409E-01
     +2.333088E-01
     -1.075483E+00
     -1.193263E+00
     -4.046391E-01
     +1.890744E-01
     -1.008391E+00
     -5.374866E-01
     +4.392901E+00
     +4.697979E-03
     +5.781377E-02
     -4.907758E-01
     -7.670778E-01
     -3.422841E-01
     -5.936360E-01
     -2.059514E+00
     -1.438510E+00
     +8.701913E-01
     -1.971969E+00
     +6.665448E-01
     +3.362883E+00
     -5.511492E-01
     -8.009138E-01
     -3.865473E-01
     -3.438214E-02
     -1.749614E+00
     -1.402733E+00
     +1.857970E+00
     -4.191607E-01
     +1.047653E-01
     +6.420354E-01
     +5.373034E-01
     -1.283612E+00
     -1.805960E+00
     -1.803928E+00
     -6.675366E-01
     +5.897514E-01
     +1.117307E+00
     +2.687943E+00
     -1.371713E+00
     +2.099727E-01
     +5.318037E+00
     +4.622209E-01
     +2.520831E-02
     +1.239574E-01
     -1.521816E+00
     -4.597384E-01
     -8.466332E-03
     -8.380581E-02
     +1.054055E-01
     -5.380884E-01
     -1.392416E+00
     -2.694161E+00
     -4.311598E-02
     +2.902183E+00
     -6.484771E-01
     +1.172458E+00
     -2.258615E+00
     -1.575050E-01
     +3.055343E-01
     -1.585494E+00
     +4.358672E-01
     -5.604616E-01
     +9.047471E-02
     +7.691039E-01
     -7.053364E-01
     +4.236473E-01
     -3.641820E-01
     +4.967562E-01
     -9.849527E-01
     -2.052058E+00
     +8.854328E-02
     -4.552803E-02
     -1.532509E-01
     -3.931951E-01
     +2.338893E-01
     -1.018862E+00
     +1.205597E+00
     +2.894411E+00
     -8.437285E-02
     +6.768561E-01
     -9.273195E-01
     -1.197079E+00
     +3.343175E-02
     -2.834443E+00
     -1.102616E+00
     +9.462491E-01
     +1.319214E+00
     -1.750352E+00
     -9.243017E-01
     -1.285410E+00
     +6.004441E+00
     +1.163879E+00
     +5.718965E-01
     -5.403541E-01
     -1.191168E+00
     -4.895108E-02
     -3.725338E-01
     +1.005302E-02
     -8.308790E-01
     -3.165348E-01
     +1.808333E+00
     +8.636480E-01
     +1.173909E+00
     -2.539034E-01
     -1.640112E-01
     -4.518429E-01
     +1.936431E-01
     +1.575381E-01
     -8.528349E-01
     -9.276172E-01
     -1.063704E+00
     -1.784673E-01
     +1.816832E-01
     -1.340342E-01
     +5.891337E-01
     -2.240184E-01
     -1.009027E+00
     +2.277799E-01
     +6.868894E-01
     +9.988940E-01
     -2.139436E-01
     +7.707756E-01
     +7.571769E-01
     -5.950125E-01
     -9.814998E-02
     +1.952048E-01
     +6.044081E-02
     +5.204377E-01
     -7.300706E-02
     +1.230899E-01
     -3.290276E-01
     +8.694969E-02
     -3.783563E-02
     -2.100827E+00
     +4.242756E-01
     +3.918604E-02
     +1.128378E+00
     +2.081589E+00
     +1.766080E+00
     -1.229131E+00
     -1.596573E+00
     +8.546358E-01
     +6.499801E-01
     -9.454072E-01
     -3.622923E+00
     -4.017696E-01
     +1.545324E+00
     -1.762088E+00
     +4.001165E-01
     +1.293571E+00
     -5.470340E-01
     +4.467811E-01
     -8.576585E-01
     -7.157314E-01
     +1.897200E+00
     +1.664800E+00
     -2.851230E-01
     +2.153656E+00
     +9.425459E-01
     +6.666258E-01
     +1.970282E+00
     -2.525227E-01
     -3.811121E-01
     -2.677816E-02
     +2.356806E-01
     +1.979990E+00
     +1.288609E+00
     -3.107938E+00
     -8.442501E-01
     -5.664745E-01
     -5.834830E+00
     +1.114543E+00
     +2.882717E-01
     -1.328957E-01
     +6.702123E-02
     +2.244933E+00
     -1.017976E+00
     +9.360246E-01
     +7.203131E-01
     +1.606100E+00
     -1.860775E-01
     +1.311650E+00
     +1.087784E+00
     -4.913558E-01
     +7.757710E-02
     -6.268925E-02
     +1.221673E-01
     +2.150629E+00
     -3.472685E+00
     -1.899416E-01
     +8.115685E-01
     -1.673558E+00
     +1.578428E+00
     +3.255015E+00
     +9.016764E-02
     -1.270509E-01
     -1.187675E+00
     +1.199613E+00
     -1.424346E+00
     -4.578202E-01
     +1.243718E+00
     +2.098602E+00
     +7.858050E-01
     +1.199611E+00
     -2.434763E+00
     -1.804487E+00
     -5.683003E-01
     -3.994322E+00
     -6.955332E-01
     -4.565419E-01
     +9.871357E-01
     -3.228864E-01
     -3.333995E+00
     +4.134952E-01
     -6.598464E-01
     +3.742001E-01
     +1.039119E+00
     -3.256528E-01
     +3.398575E+00
     -8.275104E-01
     -1.328222E+00
     +5.475368E-01
     -6.395590E+00
     -2.756402E-01
     -2.498128E-01
     +8.579079E-01
     -2.351981E-02
     -4.199249E-01
     +9.673453E-01
     +2.852440E-02
     -2.299357E-01
     +1.252762E-02
     +1.015253E-01
     +1.787857E+00
     +3.898121E-01
     +4.317990E-04
     -8.501762E-01
     +5.585707E-01
     -1.894813E+00
     +1.295969E+00
     +1.141868E+00
     -5.448481E-03
     +1.497063E-01
     -3.027694E-01
     +1.084683E-01
     -1.652932E+00
     +7.389017E-01
     -2.098384E+00
     +2.636718E+00
     +6.378798E-01
     +1.061335E+00
     -2.543986E+00
     +5.765026E-01
     -4.923581E-01
     +3.751377E-01
     -3.750070E-01
     -7.354275E-01
     +5.626338E-01
     -2.297237E-01
     +5.216615E-01
     -1.155447E+00
     -8.463187E-02
     -4.016368E-01
     -2.524169E+00
     +3.963324E-01
     +5.053952E-01
     +1.097831E+00
     +7.052758E-01
     -4.510291E-01
     +9.202673E-01
     +1.273152E+00
     +1.852985E+00
     +2.252450E+00
     +4.233470E+00
     +1.931542E-01
     +6.330330E-01
     +6.264885E-01
     -9.178826E-01
     +1.176838E-01
     +4.856637E-01
     +2.198344E+00
     +2.149210E+00
     +1.076147E-01
     +8.018695E-01
     -5.726525E-01
     -2.430004E+00
     +5.014160E-02
     +1.317648E+00
     +4.204728E-01
     +3.294912E-02
     +7.163076E-01
     -4.549881E+00
     -4.897546E-01
     -8.422755E-01
     -4.219846E-02
     -4.669462E-01
     -2.358430E+00
     +9.192554E-01
     +2.136385E-01
     -4.224220E-01
     -5.520936E-02
     +3.783509E-02
     -3.516777E-01
     -1.932393E+00
     +1.165712E-02
     -8.937567E-01
     +4.654997E-01
     -2.572152E+00
     +6.632658E-01
     +8.059959E-01
     +2.955890E-01
     +5.356086E-01
     -2.320884E+00
     -7.014205E-02
     -2.337581E-01
     +4.654805E+00
     +1.155387E+00
     +2.123287E-02
     +3.772113E+00
     +1.189037E+00
     +2.412711E+00
     +5.432393E-01
     +2.439528E+00
     -2.757641E-01
     -2.196499E-01
     +4.897405E-02
     -1.316809E+00
     +3.628634E-02
     +2.098259E+00
     +7.107402E-01
     +3.047262E-02
     -2.757875E-01
     -3.460442E-01
     -6.205398E-02
     -1.898287E+00
     +2.097913E+00
     -2.645508E-01
     -1.795596E+00
     +1.088756E+00
     -2.267276E+00
     -6.457620E-01
     +1.479505E+00
     +2.087462E-01
     -5.102077E-02
     +1.207288E+00
     +1.078550E-01
     -4.566986E-02
     -3.113908E-01
     +4.414435E-01
     -7.747999E-02
     -3.984934E-01
     +5.333433E-01
     +9.616127E-01
     -1.468560E-01
     -1.063566E-02
     +9.647843E-01
     -3.667310E+00
     -1.142588E+00
     +9.336565E-01
     +5.060737E-02
     +6.746980E-03
     -2.193845E-01
     +3.783292E+00
     -3.088661E-02
     -2.341665E+00
     +1.826751E+00
     +2.616026E+00
     -3.822016E-01
     +9.008597E-03
     +1.892955E+00
     -3.048272E+00
     +7.785628E-01
     -2.967682E-01
     +3.437609E-01
     -3.228826E+00
     -1.689494E-01
     -2.919031E-01
     +2.156250E-03
     +1.411640E+00
     +5.812269E-01
     -1.105611E+00
     +3.711554E-01
     -1.077858E-01
     +9.635509E-01
     +5.074919E-02
     -1.952853E-03
     -4.001725E-01
     -8.046839E-01
     -1.536487E-01
     +4.068104E-01
     -5.364522E-01
     +9.369386E-01
     -2.268869E+00
     +1.338560E-01
     +4.179635E-01
     -1.245510E+00
     -1.099476E+00
     +8.346064E-01
     +5.348787E-01
     -2.093419E+00
     +3.614654E+00
     -7.748990E-01
     -2.691495E-01
     -3.874383E-01
     +8.577152E-01
     +1.774548E+00
     +5.913776E-01
     -2.942539E+00
     +1.066962E+00
     +1.688921E+00
     +3.033353E-01
     -3.223070E-02
     -2.046419E+00
     -8.852408E-01
     -2.076459E-01
     +4.140264E-01
     +9.428326E-01
     +5.996243E-02
     -4.637281E-02
     +4.672075E-01
     +3.162701E+00
     +3.020249E-02
     -9.152098E-01
     +2.617862E-01
     -5.571890E-01
     -8.003959E-01
     -3.309418E-01
     +7.855239E-01
     -4.023661E-01
     -1.421180E+00
     -8.423131E-01
     +2.525422E+00
     -2.687143E-01
     -3.528446E-01
     -7.618888E-01
     -2.714240E-01
     +1.613519E-01
     +1.796733E+00
     -1.034035E+00
     +3.966510E+00
     +4.786211E-01
     +2.957314E+00
     -3.853594E-01
     -1.989415E-01
     -1.382627E-01
     +5.010492E+00
     +1.918197E-01
     -1.929900E+00
     +1.698773E+00
     +8.774776E-01
     +8.234781E-01
     -4.614244E-01
     +7.904242E-01
     -1.321215E-02
     +4.045629E-01
     +1.570694E+00
     -6.561062E-02
     -9.216088E-02
     -2.844493E-02
     +4.095114E-01
     -1.822655E+00
     +2.626328E+00
     +2.032598E+00
     -1.183311E-01
     -1.491962E+00
     +8.000415E-01
     -6.406327E-01
     +1.001866E+00
     +4.600395E-01
     +9.783267E-01
     -1.899354E+00
     -1.287094E+00
     -2.383452E+00
     -5.103340E-01
     +3.212644E-01
     -2.433493E+00
     -4.137129E-01
     -6.724199E-01
     -1.001698E+00
     +1.327016E+00
     +1.065638E+00
     -7.952923E-01
     +4.960608E-02
     -9.579771E-01
     +1.028498E+00
     +4.327099E-01
     -2.208718E-01
     +2.012535E+00
     -2.850209E-01
     -5.999027E-01
     +4.622614E-01
     -3.323358E-01
     +3.689628E-01
     -6.164996E-01
     -1.261166E+00
     +4.876852E+00
     +1.991347E-02
     -1.383163E-01
     +4.217605E-01
     -2.579906E-01
     -3.381145E-02
     +1.357464E-01
     +1.702910E-02
     -9.230951E-01
     +2.303223E+00
     -2.768718E+00
     +9.949283E-01
     -1.632634E+00
     -3.122512E+00
     +6.854319E-01
     +1.858289E-02
     +3.177460E+00
     +5.078495E-01
     -1.608910E+00
     +6.605903E-01
     -1.597659E+00
     -1.310709E+00
     +5.428455E-01
     -1.006005E+00
     -8.501309E-01
     -4.708617E-01
     +1.983906E+00
     +6.198320E-01
     -5.726774E-01
     -2.478232E+00
     +4.274779E-02
     -3.646925E-01
     +1.166559E+00
     -5.615575E-02
     -2.830258E-01
     -9.115442E-01
     +4.679444E-01
     -4.466758E-01
     +2.801571E+00
     +9.641265E-01
     -1.378693E+00
     -7.180116E+00
     +8.696629E-02
     -1.533703E-01
     -4.770570E-01
     +1.050991E-01
     -1.904284E-01
     +1.401681E+00
     -7.599232E-01
     -2.375399E+00
     -2.476358E-01
     -5.170293E-01
     -8.397938E-01
     -4.466998E-01
     -8.605195E-01
     -1.440462E-01
     +5.026269E-01
     -4.003750E-01
     -1.411633E+00
     +2.864180E+00
     +1.564946E+00
     +1.419982E-01
     +7.894655E-01
     +9.736254E-01
     -1.687013E-01
     -6.977059E-01
     -1.721850E+00
     +2.560037E-01
     -1.851348E+00
     +1.205709E+00
     -1.896739E-01
     +1.902052E-01
     -4.844551E-01
     -8.458147E-01
     +5.271492E-01
     -2.682966E+00
     +4.317175E-02
     +1.718649E+00
     +9.504321E-01
     -3.858546E-01
     +1.835744E+00
     +3.979316E-02
     -2.567852E-01
     +3.107982E-01
     +5.431757E-01
     +1.935654E+00
     -4.680131E-02
     -4.503900E-01
     +1.939955E+00
     +3.176821E+00
     -2.043211E-02
     -2.205186E+00
     -8.809925E-01
     -7.731814E-01
     +5.772128E-01
     +3.672185E-01
     -7.977583E-01
     +7.037904E-01
     -9.680105E-01
     +1.265844E+00
     +3.983900E-01
     -4.106278E-01
     +2.393068E-01
     -6.775746E-01
     -4.736577E-01
     -2.437501E+00
     -9.260235E-01
     +2.781918E+00
     +1.308181E+00
     +3.494843E-01
     -3.343187E+00
     +3.818892E-01
     +2.266878E-01
     -1.543188E+00
     -1.738891E+00
     -1.851853E+00
     +1.923224E+00
     +1.310664E+00
     +2.068845E+00
     +4.407669E-01
     -4.520940E-01
     +9.067066E-02
     -6.982068E-02
     -7.143442E-01
     -8.482433E-01
     -9.527893E-01
     -4.493917E+00
     +8.705710E-02
     -1.684898E+00
     +1.299386E+00
     +2.769491E-01
     -1.051261E+00
     -6.110931E-01
     +1.609640E+00
     +7.868136E-02
     -2.400575E+00
     +4.974632E-01
     +1.790218E-01
     +1.560545E+00
     +5.464586E-01
     -4.257175E-01
     +3.752930E-01
     +2.733466E-01
     +8.375010E-01
     -2.039815E-01
     -9.761991E-02
     +1.015741E+00
     +2.480224E+00
     +5.567056E-01
     -1.025275E+00
     +2.335213E+00
     -1.381875E+00
     +7.738277E-02
     -1.991875E+00
     -7.601250E-01
     +2.048350E-02
     -5.029994E-01
     +7.969268E-02
     -1.892521E+00
     -3.188921E+00
     -1.351975E+00
     -4.000125E-01
     +7.830376E-01
     -1.597081E+00
     +3.292165E-01
     +5.369156E-01
     -4.362913E-01
     +1.214591E+00
     +1.647449E+00
     +5.162132E-01
     +1.717735E+00
     +2.962648E-01
     -1.613448E-01
     +7.736903E-02
     +1.032162E+00
     -2.401047E-01
     +1.299097E+00
     -7.663595E-01
     +8.109196E-01
     -2.009562E-01
     -3.484106E-02
     +5.984578E-01
     -2.211810E+00
     +1.600672E+00
     +2.327381E-01
     -1.173946E+00
     +6.864324E-01
     +3.792882E+00
     +9.401992E-01
     -3.410442E+00
     +6.207713E-02
     -3.569542E+00
     -1.417584E-01
     -1.203995E+00
     -5.370475E-01
     +1.660186E-01
     +7.465357E-01
     +7.083997E-01
     -1.159783E-01
     -3.770587E-01
     +1.766502E+00
     +7.030301E-01
     +8.170455E-02
     +7.141143E-01
     -1.742353E-01
     -7.103988E-01
     -6.361376E-01
     +1.783778E+00
     -2.747022E-01
     +9.031814E-01
     -2.132757E+00
     -8.948549E-02
     +5.824935E-01
     -1.628083E+00
     +5.727921E-03
     -1.559720E+00
     +1.265182E+00
     -1.371254E+00
     +9.663235E-02
     -1.669610E-01
     -1.755448E+00
     +4.728835E-01
     -7.238512E-01
     -3.114991E-01
     -1.028441E+00
     -3.947726E+00
     -1.464263E+00
     +6.046719E-01
     -1.326288E+00
     -1.569743E+00
     +1.026722E+00
     +6.459491E-01
     +8.226452E-01
     +1.136071E-01
     -2.290512E+00
     -1.434554E-01
     +1.183480E+00
     +2.077130E+00
     -1.510488E+00
     -3.986132E-01
     -3.379300E-01
     -2.233808E+00
     +1.110882E-01
     -2.595357E+00
     -6.076834E-01
     +1.160851E-01
     -1.724001E+00
     +1.654736E-01
     +3.935405E+00
     +6.856688E-02
     +1.114922E+00
     +1.409472E+00
     -2.596331E+00
     +1.736162E-01
     -8.016605E-01
     -2.682152E-01
     -7.719538E-01
     -5.938021E-02
     +8.613313E-01
     -2.008614E+00
     +6.013724E-01
     -1.336878E-01
     +6.345684E-01
     -1.259887E+00
     +1.722207E+00
     +3.166232E-01
     +1.982360E-02
     +1.578016E+00
     +3.664808E+00
     -5.084568E-01
     +4.081329E-01
     +1.816721E+00
     +5.364889E-01
     -1.861697E+00
     -1.420358E+00
     -6.476155E-02
     +4.164112E-01
     -2.833203E+00
     -3.365197E-01
     +9.997686E-02
     +1.594795E+00
     -1.546927E+00
     -4.482026E-01
     +4.266623E+00
     -1.895787E+00
     -1.298514E-01
     +7.855401E-01
     -5.107175E-01
     -5.025053E-01
     +8.048877E-01
     -1.409762E-01
     -3.584893E-01
     +2.012713E+00
     +8.550225E-01
     -8.153639E-01
     +2.964913E+00
     +3.632472E-01
     +1.444769E+00
     +6.861960E-01
     -3.298839E+00
     -2.369999E+00
     -1.007431E+00
     -1.008625E-01
     +3.029240E-02
     -9.492182E-01
     +5.309183E-01
     -3.172198E+00
     -2.257307E+00
     -4.857717E-01
     +3.415806E-01
     -1.590528E-01
     +6.812426E-02
     +1.124440E+00
     -5.381022E-01
     +3.358670E-01
     +3.173005E+00
     -7.955506E-02
     +2.847789E-01
     -3.801569E-01
     +1.691367E+00
     +2.035013E+00
     +1.359330E-01
     -2.968578E-01
     +1.397254E+00
     -4.904600E-01
     -5.743358E-02
     -7.400942E-01
     +6.706164E-01
     +2.047503E-01
     -3.378536E-01
     -5.635094E-01
     +6.262930E-02
     -1.708127E+00
     +4.018606E-01
     -2.656327E-01
     +1.247844E+00
     -6.463377E-02
     -6.421720E+00
     -1.054123E+00
     -9.669929E-02
     +3.490500E-01
     -9.641859E-01
     +4.856759E-01
     +2.901271E-01
     +3.557072E-02
     -1.391748E-01
     -2.628035E-01
     -2.081761E-01
     -9.770363E-01
     -3.002353E+00
     +3.554797E-01
     -1.483256E-01
     +5.405593E-01
     +2.699647E-01
     -2.328743E+00
     +3.144407E+00
     -5.023617E-01
     -5.585996E-01
     -3.105891E+00
     +6.815650E-01
     -6.342853E-01
     -3.141852E-01
     -7.189058E-01
     -3.859221E+00
     +2.242758E+00
     +3.687341E+00
     +1.408749E+00
     +6.607479E-01
     +1.566343E+00
     -1.902006E+00
     +4.560793E-01
     +7.640236E-01
     -5.047812E-01
     -2.467123E-02
     +4.622504E-01
     -2.268170E-01
     -2.499686E+00
     -1.126524E+00
     +5.658437E-01
     -2.404844E-01
     -1.307019E+00
     +4.092554E-01
     +2.179296E-01
     +1.744669E+00
     -1.901643E-01
     -3.683808E-01
     +1.836206E+00
     +1.225043E-01
     -1.255030E+00
     +2.850062E-01
     -3.174205E-01
     -1.529202E-01
     -8.090082E-01
     +7.577777E-01
     +4.717615E-01
     +1.748662E+00
     +7.719205E-02
     -1.086696E+00
     -7.493879E-01
     +9.789798E-02
     +6.840166E-02
     +9.159832E-02
     -1.551047E+00
     -1.039909E-01
     +1.183381E+00
     +2.597229E-01
     +3.866313E-01
     +2.360828E-01
     +1.679654E+00
     -5.977944E-01
     +2.281717E-01
     -2.324785E-01
     +1.230842E+00
     +1.120547E+00
     -7.477410E-02
     -1.073748E+00
     +1.812360E-01
     +6.773260E-01
     +1.955891E-01
     +1.318656E-01
     +4.179505E-01
     +4.642853E-01
     -1.626313E+00
     +9.771062E-01
     -6.758745E-01
     +3.738550E-01
     -5.174768E-01
     -1.868256E+00
     +2.225720E+00
     +1.871568E+00
     -1.331728E+00
     -4.089342E+00
     +1.476180E-01
     -6.543362E+00
     -7.383714E-01
     +5.552987E-01
     -1.861124E+00
     -9.292401E-01
     +1.394717E-01
     -2.890104E-02
     +2.439715E-01
     -7.193691E-02
     +2.543502E-01
     -2.990041E-01
     -1.611291E+00
     -1.478639E+00
     +3.228358E+00
     -2.541436E+00
     -3.416515E+00
     -3.796033E+00
     +3.389883E-01
     +6.211931E-01
     +1.077837E+00
     +2.942361E+00
     +1.005179E+00
     -6.964530E-01
     -9.218736E-02
     +1.724186E+00
     -9.541794E-01
     +1.860981E+00
     +2.282650E-01
     +5.773478E-01
     -2.395564E-01
     -4.649782E+00
     -3.338037E-03
     -8.094940E-02
     +7.064085E-01
     +5.431405E-01
     +9.082431E-01
     -7.514279E-02
     +1.390043E+00
     -6.359491E-01
     +3.532004E-01
     -8.141667E-01
     +1.182320E-01
     +2.844929E+00
     +8.155550E-01
     +2.946973E+00
     +6.397060E-02
     -1.082632E+00
     -8.461971E-01
     -5.021518E-02
     -1.293123E+00
     +3.100220E+00
     -2.838863E-01
     -1.590138E+00
     +3.382349E-01
     -1.273084E-01
     +3.093841E-01
     +1.479649E+00
     -9.614039E-01
     +1.346824E+00
     -1.378152E-01
     -4.070049E-01
     +8.744828E-01
     +1.143415E+00
     -4.759858E+00
     -1.304040E-01
     -1.167941E+00
     -3.410561E-01
     +1.480148E+00
     +3.760740E+00
     +1.826120E+00
     +3.831817E-01
     -2.789652E-01
     +9.971179E-01
     +7.009256E-01
     +6.630642E+00
     +3.120729E-01
     -8.363947E-01
     +2.079461E+00
     +4.329088E-01
     +4.188111E+00
     +1.168006E+00
     -7.862368E-01
     -3.506367E-01
     -2.488120E-01
     -1.360180E+00
     -3.196389E+00
     -3.850445E-01
     +1.294968E-01
     -7.188651E-02
     +2.403733E-01
     +7.289611E-01
     -1.382285E-01
     +5.037837E-01
     -1.091380E-01
     +6.450547E-01
     -4.929575E-01
     -2.163729E-01
     -1.221644E-01
     -4.858453E-01
     +3.946531E-01
     +4.130033E-01
     -3.019565E-01
     +1.347874E+00
     -1.424665E+00
     +2.992705E-01
     +2.096333E-02
     -8.007315E-02
     -3.828305E-01
     -3.050336E+00
     -7.091904E-02
     +1.670691E+00
     -2.508984E+00
     -1.200137E+00
     +6.716343E-01
     +6.872771E-01
     -4.572700E+00
     -2.093571E-01
     +4.094794E+00
     -1.374826E+00
     -1.132417E+00
     -2.486288E+00
     +6.933867E+00
     +4.832948E-02
     -3.405473E+00
     -4.308897E-01
     +7.302664E-02
     +9.846452E-01
     -3.761708E+00
     -1.387944E+00
     -9.151855E-01
     -6.200300E+00
     +1.595668E-01
     +2.390647E+00
     +8.534739E-01
     -3.866995E-01
     -2.750581E-02
     -1.366983E+00
     -1.103426E+00
     +1.612603E-01
     +1.883056E-01
     +2.477480E-01
     +1.089137E-01
     +8.831528E-01
     +5.056149E-01
     +4.206811E+00
     -3.621084E-01
     +8.485333E-01
     +6.917646E-02
     +1.297030E+00
     +3.847897E-01
     +2.143253E-01
     +3.469362E+00
     -4.004864E-02
     +6.225287E-01
     +2.049548E+00
     -3.447109E+00
     +1.654996E+00
     -3.608544E-01
     -1.678149E-01
     +1.464688E+00
     -6.643678E-01
     +2.666019E-01
     -3.044471E-01
     +8.961984E-01
     +2.230803E-02
     +2.493301E+00
     +9.829724E-01
     -1.480416E+00
     -1.601379E+00
     +1.087754E+00
     +8.948422E-01
     +8.929782E-01
     +2.710584E+00
     +1.803808E+00
     +4.057692E-01
     +2.565101E-01
     -2.239007E-01
     +7.379799E-01
     +3.612917E-01
     -2.038717E+00
     -1.267750E-01
     +2.381467E-01
     +9.769460E-01
     +1.177762E+00
     -1.556984E-01
     -6.494384E-02
     +8.789529E-02
     +1.118276E-01
     +2.579257E-02
     +3.788869E-01
     -2.896902E-01
     +1.251933E+00
     +7.697655E-01
     -5.605704E-01
     -8.819986E-01
     +2.514602E+00
     +1.008899E+00
     -1.899727E+00
     -1.288031E-01
     +5.288039E-01
     -2.877637E+00
     +1.616046E+00
     +1.211105E+00
     +6.483294E-02
     +2.072179E-01
     -3.577875E-01
     -3.357247E-01
