     +1.263833E-01
     -5.651406E-01
     +9.065608E-01
     +8.728765E-01
     -1.084043E+00
     +9.981643E-01
     +1.900170E-01
     +5.067948E-01
     -7.897085E-01
     +1.098671E+00
     -1.153168E-01
     -3.374274E-01
     -1.981187E+00
     +3.973338E-01
     -5.685402E-01
     -3.584013E-01
     -2.054391E+00
     -1.231980E+00
     -6.872919E-01
     +7.455218E-01
     +1.176629E+00
     -9.021580E-01
     -2.152277E+00
     -4.915650E-01
     +3.300125E-01
     -1.133261E+00
     +2.297190E-02
     +1.182561E+00
     -1.538852E+00
     +1.047158E+00
     +1.330340E+00
     +5.137655E-01
     -4.176389E-01
     +5.429220E-01
     -6.780530E-01
     -4.986800E-01
     -1.743101E+00
     +2.123516E-01
     -1.159350E+00
     +9.830991E-02
     +5.191901E-01
     +5.090687E-01
     -1.302508E+00
     -6.297493E-02
     -6.601111E-01
     +1.457223E+00
     -6.988740E-01
     -1.897649E+00
     -3.213612E-01
     +1.191293E-01
     -3.417012E-01
     +1.598399E+00
     +8.478765E-01
     -9.026667E-01
     -1.937289E-01
     -1.513440E+00
     -3.481936E-01
     -1.236065E+00
     +1.760332E+00
     -3.606394E-01
     -7.251783E-01
     -2.072723E+00
     +4.732191E-01
     -2.738420E-01
     -1.273002E+00
     +2.034430E-01
     +3.924362E-02
     -1.236515E+00
     -1.589673E+00
     -6.786066E-01
     -1.060154E+00
     -1.027540E+00
     +8.394902E-01
     -6.390847E-01
     +1.987320E-03
     -3.675458E-01
     +9.659473E-02
     +1.453600E-01
     -1.978868E-01
     -8.477509E-01
     +1.311330E-01
     -2.354120E+00
     -5.606682E-01
     +8.254341E-01
     -2.452930E-01
     +5.350296E-01
     +2.917942E-01
     +1.542891E+00
     -2.015426E+00
     +6.361470E-01
     +2.356028E-01
     -2.104958E+00
     -2.347289E+00
     +6.602950E-01
     -8.005744E-01
     +1.839814E-01
     -3.149872E-01
     -1.201411E+00
     +1.335587E-01
     -1.078424E+00
     -1.272286E-01
     -1.591791E-01
     +1.579576E-01
     +1.412438E-01
     +2.826246E+00
     +2.276368E-01
     -3.247615E-01
     -1.699227E+00
     +4.372635E-01
     +1.359107E+00
     +1.065407E+00
     +2.413944E-03
     +7.364216E-01
     +1.824706E+00
     -1.212591E+00
     +4.761207E-01
     +1.359567E-01
     -7.978460E-01
     +3.073128E-01
     +1.964523E+00
     -3.401876E-01
     +9.305397E-01
     -1.194397E+00
     -1.012443E+00
     -1.473917E+00
     +2.435212E-01
     +2.243010E+00
     +2.041081E-01
     +7.514728E-01
     +2.372303E+00
     +1.624343E+00
     -1.027185E-02
     -2.039691E-01
     -7.510600E-01
     +2.399649E+00
     -2.708609E-01
     -4.419747E-01
     -3.474866E-01
     +1.268338E+00
     +9.519469E-01
     +4.332641E-01
     +5.638717E-01
     -1.850131E+00
     +1.871232E-01
     +1.375663E+00
     -3.487551E-01
     +1.011289E+00
     -4.789822E-01
     +1.160774E+00
     -7.630542E-01
     -1.101583E+00
     +8.687223E-01
     -1.814424E+00
     -1.005019E+00
     -5.723071E-01
     -6.882007E-01
     +7.851018E-01
     +1.056788E+00
     -8.178035E-02
     +5.014541E-01
     +3.150777E-01
     -3.291544E-01
     +3.709047E-01
     +1.834581E+00
     +2.081955E-01
     -8.549651E-01
     +6.420103E-02
     +1.711820E+00
     -8.751956E-01
     -1.180850E+00
     -1.756680E-01
     +1.175727E-01
     +4.223719E-02
     +1.585104E+00
     +8.242558E-01
     +1.067095E+00
     +5.497307E-01
     -5.493500E-01
     -1.718459E+00
     -2.428116E+00
     -4.465107E-01
     +2.040556E+00
     +3.641074E-01
     +1.126132E+00
     +5.329408E-01
     -1.556263E+00
     -1.806959E+00
     +9.253542E-01
     -5.874972E-01
     -6.160100E-01
     +2.071219E-01
     +2.343339E+00
     -4.562648E-02
     -1.531137E+00
     -1.384694E-01
     -5.853147E-01
     +7.508943E-02
     +1.106005E+00
     -7.628232E-01
     +6.555110E-02
     -2.376682E-01
     -5.312130E-01
     +2.526417E-01
     -1.412004E+00
     -1.097927E+00
     +1.798792E-01
     +1.343040E-01
     +7.846613E-01
     -6.285928E-01
     +9.479892E-01
     +1.624012E+00
     +2.555581E-01
     +1.103033E+00
     +7.611345E-01
     +1.517702E+00
     -9.640357E-01
     -5.117168E-01
     -1.488584E+00
     -1.079754E-01
     -2.681612E-01
     -1.877113E-01
     +4.791740E-01
     +4.327434E-02
     -9.013829E-01
     -9.592475E-01
     +8.145357E-01
     +4.706439E-01
     +1.694106E+00
     -6.571735E-01
     -1.309434E-01
     +4.249370E-01
     +1.417358E-01
     +5.698553E-01
     +2.010656E-01
     +9.789741E-01
     -8.567679E-01
     +1.186156E+00
     +9.220704E-02
     -1.191106E+00
     +8.439886E-01
     +9.844983E-01
     -7.223763E-01
     -5.667735E-01
     +6.026652E-01
     -1.066049E+00
     +1.127678E+00
     +7.647393E-01
     +1.285729E+00
     -1.698499E+00
     +1.275808E+00
     -9.677639E-01
     -4.114092E-01
     +3.999413E-01
     -1.132112E+00
     -4.561143E-01
     +1.462725E+00
     +1.813953E+00
     -1.044213E+00
     +1.644276E+00
     +7.955282E-02
     +1.475389E+00
     -7.333918E-01
     +1.109746E+00
     -2.856770E-02
     +1.304700E+00
     +8.606850E-01
     -6.060752E-01
     -1.648096E-01
     -7.370855E-01
     -1.258783E+00
     +3.717565E-01
     +2.326835E+00
     -1.879828E+00
     -4.382532E-01
     -6.047878E-01
     -1.410317E+00
     +1.039142E+00
     +4.007414E-01
     -1.527788E+00
     -2.383642E+00
     -3.759991E-01
     -8.813484E-01
     -7.984561E-01
     +7.757090E-01
     +6.984830E-02
     -1.321195E+00
     -1.264765E-01
     +2.040552E-01
     -9.875646E-01
     +3.543244E-01
     +2.457950E-01
     -2.737176E-01
     -4.745737E-01
     +3.265917E-01
     +1.355274E+00
     +1.444065E+00
     -1.029870E+00
     -9.548450E-02
     -1.257938E+00
     -4.259167E-01
     +1.044141E-01
     -1.296417E-01
     +1.224697E+00
     +8.885733E-02
     +9.136489E-01
     +4.313471E-01
     -1.219690E+00
     -6.925135E-01
     +1.974037E+00
     -5.041790E-01
     -1.770099E+00
     +4.091230E-01
     -2.842700E+00
     -3.377755E-01
     -1.258246E+00
     +1.603014E+00
     -3.037586E-01
     -1.385047E+00
     -5.480534E-01
     +1.321130E+00
     -5.117146E-01
     +2.350002E+00
     +7.078026E-01
     -1.706694E-01
     +1.225098E-01
     +3.005315E-01
     -5.551668E-01
     +3.853573E-01
     -9.294127E-01
     -1.026644E+00
     -1.914552E+00
     -4.951851E-01
     +5.037529E-01
     -2.999694E-01
     -6.888242E-01
     +3.015114E-01
     +2.625996E-01
     +2.869790E-01
     -2.071416E-01
     +2.193525E+00
     -2.561545E-01
     -2.764801E-01
     -1.723267E+00
     +5.402985E-01
     -1.432062E+00
     -2.150759E+00
     +6.975897E-01
     +7.159924E-01
     -8.001652E-01
     -2.046490E+00
     -3.216664E-01
     +1.630469E-01
     +3.319004E-01
     -2.332046E+00
     -7.599459E-01
     -6.305869E-01
     +1.926464E-01
     +1.623555E-01
     +1.933123E-01
     +5.705838E-01
     -9.883577E-01
     -5.875805E-01
     -1.453819E+00
     -8.424162E-01
     +7.230056E-01
     +1.638271E-01
     +6.090242E-01
     -1.685877E+00
     -4.657051E-01
     -7.993748E-02
     +1.013556E+00
     -5.283734E-01
     -9.282264E-01
     -1.018589E-02
     -6.050256E-01
     +4.328832E-01
     +2.459272E-01
     -9.433214E-01
     +2.237056E-01
     +1.249248E+00
     +7.155423E-02
     +2.254545E-01
     -2.738786E-01
     -8.511898E-01
     +1.912626E+00
     +4.787380E-01
     -1.629790E+00
     -3.223469E-01
     -1.228105E+00
     -8.006016E-01
     -3.666660E-01
     -1.883659E+00
     +1.982470E-01
     -6.413263E-01
     +8.564154E-01
     +4.678953E-01
     -9.568172E-01
     -1.027651E+00
     +5.735832E-01
     -7.356642E-01
     +1.425045E+00
     -3.307502E-02
     -2.018136E+00
     -2.744419E-01
     -2.392207E-01
     +1.558746E+00
     +4.291671E-01
     -2.375175E+00
     -1.137100E+00
     +1.123460E+00
     -9.433900E-01
     -1.061985E-01
     +2.961994E+00
     +1.867504E-01
     +9.537710E-01
     +1.450872E+00
     +2.466623E-01
     -4.315965E-01
     -1.138994E+00
     +7.882688E-01
     -5.237166E-01
     +7.273042E-01
     -1.308834E-01
     +5.015372E-02
     +1.256546E-01
     -9.406603E-02
     +1.974304E-01
     -3.224001E-01
     +4.151447E-01
     +7.115540E-01
     +1.298911E+00
     +1.718366E-01
     -5.656636E-01
     +2.017353E-01
     -3.539793E-01
     +9.693724E-01
     -3.269165E-01
     -1.661598E+00
     -1.393979E+00
     +5.439388E-01
     +7.582759E-02
     +7.704934E-01
     +9.433166E-01
     -1.309149E+00
     +1.632450E+00
     -1.920230E+00
     -9.273817E-01
     -7.776316E-02
     -5.146751E-01
     -2.573873E-01
     -1.036069E+00
     +5.844305E-01
     -5.468629E-01
     -1.129602E-01
     -1.109468E-01
     +8.879758E-01
     -6.348497E-02
     +3.502089E-01
     -1.697743E+00
     +9.120699E-01
     +9.622850E-01
     -4.166135E-01
     -7.972557E-02
     -1.605186E+00
     -4.839549E-01
     -1.898768E+00
     +1.185356E+00
     +3.791846E-01
     -2.168165E-01
     -9.548200E-01
     -3.870821E-01
     -1.774745E+00
     -1.189997E+00
     -1.173317E+00
     +1.721946E+00
     +1.150851E+00
     -9.353348E-01
     +3.103984E-01
     -5.595096E-01
     -7.195941E-01
     -1.004796E+00
     -2.504329E-01
     -1.932628E-01
     -2.086526E+00
     -2.188491E+00
     -1.442633E-01
     -7.048723E-01
     +2.719061E-01
     -7.591024E-01
     +1.173738E+00
     -3.203384E-01
     +5.451144E-01
     +1.318904E-01
     -1.846858E+00
     +1.185058E+00
     +1.962272E+00
     -1.352169E-01
     -4.172006E-02
     +7.589182E-01
     -2.323762E+00
     -9.761815E-01
     +1.535247E+00
     +1.690641E-01
     -9.400692E-01
     +1.412246E+00
     +3.769555E-02
     +1.796326E+00
     -1.368901E-01
     +2.551921E-01
     -7.336632E-01
     -7.222391E-01
     +4.034947E-01
     -9.604456E-01
     +2.427602E-02
     +1.495543E+00
     -4.268606E-01
     -1.133013E+00
     +2.251721E+00
     +1.963931E+00
     +7.469293E-01
     -1.735260E-01
     -4.183917E-01
     +9.614517E-01
     +3.108702E-02
     +1.149252E+00
     -4.275778E-02
     -3.482650E-01
     +7.291227E-02
     +1.308875E-01
     +4.024919E-01
     +3.071996E-01
     -4.115890E-01
     +1.780464E-01
     -3.197227E-01
     +3.353683E-01
     +3.881063E-01
     -1.240890E+00
     -1.239978E+00
     -1.790069E+00
     +3.792921E-01
     -1.372744E-01
     -7.050630E-01
     -6.433294E-01
     +9.044829E-01
     -5.491799E-01
     +4.804689E-01
     -1.297505E+00
     +5.164202E-01
     -1.620845E+00
     +1.098655E-01
     +9.529776E-01
     -7.189206E-01
     +5.932388E-01
     -2.360781E-01
     -1.530625E+00
     -7.089346E-01
     -2.117327E-01
     -2.003104E+00
     -7.683202E-01
     +1.142472E+00
     -7.025336E-01
     -2.517601E-01
     +1.756431E-01
     +2.119180E-01
     -4.172371E-01
     -1.329402E+00
     -8.539958E-02
     -1.334248E-01
     +1.206542E+00
     -1.851121E+00
     +1.692770E-02
     +1.436741E+00
     -6.121514E-01
     +8.069038E-01
     +4.282346E-01
     -1.184180E-01
     +5.535040E-02
     +1.777643E+00
     +3.495242E-01
     +5.400389E-01
     -4.065371E-02
     -1.339655E+00
     -9.115354E-01
     +1.392191E+00
     +7.737646E-01
     -5.416156E-01
     -1.573269E+00
     +1.107935E+00
     +3.948632E-01
     +5.389677E-02
     +7.394089E-01
     +1.102095E-01
     -2.312528E+00
     +1.516541E+00
     -7.489521E-01
     -7.005645E-02
     -4.961672E-01
     +1.066782E+00
     +4.127280E-01
     +8.264355E-01
     -3.832780E-01
     -1.624825E+00
     +2.169831E-01
     +3.599662E-01
     +1.504074E-01
     -5.626039E-01
     +1.966827E-01
     +3.286923E-01
     +2.100992E+00
     +1.184578E+00
     +1.602250E-01
     -1.728512E-01
     -7.125225E-01
     -2.012743E-01
     +6.187677E-01
     +1.245973E-01
     +8.406830E-01
     +9.579916E-01
     -1.462179E+00
     -5.538564E-01
     -1.130086E+00
     -1.451343E+00
     -5.101542E-01
     +5.686771E-02
     -2.026454E+00
     -1.681351E+00
     -8.889371E-01
     +1.445958E-01
     -2.330135E-01
     -9.901106E-02
     +1.548508E+00
     -4.608425E-01
     +4.698377E-01
     -3.787548E-01
     -1.887630E-01
     +1.225200E+00
     +1.363676E-01
     +1.022850E+00
     +3.495403E-01
     -3.885977E-03
     -1.864717E+00
     -1.376765E+00
     +2.261516E-01
     -1.066077E+00
     -1.045409E-01
     -2.067883E-01
     -1.343598E+00
     -1.805189E-01
     +6.025767E-02
     -1.300672E+00
     +8.776559E-01
     +4.918951E-01
     +1.399867E+00
     +1.087475E-01
     +1.739992E+00
     +6.739724E-01
     -9.439496E-01
     -8.489551E-01
     +3.507788E-01
     +5.046092E-01
     +1.417170E-01
     -1.781089E+00
     -1.129144E+00
     -8.798778E-01
     -4.305487E-01
     +4.363578E-01
     +1.588171E+00
     -6.512519E-01
     -4.054766E-01
     +9.975965E-01
     -1.167259E+00
     -9.485563E-01
     -1.526796E+00
     +9.252355E-01
     +6.360609E-01
     -3.347562E-01
     -8.425747E-01
     +5.820571E-02
     -8.050237E-01
     -5.096324E-01
     -6.089667E-03
     -3.213442E+00
     +3.444391E-01
     +2.095597E+00
     -1.039242E+00
     -1.462073E-01
     +8.164300E-01
     -3.358484E-01
     +3.751674E-01
     -1.911399E+00
     +1.115327E+00
     -4.431078E-01
     -9.293652E-02
     -8.404499E-01
     -1.441194E+00
     +7.390670E-01
     -7.551937E-01
     +1.208567E-01
     +1.058447E+00
     -7.909782E-02
     -1.322740E+00
     -4.947761E-01
     +1.286461E-01
     +7.274846E-01
     -1.437658E+00
     -3.747900E-02
     +6.835329E-01
     +2.710230E-01
     +7.917216E-01
     +1.762754E+00
     +1.179062E+00
     +1.987005E-01
     +1.493856E-01
     +8.638262E-01
     +9.095565E-01
     -1.042684E+00
     +2.082962E+00
     +1.031461E+00
     +1.944862E+00
     +4.568486E-01
     -1.297068E+00
     +2.406617E+00
     -2.062008E+00
     +6.041250E-01
     -1.835070E+00
     +1.263607E-01
     -2.270764E-01
     -1.488845E+00
     -1.469876E+00
     +4.429026E-01
     +2.954143E-01
     +1.062545E+00
     -7.206665E-01
     -4.903861E-01
     +1.875575E+00
     -1.414886E-01
     -1.180658E+00
     +4.623269E-01
     -4.193362E-01
     -4.952741E-01
     +9.106710E-01
     -2.216872E+00
     +6.054424E-02
     +1.427680E-01
     -4.449484E-01
     -4.091476E-01
     +1.729732E-01
     +2.285608E+00
     -2.909221E-01
     +1.859111E-01
     -9.118088E-01
     -1.217921E+00
     -5.684354E-01
     +7.336028E-01
     +7.368563E-01
     -1.187260E+00
     -1.288935E+00
     +3.904378E-01
     +9.530743E-01
     +8.253238E-01
     +8.468075E-01
     +4.022702E-01
     +6.031596E-01
     +6.470041E-01
     -1.288416E+00
     +2.240856E-01
     +6.996031E-02
     -9.390780E-02
     +9.109661E-01
     -5.137664E-01
     +1.559399E+00
     +7.660227E-01
     +2.087640E-01
     +2.933542E-01
     +2.271018E+00
     +1.770084E+00
     +1.305594E-01
     +3.987457E-01
     +7.479221E-01
     +2.180413E-01
     +8.812176E-01
     +1.669731E+00
     +1.432981E+00
     -1.522539E+00
     -4.201445E-01
     -2.035333E+00
     -1.257363E-01
     -1.957700E+00
     -1.151927E+00
     -9.196147E-01
     -1.312327E+00
     +1.721227E-01
     -1.845861E-01
     +1.536690E+00
     -1.040090E+00
     +1.198396E+00
     +1.181981E+00
     -2.168454E-01
     -1.039660E+00
     -1.025899E+00
     +1.441614E+00
     +5.210959E-01
     -6.044050E-01
     -4.503286E-01
     +9.726203E-01
     -1.664493E-01
     -9.615666E-01
     -5.827944E-01
     -1.195108E+00
     +1.123007E+00
     +5.876284E-01
     -1.793120E-01
     -2.494691E-01
     +7.893232E-01
     -1.502529E+00
     -1.144295E+00
     -4.876287E-01
     -5.951185E-01
     -5.961076E-01
     +1.331229E+00
     -9.016234E-01
     +1.689443E+00
     +1.315236E-01
     +5.461452E-01
     -3.571327E-01
     -9.661570E-01
     -9.618626E-02
     +1.804787E+00
     -1.760201E-01
     -8.862631E-01
     -1.019016E+00
     -1.103151E+00
     -5.357963E-02
     +8.075691E-01
     -6.333440E-01
     -1.014431E+00
     +3.119487E-01
     +2.130800E+00
     +1.654033E+00
     +7.764467E-01
     +3.836272E-01
     +1.304351E+00
     +3.611401E-01
     +5.405987E-01
     -4.114166E-01
     +6.381408E-01
     +1.316463E+00
     +6.008967E-01
     -1.672813E-01
     -1.121532E+00
     -7.805705E-01
     -5.197176E-01
     -5.538597E-01
     -1.066937E-01
     +5.562759E-01
     -6.320159E-01
     +9.117197E-01
     +9.761153E-01
     -7.817645E-01
     -1.591522E-01
     +3.449046E-01
     +9.623842E-01
     -1.009819E+00
     +4.416871E-01
     -1.890314E+00
     +1.026521E+00
     +1.149893E+00
     +1.519146E+00
     +1.419134E+00
     -1.437798E-01
     -1.013658E+00
     +7.928439E-01
     -2.327862E-01
     +1.275332E+00
     +3.766146E-01
     -5.165265E-01
     -3.634162E-01
     +1.637694E+00
     -7.909531E-01
     +1.194701E+00
     -9.956399E-01
     -9.769743E-02
     -1.920266E+00
     +9.940206E-01
     -7.299460E-01
     +9.150383E-01
     -3.967175E-01
     -1.425773E-01
     +8.154388E-01
     -3.724188E-01
     -2.649183E+00
     +7.358505E-01
     -1.562909E-01
     +5.342437E-01
     -9.010511E-01
     +1.309173E+00
     +1.428008E-01
     +1.773758E-01
     -6.669415E-01
     -1.016961E+00
     -2.327682E+00
     +4.037764E-01
     -5.693183E-01
     -1.319499E+00
     -1.470445E+00
     -6.032878E-01
     -4.873247E-01
     -5.807068E-01
     +8.545188E-01
     -1.376502E+00
     -1.514741E+00
     +1.246546E+00
     -4.929365E-01
     +1.248837E+00
     -8.674105E-02
     -3.571736E-01
     -1.448578E+00
     -1.839838E+00
     -1.202000E+00
     +1.320914E-01
     -9.241596E-01
     +7.651913E-01
     -6.743177E-01
     -1.497801E+00
     +9.787829E-01
     -4.193520E-01
     +1.924652E+00
     -7.951482E-01
     +9.731896E-01
     -1.264261E+00
     -1.869527E-01
     -3.550417E-01
     +9.932534E-01
     +2.220005E+00
     -1.821893E+00
     -1.669549E+00
     -3.420985E-01
     +5.096048E-01
     +8.247599E-01
     -5.776216E-01
     +2.144551E-01
     -2.692591E-01
     -1.008617E+00
     -2.852875E-01
     -4.597729E-01
     -4.207816E-01
     +4.777156E-01
     +7.328567E-01
     +8.212804E-01
     -9.029647E-01
     -9.090574E-01
     +1.736920E+00
     +1.206773E+00
     -8.673978E-01
     -1.301698E+00
     -1.078388E+00
     +2.285285E+00
     +6.022680E-01
     +1.796252E-01
     -1.974410E-01
     +1.074028E+00
     +1.396530E+00
     -2.131272E-01
     +2.389837E-01
     +1.714998E-01
     -1.450768E+00
     -5.967566E-01
     +1.405777E+00
     +1.817588E+00
     -2.070128E+00
     -2.150265E-01
     +1.536120E-01
     -5.329944E-01
     +4.141569E-01
     -1.452342E+00
     -1.349293E+00
     +3.668991E-01
     -7.586187E-01
     -4.352615E-01
     -1.901779E+00
     -3.383697E-01
     -1.253371E+00
     +1.448079E+00
     -5.785051E-01
     +1.308769E+00
     -3.963487E-01
     +9.529599E-01
     +2.178849E-01
     +1.276701E+00
     +1.044779E+00
     -1.984638E-01
     -2.897931E-01
     +1.563699E+00
     -6.348077E-01
     -1.713239E+00
     -1.105218E+00
     +1.299483E+00
     +9.369877E-01
     +3.733000E-01
     +8.748997E-01
     -2.398218E+00
     +4.882640E-01
     +6.270154E-01
     -9.279503E-01
     -2.845398E+00
     +8.914034E-01
     +9.420600E-01
     +4.048125E-01
     +1.827218E-02
     -5.650890E-01
     -1.405490E+00
     +6.402069E-01
     -5.711744E-01
     -1.447244E+00
     -5.666599E-01
     +5.350731E-01
     -1.029060E-01
     -6.526662E-03
     -2.403625E+00
     -1.538060E+00
     -9.246459E-01
     +1.281898E+00
     -2.568795E-01
     +2.023637E-01
     +1.108033E+00
     +1.411510E-01
     +4.243229E-01
     -1.516725E+00
     +8.488919E-02
     -7.834635E-01
     +1.063062E+00
     -2.062509E+00
     -2.440873E-01
     -2.535548E+00
     -1.528627E+00
     -1.071423E-01
     -2.034320E-01
     +1.399724E-01
     +4.956678E-01
     +8.487680E-02
     -1.020069E-01
     -5.979718E-01
     +1.909877E-01
     -3.972134E-01
     -1.335098E+00
     +1.329935E-01
     -3.907333E-01
     -3.078357E-02
     +4.841019E-01
     +3.169797E-01
     -4.248293E-02
     +8.973268E-01
     +7.144382E-01
     -3.194360E-01
     -1.111936E+00
     +7.416531E-01
     -3.262244E-01
     -2.503863E+00
     -1.738813E-01
     -1.038530E+00
     -2.373613E-01
     -1.090925E-01
     -6.378449E-01
     -5.299467E-01
     +6.891295E-01
     -2.438092E-01
     -1.129945E+00
     -5.384114E-01
     -1.386417E+00
     -7.157485E-01
     +1.607287E+00
     -2.561542E+00
     +9.533773E-01
     +3.672291E-01
     +1.081481E+00
     -1.358788E+00
     +1.290620E+00
     -1.094019E+00
     -6.580600E-01
     -3.996180E-01
     +3.789193E-01
     -3.425154E-01
     +3.659406E-01
     -2.264975E+00
     +1.723531E+00
     +6.809429E-01
     -8.966401E-01
     -9.923245E-02
     -1.471713E-01
     +1.338919E+00
     +1.581263E-01
     +1.619941E+00
     -1.271376E+00
     +1.504078E+00
     +1.448031E+00
     +6.689780E-01
     -1.034320E+00
     -1.033248E-02
     -1.935088E+00
     -5.202786E-01
     +3.666723E-01
     +5.313804E-01
     +3.208219E-01
     +2.759222E+00
     +1.073591E+00
     -2.065921E-01
     +2.613044E-01
     -1.096594E+00
     +9.640251E-01
     -2.485070E-01
     +8.445493E-01
     -1.173721E-01
     -4.532092E-01
     +5.099575E-01
     +8.015108E-01
     +6.452704E-01
     -3.731357E-01
     -1.282341E+00
     +5.619821E-01
     +4.583955E-01
     -4.058038E-03
     -4.367393E-01
     -1.667477E+00
     -1.247587E+00
     -1.274273E+00
     -1.253169E+00
     -4.789694E-01
     +2.166159E+00
     +4.760911E-01
     +5.407335E-01
     -3.184765E-01
     -1.358961E+00
     -3.954010E-01
     -1.677423E+00
     +9.091344E-01
     +1.054054E+00
     -1.409360E+00
     +5.925923E-01
     +3.374084E-01
     +6.134114E-02
     -7.089884E-01
     -7.052428E-01
     -4.004289E-01
     -7.231713E-01
     +6.298060E-01
     +1.080151E+00
     -1.447695E-01
     +1.960596E-01
     -4.553465E-01
     +3.481157E-01
     -1.267608E+00
     +4.085292E-01
     -8.692790E-01
     -1.749222E+00
     -4.450909E-01
     +4.702073E-01
     +3.545640E-01
     +1.863032E-01
     -8.818740E-01
     +2.785448E-01
     +2.295827E-01
     -5.220540E-01
     +3.729719E-01
     +1.569817E+00
     +2.325680E-01
     -7.145431E-01
     +2.152635E-01
     -8.505951E-01
     -2.370064E-01
     +2.378802E-01
     +3.246299E-01
     +3.636035E-02
     -2.320778E-01
     -6.632943E-01
     -5.658222E-01
     +1.912201E-01
     -5.814226E-02
     +1.683075E-02
     +6.417842E-01
     -1.239567E+00
     -8.685312E-01
     +1.296667E+00
     -5.971185E-01
     +1.239726E-01
     +1.878880E-01
     -2.526261E-01
     +3.204706E-01
     -1.886204E+00
     +1.286471E-01
     -5.591753E-01
     -4.193093E-01
     +2.100956E-01
     +8.935734E-01
     -1.298964E+00
     +5.138169E-01
     -7.279613E-02
     -1.916297E+00
     -1.557863E-01
     +1.750330E+00
     -5.214484E-01
