     +1.453782E-01
     -8.574342E-01
     +6.163368E-01
     +1.187337E+00
     -9.240025E-01
     +1.075383E+00
     +2.815026E-01
     +7.190704E-01
     -1.158620E+00
     +1.351302E+00
     -1.541475E-01
     -3.013541E-01
     -1.481827E+00
     +6.749888E-01
     -1.019389E+00
     -5.129611E-01
     -3.772827E+00
     -1.055117E+00
     -7.423895E-01
     +1.092731E+00
     +1.005057E+00
     -1.243450E+00
     -2.148349E+00
     -6.215494E-01
     +2.872951E-01
     -1.899303E+00
     +1.903597E-02
     +1.293062E+00
     -1.971299E+00
     +1.470839E+00
     +1.144142E+00
     +4.259690E-01
     -3.172221E-01
     +3.864979E-01
     -5.286391E-01
     -4.986771E-01
     -1.300489E+00
     +2.231567E-01
     -8.385282E-01
     +1.267104E-01
     +8.098257E-01
     +4.354459E-01
     -9.980512E-01
     -8.043502E-02
     -6.334617E-01
     +1.317101E+00
     -5.528066E-01
     -1.398276E+00
     -2.949182E-01
     +1.962517E-01
     -3.551196E-01
     +1.470354E+00
     +1.391661E+00
     -8.773780E-01
     -2.122338E-01
     -2.114740E+00
     -2.375528E-01
     -1.658800E+00
     +2.467331E+00
     -3.376507E-01
     -1.002718E+00
     -1.793834E+00
     +7.830145E-01
     -2.392089E-01
     -2.367337E+00
     +1.560735E-01
     +7.046111E-02
     -1.632737E+00
     -1.798551E+00
     -5.295227E-01
     -1.519306E+00
     -1.325110E+00
     +7.470591E-01
     -6.058723E-01
     +1.481519E-03
     -4.217791E-01
     +1.670629E-01
     +1.720872E-01
     -3.255232E-01
     -9.128454E-01
     +2.176669E-01
     -1.961354E+00
     -7.190609E-01
     +6.609080E-01
     -1.720100E-01
     +8.439591E-01
     +5.322822E-01
     +2.027184E+00
     -2.475174E+00
     +1.207637E+00
     +2.515372E-01
     -1.624959E+00
     -3.686783E+00
     +5.278305E-01
     -7.961116E-01
     +1.305232E-01
     -5.948362E-01
     -1.321778E+00
     +1.556753E-01
     -1.587338E+00
     -1.046355E-01
     -1.562011E-01
     +1.376130E-01
     +2.352435E-01
     +1.959229E+00
     +1.866943E-01
     -2.339622E-01
     -1.626686E+00
     +4.034549E-01
     +2.025740E+00
     +1.317477E+00
     +3.916710E-03
     +8.420183E-01
     +1.299157E+00
     -1.451977E+00
     +8.311349E-01
     +1.633453E-01
     -8.214361E-01
     +2.087527E-01
     +2.885245E+00
     -2.698354E-01
     +9.469413E-01
     -1.293836E+00
     -8.012854E-01
     -1.665491E+00
     +1.899260E-01
     +4.358233E+00
     +1.862175E-01
     +6.425561E-01
     +3.536834E+00
     +1.302760E+00
     -1.641114E-02
     -1.655775E-01
     -1.008719E+00
     +2.667855E+00
     -2.095601E-01
     -7.643295E-01
     -6.411098E-01
     +1.316949E+00
     +6.606867E-01
     +5.298821E-01
     +4.932837E-01
     -1.365928E+00
     +2.008586E-01
     +1.304900E+00
     -6.789716E-01
     +1.594332E+00
     -3.838325E-01
     +1.294250E+00
     -8.729499E-01
     -1.096709E+00
     +7.418698E-01
     -2.154347E+00
     -1.645355E+00
     -9.483483E-01
     -5.954738E-01
     +5.925538E-01
     +1.021069E+00
     -1.574929E-01
     +6.748341E-01
     +4.285069E-01
     -3.717913E-01
     +2.610483E-01
     +1.909655E+00
     +2.454580E-01
     -7.753590E-01
     +5.847805E-02
     +1.368572E+00
     -9.854607E-01
     -2.218814E+00
     -2.052668E-01
     +9.357284E-02
     +3.727597E-02
     +2.114180E+00
     +1.170202E+00
     +1.589197E+00
     +6.254452E-01
     -3.941279E-01
     -2.639330E+00
     -2.013767E+00
     -7.598696E-01
     +2.087813E+00
     +2.614544E-01
     +7.605882E-01
     +4.191493E-01
     -3.052927E+00
     -1.223406E+00
     +6.865281E-01
     -6.243447E-01
     -6.961586E-01
     +1.979384E-01
     +1.990717E+00
     -3.632298E-02
     -1.887313E+00
     -9.243001E-02
     -7.517446E-01
     +5.675845E-02
     +1.115460E+00
     -9.918563E-01
     +4.903729E-02
     -1.599030E-01
     -5.194225E-01
     +2.394124E-01
     -9.559493E-01
     -1.604039E+00
     +2.049768E-01
     +9.474703E-02
     +6.526273E-01
     -8.332028E-01
     +1.067704E+00
     +2.646079E+00
     +2.135352E-01
     +1.648760E+00
     +5.114418E-01
     +1.062294E+00
     -9.659635E-01
     -3.779004E-01
     -1.915655E+00
     -1.205046E-01
     -1.848803E-01
     -1.353450E-01
     +7.124083E-01
     +3.465291E-02
     -6.538409E-01
     -6.983484E-01
     +6.341766E-01
     +4.984802E-01
     +2.353355E+00
     -1.234447E+00
     -1.017059E-01
     +3.367323E-01
     +1.017649E-01
     +6.907382E-01
     +3.595728E-01
     +1.393434E+00
     -9.607113E-01
     +7.967453E-01
     +6.523696E-02
     -2.292905E+00
     +6.478018E-01
     +9.126482E-01
     -1.263220E+00
     -5.306575E-01
     +5.560913E-01
     -9.744978E-01
     +2.120354E+00
     +7.434488E-01
     +8.849462E-01
     -2.533057E+00
     +9.189124E-01
     -9.990014E-01
     -3.285432E-01
     +2.971181E-01
     -1.678542E+00
     -4.869321E-01
     +1.101002E+00
     +3.392239E+00
     -9.675030E-01
     +1.375229E+00
     +6.315759E-02
     +1.476055E+00
     -1.241378E+00
     +8.827828E-01
     -3.206697E-02
     +1.600843E+00
     +6.776918E-01
     -4.599066E-01
     -1.504598E-01
     -5.017051E-01
     -2.463169E+00
     +6.931873E-01
     +2.592921E+00
     -2.166358E+00
     -5.099706E-01
     -7.002928E-01
     -1.026957E+00
     +1.839282E+00
     +6.683723E-01
     -1.026554E+00
     -3.542286E+00
     -3.323869E-01
     -5.995858E-01
     -9.700134E-01
     +5.446077E-01
     +1.125398E-01
     -1.949405E+00
     -9.806884E-02
     +2.998239E-01
     -1.925329E+00
     +4.039635E-01
     +2.337776E-01
     -3.464221E-01
     -8.794560E-01
     +2.250262E-01
     +1.093101E+00
     +2.451700E+00
     -8.390369E-01
     -7.808378E-02
     -1.175782E+00
     -3.518222E-01
     +8.165207E-02
     -1.645995E-01
     +1.013534E+00
     +1.128195E-01
     +6.841325E-01
     +3.972789E-01
     -2.395523E+00
     -5.710808E-01
     +2.996176E+00
     -3.411554E-01
     -2.681940E+00
     +3.010919E-01
     -4.058000E+00
     -3.358977E-01
     -1.079609E+00
     +1.148195E+00
     -3.101189E-01
     -1.117065E+00
     -1.085382E+00
     +1.288828E+00
     -9.614188E-01
     +3.142201E+00
     +6.750900E-01
     -2.857673E-01
     +9.149024E-02
     +4.329313E-01
     -8.881102E-01
     +5.844936E-01
     -1.453766E+00
     -1.011974E+00
     -1.710309E+00
     -3.934534E-01
     +4.185630E-01
     -3.790798E-01
     -5.615094E-01
     +2.141573E-01
     +1.868134E-01
     +1.971913E-01
     -1.460700E-01
     +2.043020E+00
     -1.862104E-01
     -2.400903E-01
     -2.345454E+00
     +5.192266E-01
     -1.286484E+00
     -1.779873E+00
     +5.652820E-01
     +4.912654E-01
     -5.887326E-01
     -2.982195E+00
     -3.812904E-01
     +1.181380E-01
     +2.358343E-01
     -1.897989E+00
     -5.931695E-01
     -4.825421E-01
     +3.801732E-01
     +2.156596E-01
     +1.990071E-01
     +9.958953E-01
     -1.486364E+00
     -7.383444E-01
     -1.117962E+00
     -7.442110E-01
     +9.706027E-01
     +2.404199E-01
     +4.130439E-01
     -2.255025E+00
     -8.029228E-01
     -6.472866E-02
     +1.337762E+00
     -3.587318E-01
     -1.143769E+00
     -8.460513E-03
     -4.456124E-01
     +4.281839E-01
     +1.760126E-01
     -9.821640E-01
     +3.243564E-01
     +2.330908E+00
     +5.543267E-02
     +1.573463E-01
     -2.143072E-01
     -6.742339E-01
     +1.411903E+00
     +4.553865E-01
     -1.106538E+00
     -2.623878E-01
     -1.369848E+00
     -1.274051E+00
     -2.822264E-01
     -1.987018E+00
     +1.341611E-01
     -5.808769E-01
     +7.480145E-01
     +3.267823E-01
     -1.203791E+00
     -1.103359E+00
     +6.791787E-01
     -1.265439E+00
     +9.729365E-01
     -4.754469E-02
     -2.288001E+00
     -2.656042E-01
     -3.581666E-01
     +1.758352E+00
     +3.751572E-01
     -2.206967E+00
     -1.226724E+00
     +8.864850E-01
     -7.160875E-01
     -2.114539E-01
     +3.486638E+00
     +1.490324E-01
     +1.466837E+00
     +1.457330E+00
     +2.167798E-01
     -3.349954E-01
     -1.154805E+00
     +9.138033E-01
     -3.994980E-01
     +8.189615E-01
     -1.816302E-01
     +3.542345E-02
     +8.867169E-02
     -6.343890E-02
     +2.067134E-01
     -2.481159E-01
     +6.768347E-01
     +1.178821E+00
     +9.594924E-01
     +1.388972E-01
     -6.569193E-01
     +1.770535E-01
     -2.889484E-01
     +1.517624E+00
     -2.786224E-01
     -2.716203E+00
     -1.130030E+00
     +5.814251E-01
     +9.227882E-02
     +1.350239E+00
     +8.412928E-01
     -1.291012E+00
     +1.268475E+00
     -1.961691E+00
     -7.314058E-01
     -8.105164E-02
     -4.294102E-01
     -1.974996E-01
     -1.499387E+00
     +6.956966E-01
     -5.617597E-01
     -1.336516E-01
     -1.077951E-01
     +9.716470E-01
     -5.090105E-02
     +6.127324E-01
     -1.293615E+00
     +8.851318E-01
     +1.214874E+00
     -5.015082E-01
     -5.795884E-02
     -1.271730E+00
     -8.949764E-01
     -1.460801E+00
     +1.586329E+00
     +3.958042E-01
     -2.557133E-01
     -7.187110E-01
     -3.041651E-01
     -1.470269E+00
     -1.603777E+00
     -9.704488E-01
     +1.244025E+00
     +8.168709E-01
     -1.838685E+00
     +5.244888E-01
     -8.637666E-01
     -7.503343E-01
     -7.568206E-01
     -1.731645E-01
     -1.546400E-01
     -2.463311E+00
     -1.462957E+00
     -1.340505E-01
     -6.189228E-01
     +3.078500E-01
     -6.351880E-01
     +1.248078E+00
     -5.747894E-01
     +1.047626E+00
     +1.249126E-01
     -3.690948E+00
     +2.236261E+00
     +2.443259E+00
     -1.161048E-01
     -4.378871E-02
     +8.580330E-01
     -2.496389E+00
     -1.257904E+00
     +1.025995E+00
     +1.656771E-01
     -9.561908E-01
     +1.149868E+00
     +3.684961E-02
     +1.586979E+00
     -2.066732E-01
     +3.167086E-01
     -1.247672E+00
     -5.005781E-01
     +2.836443E-01
     -1.466249E+00
     +2.338942E-02
     +1.335875E+00
     -3.619273E-01
     -1.408497E+00
     +1.525504E+00
     +3.211704E+00
     +5.974298E-01
     -1.201549E-01
     -5.929362E-01
     +1.004111E+00
     +4.725326E-02
     +8.376034E-01
     -4.556415E-02
     -2.711570E-01
     +5.402244E-02
     +2.102121E-01
     +4.165926E-01
     +2.654546E-01
     -7.509427E-01
     +1.316163E-01
     -2.533430E-01
     +2.570596E-01
     +4.287691E-01
     -1.926100E+00
     -1.342270E+00
     -2.884273E+00
     +3.661613E-01
     -1.938080E-01
     -8.901881E-01
     -7.223088E-01
     +1.524310E+00
     -5.174508E-01
     +3.374399E-01
     -1.686690E+00
     +4.603509E-01
     -3.139271E+00
     +7.424660E-02
     +8.116033E-01
     -7.331951E-01
     +4.969417E-01
     -3.132746E-01
     -2.825799E+00
     -6.096427E-01
     -3.196776E-01
     -1.440672E+00
     -1.223470E+00
     +1.801541E+00
     -4.778978E-01
     -2.033248E-01
     +1.923002E-01
     +1.602005E-01
     -5.409820E-01
     -2.251473E+00
     -6.505146E-02
     -8.927269E-02
     +1.719565E+00
     -1.692976E+00
     +2.644168E-02
     +1.337192E+00
     -9.671805E-01
     +1.081077E+00
     +3.065812E-01
     -8.065569E-02
     +4.543577E-02
     +1.295373E+00
     +4.922587E-01
     +4.262869E-01
     -4.300226E-02
     -2.475612E+00
     -7.534039E-01
     +1.440439E+00
     +8.022504E-01
     -5.487520E-01
     -1.462090E+00
     +1.075441E+00
     +5.565214E-01
     +7.069496E-02
     +7.069243E-01
     +1.982185E-01
     -2.017056E+00
     +1.727496E+00
     -8.585100E-01
     -8.890462E-02
     -4.532517E-01
     +1.932780E+00
     +3.989501E-01
     +8.122890E-01
     -5.581739E-01
     -2.509875E+00
     +1.887345E-01
     +4.312068E-01
     +2.242713E-01
     -4.588466E-01
     +3.248030E-01
     +2.451226E-01
     +3.352956E+00
     +1.613528E+00
     +2.722390E-01
     -3.350047E-01
     -1.094945E+00
     -3.400205E-01
     +1.111219E+00
     +2.073247E-01
     +6.530540E-01
     +1.014571E+00
     -2.352766E+00
     -5.275925E-01
     -1.045487E+00
     -1.307955E+00
     -3.956364E-01
     +3.804882E-02
     -3.845272E+00
     -3.138266E+00
     -1.083527E+00
     +9.684511E-02
     -3.141926E-01
     -7.392664E-02
     +1.679111E+00
     -3.223294E-01
     +8.128850E-01
     -5.363387E-01
     -1.577731E-01
     +1.933712E+00
     +1.362186E-01
     +8.059211E-01
     +2.544077E-01
     -5.201628E-03
     -1.496865E+00
     -1.131890E+00
     +4.061364E-01
     -7.559664E-01
     -7.629386E-02
     -1.623564E-01
     -1.745841E+00
     -2.054398E-01
     +4.595404E-02
     -9.967579E-01
     +1.187747E+00
     +6.555803E-01
     +1.461270E+00
     +1.438976E-01
     +1.346441E+00
     +5.784076E-01
     -1.012218E+00
     -7.972113E-01
     +6.410541E-01
     +4.337084E-01
     +9.951706E-02
     -2.371800E+00
     -8.769941E-01
     -9.092484E-01
     -8.495623E-01
     +6.465797E-01
     +2.602942E+00
     -6.160281E-01
     -3.559872E-01
     +7.741220E-01
     -1.178660E+00
     -9.480677E-01
     -1.297521E+00
     +1.637525E+00
     +8.060064E-01
     -5.178696E-01
     -7.322372E-01
     +5.543525E-02
     -7.468148E-01
     -4.623579E-01
     -1.075308E-02
     -2.330059E+00
     +5.941212E-01
     +2.141011E+00
     -1.701742E+00
     -1.946532E-01
     +1.526716E+00
     -3.272275E-01
     +4.591617E-01
     -1.880827E+00
     +8.313333E-01
     -6.376426E-01
     -1.447626E-01
     -5.782790E-01
     -1.385268E+00
     +9.502618E-01
     -6.702598E-01
     +8.307427E-02
     +1.041086E+00
     -6.430902E-02
     -2.272017E+00
     -4.256976E-01
     +9.351287E-02
     +4.988199E-01
     -1.849540E+00
     -4.341410E-02
     +4.855035E-01
     +2.400980E-01
     +5.635087E-01
     +2.037679E+00
     +1.002377E+00
     +2.419282E-01
     +1.492076E-01
     +1.149860E+00
     +1.645422E+00
     -9.425394E-01
     +2.516200E+00
     +7.129498E-01
     +1.948702E+00
     +7.585132E-01
     -2.038218E+00
     +4.059009E+00
     -1.869035E+00
     +7.618569E-01
     -1.572601E+00
     +1.160158E-01
     -2.459075E-01
     -1.029860E+00
     -1.304360E+00
     +2.963415E-01
     +2.561481E-01
     +7.226922E-01
     -8.374145E-01
     -3.510092E-01
     +1.711470E+00
     -1.471164E-01
     -1.003602E+00
     +7.482008E-01
     -3.413249E-01
     -8.998638E-01
     +1.784784E+00
     -1.689402E+00
     +8.367630E-02
     +1.176739E-01
     -3.442064E-01
     -4.380480E-01
     +1.480045E-01
     +1.968632E+00
     -2.666631E-01
     +2.659110E-01
     -7.277479E-01
     -1.577299E+00
     -9.071123E-01
     +9.661614E-01
     +8.386575E-01
     -9.269685E-01
     -1.095798E+00
     +2.816403E-01
     +1.771357E+00
     +9.365068E-01
     +5.857390E-01
     +3.832982E-01
     +4.418566E-01
     +5.050977E-01
     -1.320539E+00
     +3.577915E-01
     +1.192573E-01
     -9.247570E-02
     +1.084279E+00
     -4.385905E-01
     +2.460713E+00
     +7.894186E-01
     +1.637176E-01
     +3.847987E-01
     +1.657081E+00
     +3.226595E+00
     +8.852047E-02
     +4.696632E-01
     +5.776036E-01
     +4.291221E-01
     +9.500821E-01
     +1.162333E+00
     +1.753437E+00
     -1.734846E+00
     -6.521330E-01
     -2.910946E+00
     -2.048887E-01
     -1.566889E+00
     -1.544108E+00
     -1.403252E+00
     -1.240905E+00
     +1.243706E-01
     -1.579326E-01
     +1.239328E+00
     -1.234030E+00
     +1.808930E+00
     +1.039480E+00
     -1.697132E-01
     -1.086468E+00
     -1.393826E+00
     +1.667809E+00
     +5.471750E-01
     -4.289597E-01
     -4.746821E-01
     +1.031887E+00
     -1.491156E-01
     -1.503715E+00
     -3.979647E-01
     -1.146942E+00
     +1.098627E+00
     +4.680678E-01
     -1.647137E-01
     -2.549672E-01
     +6.051064E-01
     -1.767847E+00
     -1.756699E+00
     -6.279902E-01
     -6.490844E-01
     -5.436769E-01
     +1.420343E+00
     -6.152297E-01
     +1.692916E+00
     +1.054370E-01
     +5.889303E-01
     -2.758914E-01
     -8.952859E-01
     -6.440587E-02
     +1.204399E+00
     -1.281217E-01
     -9.459030E-01
     -8.582245E-01
     -1.021123E+00
     -4.267849E-02
     +1.074853E+00
     -7.367858E-01
     -1.095023E+00
     +2.991778E-01
     +2.477633E+00
     +3.041193E+00
     +6.256824E-01
     +3.598623E-01
     +1.383224E+00
     +4.053235E-01
     +4.349259E-01
     -4.324619E-01
     +6.950951E-01
     +1.129939E+00
     +7.511815E-01
     -2.098486E-01
     -7.698297E-01
     -1.062063E+00
     -9.507440E-01
     -3.865823E-01
     -9.568937E-02
     +6.392341E-01
     -4.442614E-01
     +8.614748E-01
     +7.707504E-01
     -6.334401E-01
     -2.710717E-01
     +4.485019E-01
     +9.668627E-01
     -1.271015E+00
     +3.953672E-01
     -3.583764E+00
     +7.903552E-01
     +2.109043E+00
     +2.104639E+00
     +2.106266E+00
     -1.019444E-01
     -1.789534E+00
     +5.721166E-01
     -1.735803E-01
     +1.548459E+00
     +2.626705E-01
     -3.667932E-01
     -3.968002E-01
     +1.313928E+00
     -9.917439E-01
     +9.163084E-01
     -6.646116E-01
     -8.539847E-02
     -2.692440E+00
     +7.810226E-01
     -7.374461E-01
     +1.055951E+00
     -4.707355E-01
     -1.034063E-01
     +7.715966E-01
     -6.127062E-01
     -4.984507E+00
     +6.168307E-01
     -1.900074E-01
     +3.957157E-01
     -1.411645E+00
     +1.181620E+00
     +1.673041E-01
     +2.434144E-01
     -8.512380E-01
     -1.056505E+00
     -1.866630E+00
     +6.089877E-01
     -3.950455E-01
     -1.287784E+00
     -1.392379E+00
     -1.165730E+00
     -6.993740E-01
     -7.109467E-01
     +1.039881E+00
     -1.455294E+00
     -1.341212E+00
     +2.080809E+00
     -4.126117E-01
     +8.797190E-01
     -8.960470E-02
     -2.438165E-01
     -1.675882E+00
     -3.647329E+00
     -1.387989E+00
     +1.004888E-01
     -9.628002E-01
     +8.886075E-01
     -1.105800E+00
     -1.950425E+00
     +7.309657E-01
     -4.078889E-01
     +1.565554E+00
     -5.768029E-01
     +7.907776E-01
     -1.687021E+00
     -1.678030E-01
     -2.404053E-01
     +1.256716E+00
     +4.193283E+00
     -1.250838E+00
     -2.232852E+00
     -3.902883E-01
     +8.831776E-01
     +5.523372E-01
     -1.009360E+00
     +4.104394E-01
     -2.528446E-01
     -7.244939E-01
     -2.761587E-01
     -5.596734E-01
     -6.105298E-01
     +3.957906E-01
     +5.690499E-01
     +8.756516E-01
     -7.994106E-01
     -1.351602E+00
     +2.641844E+00
     +1.937660E+00
     -8.002026E-01
     -9.605803E-01
     -9.709633E-01
     +2.045930E+00
     +1.171260E+00
     +1.835786E-01
     -1.769001E-01
     +7.469171E-01
     +1.068898E+00
     -2.630670E-01
     +3.872384E-01
     +1.568691E-01
     -1.313007E+00
     -4.042364E-01
     +1.048537E+00
     +1.264895E+00
     -3.232454E+00
     -1.911372E-01
     +1.592146E-01
     -4.352064E-01
     +3.270468E-01
     -2.710427E+00
     -2.534047E+00
     +2.501178E-01
     -6.130724E-01
     -3.480583E-01
     -1.293594E+00
     -2.420099E-01
     -9.490100E-01
     +2.805703E+00
     -5.585468E-01
     +2.421402E+00
     -2.742991E-01
     +1.285789E+00
     +2.560539E-01
     +1.133685E+00
     +7.610850E-01
     -2.685561E-01
     -3.953330E-01
     +1.257996E+00
     -7.724658E-01
     -2.519043E+00
     -1.053209E+00
     +1.666396E+00
     +1.004667E+00
     +2.831785E-01
     +9.970247E-01
     -2.179675E+00
     +7.687532E-01
     +4.713878E-01
     -1.053256E+00
     -5.344266E+00
     +1.272079E+00
     +7.151230E-01
     +4.936860E-01
     +2.098241E-02
     -7.296428E-01
     -1.001331E+00
     +6.280496E-01
     -4.503512E-01
     -1.429769E+00
     -4.766274E-01
     +7.854657E-01
     -1.678137E-01
     -5.895527E-03
     -4.347027E+00
     -1.264370E+00
     -7.518521E-01
     +1.252903E+00
     -4.320824E-01
     +3.238835E-01
     +1.376451E+00
     +1.556779E-01
     +3.140269E-01
     -1.397857E+00
     +6.081552E-02
     -8.552514E-01
     +7.532421E-01
     -3.822039E+00
     -1.987452E-01
     -4.117544E+00
     -1.045928E+00
     -8.737225E-02
     -1.934292E-01
     +1.217457E-01
     +4.453145E-01
     +1.001309E-01
     -1.086997E-01
     -9.742365E-01
     +2.929424E-01
     -2.845895E-01
     -1.749556E+00
     +2.440140E-01
     -3.694182E-01
     -3.731086E-02
     +4.565804E-01
     +2.405563E-01
     -8.327789E-02
     +5.997153E-01
     +1.004637E+00
     -5.705183E-01
     -8.481048E-01
     +6.757763E-01
     -3.606346E-01
     -4.577357E+00
     -3.009077E-01
     -1.106219E+00
     -2.031058E-01
     -9.892019E-02
     -4.856049E-01
     -4.212332E-01
     +7.806787E-01
     -2.257202E-01
     -8.512448E-01
     -3.998756E-01
     -1.350915E+00
     -9.986025E-01
     +1.454386E+00
     -1.933301E+00
     +8.716851E-01
     +3.097579E-01
     +2.098119E+00
     -1.372169E+00
     +1.852705E+00
     -2.112099E+00
     -1.073577E+00
     -6.659920E-01
     +2.814850E-01
     -6.069763E-01
     +2.551095E-01
     -1.537847E+00
     +3.134082E+00
     +5.549189E-01
     -1.768809E+00
     -9.131310E-02
     -2.785356E-01
     +2.422919E+00
     +2.537867E-01
     +2.218191E+00
     -1.132248E+00
     +1.490236E+00
     +2.043785E+00
     +4.722335E-01
     -2.049894E+00
     -6.962983E-03
     -1.342249E+00
     -5.737672E-01
     +5.025153E-01
     +9.324939E-01
     +4.372736E-01
     +2.317623E+00
     +1.450013E+00
     -3.527639E-01
     +2.552168E-01
     -7.952379E-01
     +1.046217E+00
     -4.434673E-01
     +7.844129E-01
     -2.277398E-01
     -5.219402E-01
     +7.666603E-01
     +5.644652E-01
     +5.192450E-01
     -4.338011E-01
     -1.801596E+00
     +4.371342E-01
     +4.334639E-01
     -6.128717E-03
     -7.087104E-01
     -2.269660E+00
     -1.506930E+00
     -8.798376E-01
     -1.106997E+00
     -3.390681E-01
     +3.751314E+00
     +8.931861E-01
     +8.520310E-01
     -5.514209E-01
     -1.206732E+00
     -3.603070E-01
     -1.586025E+00
     +7.632781E-01
     +7.684950E-01
     -9.995297E-01
     +4.459093E-01
     +4.701872E-01
     +4.484854E-02
     -7.021029E-01
     -7.042557E-01
     -3.108888E-01
     -5.572929E-01
     +4.740772E-01
     +1.144060E+00
     -1.177894E-01
     +1.928957E-01
     -6.313703E-01
     +2.689572E-01
     -1.542834E+00
     +6.450654E-01
     -6.710620E-01
     -2.651245E+00
     -3.523458E-01
     +5.535997E-01
     +3.401515E-01
     +1.341840E-01
     -8.622193E-01
     +2.168093E-01
     +4.204185E-01
     -1.033380E+00
     +3.177079E-01
     +1.153909E+00
     +1.659820E-01
     -5.243572E-01
     +1.914043E-01
     -7.675730E-01
     -1.619541E-01
     +2.920519E-01
     +2.395028E-01
     +2.803068E-02
     -2.426688E-01
     -1.164593E+00
     -4.231472E-01
     +1.782969E-01
     -4.777719E-02
     +1.848207E-02
     +1.174962E+00
     -9.785018E-01
     -6.763975E-01
     +9.715643E-01
     -5.546237E-01
     +1.371236E-01
     +1.285800E-01
     -2.432411E-01
     +3.319692E-01
     -2.451353E+00
     +1.002350E-01
     -4.967055E-01
     -5.890111E-01
     +3.414696E-01
     +8.133731E-01
     -2.170240E+00
     +4.875281E-01
     -6.535403E-02
     -1.592581E+00
     -1.058094E-01
     +2.222636E+00
     -1.001505E+00
